#band: central wavelength of the passband of the observation in nm
#ph: phase of the observation when folded with ogle period
#mag: observed magnitude
#mag_e: error of mag
#hjd_2450000: heliocentric julian date - 2450000
#ph1: phase when folding on ogle period of fundamental radial mode
#ph2: phase when folding on ogle period of first overtone radial mode
#processing: which processing was done to get the datapoint
band,ph,mag,mag_e,hjd_2450000,ph1,ph2,processing
810,0.001513574374257587,17.182,0.024,7857.87177,0.001513574374257587,0.5376555519360409,raw
810,0.0037880349227634724,17.173,0.012,7484.84704,0.0037880349227634724,0.6591231147613144,raw
810,0.004672494622354861,17.148,0.009,6120.67946,0.004672494622354861,0.7828023443671555,raw
810,0.005547318120079581,17.116,0.012,7226.54573,0.005547318120079581,0.16741526097030146,raw
810,0.006271385362197179,17.116,0.013,7561.67795,0.006271385362197179,0.9960391058630194,raw
810,0.007681090090045473,17.18,0.01,6760.69913,0.007681090090045473,0.7482192767074594,raw
810,0.007783866676618345,17.159,0.015,6100.517,0.007783866676618345,0.6564552115014521,raw
810,0.009246843790606363,17.131,0.011,7080.88281,0.009246843790606363,0.6027722408871341,raw
810,0.009643165038141888,17.171,0.015,6797.89807,0.009643165038141888,0.3146213632899162,raw
810,0.010694661861634813,17.104,0.011,6114.77155,0.010694661861634813,0.1461212305675872,raw
810,0.011785940387198934,17.117,0.012,6151.62254,0.011785940387198934,0.9682781960236753,raw
810,0.012436916302249301,17.116,0.01,7071.84509,0.012436916302249301,0.2716067973033205,raw
810,0.012695511744823307,17.18,0.013,7638.51023,0.012695511744823307,0.3358854484940821,raw
810,0.014612483508244622,17.172,0.014,6835.79335,0.014612483508244622,0.3704548269197403,raw
810,0.015758961662868387,17.138,0.012,5378.80404,0.015758961662868387,0.9537699614156736,raw
810,0.016362147579400244,17.1519375,0.03070351193530267,NaN,NaN,NaN,raw
810,0.01642414738307707,17.131,0.01,6117.55472,0.01642414738307707,0.09916245419663028,raw
810,0.017084615679777926,17.164,0.009,6067.84139,0.017084615679777926,0.7651969206908689,raw
810,0.017201485214684453,17.15090625,0.030211469062314922,NaN,NaN,NaN,raw
810,0.017977959203733462,17.15071875,0.030088294128254884,NaN,NaN,NaN,raw
810,0.01817034259875072,17.169,0.01,6785.73338,0.01817034259875072,0.2950461872587766,raw
810,0.018325845045183087,17.101,0.01,5680.91041,0.018325845045183087,0.1419922155328095,raw
810,0.018742907501803074,17.15140625,0.03027493307309922,NaN,NaN,NaN,raw
810,0.01879833545172005,17.169,0.014,6571.58288,0.01879833545172005,0.23939218092345982,raw
810,0.01951998914688602,17.15446875,0.03150932721612583,NaN,NaN,NaN,raw
810,0.020293109341366744,17.15746875,0.0322890017977756,NaN,NaN,NaN,raw
810,0.020596594935341273,17.132,0.011,7924.62668,0.020596594935341273,0.32258464705591905,raw
810,0.02107740016134585,17.156937499999998,0.03204526788073973,NaN,NaN,NaN,raw
810,0.02188660758002925,17.157062500000002,0.03206137008321519,NaN,NaN,NaN,raw
810,0.022667447524497675,17.1595,0.0329682153870426,NaN,NaN,NaN,raw
810,0.023171043456386542,17.243,0.014,6707.86213,0.023171043456386542,0.7329025217495655,raw
810,0.023331781088927528,17.147,0.011,7109.74243,0.023331781088927528,0.3318464829480945,raw
810,0.023439889948690507,17.15925,0.03290847522957369,NaN,NaN,NaN,raw
810,0.024154511553206248,17.166,0.011,5327.70281,0.024154511553206248,0.6511658200361126,raw
810,0.024155547085683793,17.109,0.009,6068.88679,0.024155547085683793,0.0012476452902774327,raw
810,0.0241937449264924,17.162312500000002,0.032152296361073564,NaN,NaN,NaN,raw
810,0.02445162304866244,17.131,0.012,5978.84625,0.02445162304866244,0.4096896672162984,raw
810,0.024918674213267877,17.162906250000002,0.031456431082556045,NaN,NaN,NaN,raw
810,0.025375432975124568,17.183,0.01,6010.83012,0.025375432975124568,0.8213557175113237,raw
810,0.025634620796154195,17.16490625,0.03039456591393858,NaN,NaN,NaN,raw
810,0.026131659251404926,17.164,0.014,7307.5547,0.026131659251404926,0.4409622932198545,raw
810,0.026152858899877174,17.142,0.013,7435.83655,0.026152858899877174,0.8284920860187412,raw
810,0.026351700891495966,17.16496875,0.030428641404800134,NaN,NaN,NaN,raw
810,0.02680533058810397,17.163,0.009,6104.69538,0.02680533058810397,0.5937707143239095,raw
810,0.027059550186663728,17.164375,0.030472356589686573,NaN,NaN,NaN,raw
810,0.027740537664215026,17.16515625,0.03009244828106168,NaN,NaN,NaN,raw
810,0.028044719001627527,17.185,0.017,7258.5371,0.028044719001627527,0.5951233817013417,raw
810,0.028282086033868836,17.16,0.016,5841.52691,0.028282086033868836,0.6914863876609161,raw
810,0.028372378703352297,17.149,0.015,6134.59359,0.028372378703352297,0.5443294810265797,raw
810,0.028437261278668302,17.16615625,0.029445531316587142,NaN,NaN,NaN,raw
810,0.028635202572331764,17.167,0.011,6888.64061,0.028635202572331764,0.40771713423600886,raw
810,0.029122380997819164,17.165781250000002,0.029550104388222108,NaN,NaN,NaN,raw
810,0.029150840160582447,17.17,0.011,6562.54765,0.029150840160582447,0.9135527047255891,raw
810,0.029777305779816743,17.166625000000003,0.030026601109575085,NaN,NaN,NaN,raw
810,0.0304139307627338,17.214,0.014,6912.62889,0.0304139307627338,0.7172741228350787,raw
810,0.030438701740081342,17.16975,0.028119560405869406,NaN,NaN,NaN,raw
810,0.03101123158558039,17.212,0.014,6844.83788,0.03101123158558039,0.7161864704594336,raw
810,0.03109678615419398,17.17034375,0.028303207814320747,NaN,NaN,NaN,raw
810,0.03171679138245054,17.170499999999997,0.028097755621538996,NaN,NaN,NaN,raw
810,0.032279860308449315,17.169125,0.02538065049116814,NaN,NaN,NaN,raw
810,0.03277839632937685,17.163,0.011,6008.74681,0.03277839632937685,0.3652749493212468,raw
810,0.032838692720702056,17.1684375,0.026281279366904556,NaN,NaN,NaN,raw
810,0.03337871116389124,17.170156249999998,0.02786732318707514,NaN,NaN,NaN,raw
810,0.03367850407448714,17.163,0.014,6844.49116,0.03367850407448714,0.9745722488860338,raw
810,0.033937685602268175,17.172687500000002,0.02572990916825109,NaN,NaN,NaN,raw
810,0.03423372201359598,17.209,0.014,6070.62853,0.03423372201359598,0.7267297469388723,raw
810,0.034361322612312506,17.163,0.012,5351.69402,0.034361322612312506,0.9669899108212121,raw
810,0.034508375399468605,17.173375,0.024859281384781495,NaN,NaN,NaN,raw
810,0.0348180211512954,17.202,0.016,6585.49434,0.0348180211512954,0.9952083405078156,raw
810,0.034983677564014215,17.136,0.009,6857.70221,0.034983677564014215,0.23225153453131497,raw
810,0.03507787595253831,17.1733125,0.024836806064465568,NaN,NaN,NaN,raw
810,0.035347206954611465,17.18,0.011,6164.49368,0.035347206954611465,0.49890946004961734,raw
810,0.03563029831161657,17.17121875,0.028238311170144956,NaN,NaN,NaN,raw
810,0.03564207479575998,17.182,0.011,6020.91546,0.03564207479575998,0.393320338544072,raw
810,0.03572433906136273,17.16702975132396,0.023731424946164065,NaN,NaN,NaN,raw
810,0.03572433906136273,17.16702975132396,0.023656206294361666,NaN,NaN,NaN,raw
810,0.03572433906136273,17.167029751323955,0.023581698372929543,NaN,NaN,NaN,raw
810,0.03620187891840487,17.17065625,0.02900790701437867,NaN,NaN,NaN,raw
810,0.036776769273501486,17.171468750000003,0.029150316077520593,NaN,NaN,NaN,raw
810,0.037263660953613,17.153,0.01,6381.77389,0.037263660953613,0.2488339019000705,raw
550,0.0372797404670564,18.909,0.018,6862.57007,0.0372797404670564,0.6443252673088864,raw
810,0.03731665467955736,17.17078125,0.029080238689839985,NaN,NaN,NaN,raw
810,0.037550560944509925,17.163,0.01,7159.80858,0.037550560944509925,0.4204737886466319,raw
810,0.03785603580291763,17.17159375,0.029132466507982315,NaN,NaN,NaN,raw
810,0.038403467471255226,17.17278125,0.028955733038665332,NaN,NaN,NaN,raw
810,0.03871930304558191,17.163,0.011,5298.85315,0.03871930304558191,0.9433954475171049,raw
810,0.03896343249698475,17.1733125,0.029002155092337615,NaN,NaN,NaN,raw
810,0.0390084466926055,17.152,0.012,6871.6095,0.0390084466926055,0.9791483029512165,raw
810,0.03912793562267325,17.196,0.012,7183.79679,0.03912793562267325,0.7298810512565979,raw
810,0.03949051577365026,17.201,0.014,6100.87567,0.03949051577365026,0.42362979863901273,raw
810,0.039529396778789305,17.17275,0.029242037791398057,NaN,NaN,NaN,raw
810,0.03985703670332441,17.188,0.01,6119.64875,0.03985703670332441,0.57817268839608,raw
810,0.04005761087205428,17.1714375,0.028256814764675252,NaN,NaN,NaN,raw
810,0.04043676223955117,17.137,0.011,5736.54166,0.04043676223955117,0.13404967951100843,raw
810,0.04060588660706799,17.1695,0.02750131961643246,NaN,NaN,NaN,raw
810,0.04110771350201503,17.170312499999998,0.027686537429565315,NaN,NaN,NaN,raw
810,0.041189249088347424,17.199,0.01,5708.73014,0.041189249088347424,0.6468013074063492,raw
810,0.04121441828101524,17.125,0.011,6012.92151,0.04121441828101524,0.2947191429175291,raw
810,0.041435101735260105,17.221,0.016,5826.58265,0.041435101735260105,0.7265701818123489,raw
810,0.041583654784403734,17.168406249999997,0.030192777789484232,NaN,NaN,NaN,raw
810,0.042042729113745736,17.19,0.014,7838.76526,0.042042729113745736,0.6699249894190871,raw
810,0.0420529675810144,17.16734375,0.02930331851184204,NaN,NaN,NaN,raw
810,0.042520571569411914,17.1685,0.02985124409791925,NaN,NaN,NaN,raw
810,0.0427136965590762,17.153,0.009,6747.84836,0.0427136965590762,0.2611582759855082,raw
810,0.042992884892896654,17.16834375,0.029682849805580506,NaN,NaN,NaN,raw
810,0.043503503924966935,17.170625,0.029921132892128093,NaN,NaN,NaN,raw
810,0.04359945067335502,17.181,0.01,6831.63166,0.04359945067335502,0.4688382781769178,raw
810,0.043809174741909374,17.097,0.01,6159.62956,0.043809174741909374,0.09483537306550716,raw
810,0.04401965118972839,17.17128125,0.030360452177983388,NaN,NaN,NaN,raw
810,0.044443438317102846,17.124,0.016,5759.83542,0.044443438317102846,0.9580681668212492,raw
810,0.044529012661200795,17.1715,0.030465210195533998,NaN,NaN,NaN,raw
810,0.04499723419348811,17.17121875,0.030682278561768212,NaN,NaN,NaN,raw
810,0.0452018219511956,17.189,0.011,7499.81027,0.0452018219511956,0.6646150641026907,raw
810,0.04532105199541547,17.163,0.009,7452.87793,0.04532105199541547,0.27902785908554506,raw
810,0.04546045334950577,17.170250000000003,0.03143041469249074,NaN,NaN,NaN,raw
810,0.04554228198139754,17.186,0.016,5320.7573,0.04554228198139754,0.7951177348932106,raw
810,0.045890192090155324,17.187,0.015,6368.91394,0.045890192090155324,0.7421374069635931,raw
810,0.045892515745720175,17.172031250000003,0.03259970747444452,NaN,NaN,NaN,raw
810,0.04631657164298986,17.172625,0.032395489530727635,NaN,NaN,NaN,raw
810,0.04655408339567657,17.184,0.013,5659.71374,0.04655408339567657,0.8035291271589813,raw
810,0.0467489432606385,17.171,0.03248920416225634,NaN,NaN,NaN,raw
550,0.04699386823995155,18.868,0.022,6491.63381,0.04699386823995155,0.23291054278524825,raw
810,0.047201580570288115,17.168999999999997,0.032552686822362877,NaN,NaN,NaN,raw
810,0.04726169717832818,17.152,0.012,7119.83252,0.04726169717832818,0.9139710819217726,raw
810,0.0473167817472131,17.172,0.01,6895.60005,0.0473167817472131,0.2935606915361859,raw
810,0.04773195741603331,17.16996875,0.033581373845553764,NaN,NaN,NaN,raw
810,0.04825925463165959,17.1716875,0.03324536106373443,NaN,NaN,NaN,raw
810,0.0485560551060189,17.15,0.017,5842.5769,0.0485560551060189,0.9373548593666783,raw
810,0.0487755349336112,17.17184375,0.03338930616423521,NaN,NaN,NaN,raw
810,0.04883685696768225,17.189,0.013,6813.90347,0.04883685696768225,0.5492552522282494,raw
810,0.04890862511092564,17.102,0.01,7444.88329,0.04890862511092564,0.17895079298068595,raw
810,0.049251731505137286,17.175,0.013,5614.86818,0.049251731505137286,0.881444821588957,raw
810,0.04929156893695108,17.17453125,0.03295547766403205,NaN,NaN,NaN,raw
810,0.04932465024103294,17.2,0.019,5369.77688,0.04932465024103294,0.6451917530066567,raw
810,0.049813944677111976,17.174,0.03231298550518142,NaN,NaN,NaN,raw
810,0.04993204750280711,17.197,0.013,6444.70245,0.04993204750280711,0.8494195016392041,raw
810,0.05033414058573271,17.173156249999998,0.032234132755762604,NaN,NaN,NaN,raw
810,0.05084001378510944,17.173935993975903,0.03203198284965508,NaN,NaN,NaN,raw
810,0.0513234865902632,17.209,0.01,5297.81459,0.0513234865902632,0.7219750911554002,raw
810,0.05133918887729037,17.173846385542166,0.03201559069231743,NaN,NaN,NaN,raw
550,0.05164460709541648,18.892,0.021377558326432483,NaN,NaN,NaN,raw
810,0.051837355452829845,17.176783885542168,0.028897870212174742,NaN,NaN,NaN,raw
810,0.0518639194269781,17.201,0.015,6881.69574,0.0518639194269781,0.5530379724368686,raw
810,0.051941641882876866,17.189,0.012,5690.65622,0.051941641882876866,0.9877216131808382,raw
810,0.05224674998680712,17.144,0.016,7275.58023,0.05224674998680712,0.049402304537579766,raw
810,0.052329571312765485,17.177565135542167,0.027739553953481808,NaN,NaN,NaN,raw
810,0.05237357393707498,17.132,0.014,6174.58137,0.05237357393707498,0.07590059648646275,raw
810,0.052545299724442884,17.22,0.019,5788.69296,0.052545299724442884,0.6826934080145293,raw
810,0.05257823540523532,17.171,0.01,5741.76059,0.05257823540523532,0.29704203471555957,raw
810,0.05279931365333515,17.177241340361448,0.027662137612426994,NaN,NaN,NaN,raw
810,0.052963827387429774,17.144,0.013,7648.606,0.052963827387429774,0.9301592421452369,raw
810,0.05328582548627728,17.177745105421685,0.027540939636639946,NaN,NaN,NaN,raw
810,0.053549943411653644,17.174565920028368,0.020900574181248938,NaN,NaN,NaN,raw
810,0.05378584115246442,17.177543486445785,0.02750214717181461,NaN,NaN,NaN,raw
810,0.05397490968243801,17.137,0.011,6796.87054,0.05397490968243801,0.11679354518309992,raw
810,0.05427623314514905,17.178762236445785,0.028769656886342157,NaN,NaN,NaN,raw
810,0.05475149216264073,17.17866848644578,0.028756923456272954,NaN,NaN,NaN,raw
810,0.0552183651831903,17.17954988704819,0.028342418028816832,NaN,NaN,NaN,raw
810,0.05569668135838053,17.17951863704819,0.028351560789614073,NaN,NaN,NaN,raw
810,0.056143534931274566,17.180465549698795,0.027835177824625443,NaN,NaN,NaN,raw
810,0.056602058408904865,17.18019182981928,0.027791578519588033,NaN,NaN,NaN,raw
810,0.056829095767170656,17.219,0.012,6040.73872,0.056829095767170656,0.7941380991269398,raw
810,0.05707125974199445,17.18166057981928,0.024582621505072497,NaN,NaN,NaN,raw
810,0.05731027313959203,17.192,0.011,7895.78472,0.05731027313959203,0.6312841335129633,raw
810,0.05753731816445985,17.181832266566268,0.0245537711972588,NaN,NaN,NaN,raw
810,0.05771021875079896,17.204,0.02,5339.88213,0.05771021875079896,0.7020337281319371,raw
810,0.05772750638789148,17.211,0.01,6569.51053,0.05772750638789148,0.8067542249991675,raw
810,0.05801618626400874,17.179863516566265,0.025555349428993505,NaN,NaN,NaN,raw
810,0.05815112542040879,17.204,0.017,6221.51576,0.05815112542040879,0.46587263408946455,raw
810,0.05848158856020555,17.179355986445785,0.02536460101876483,NaN,NaN,NaN,raw
810,0.058688998189609265,17.163,0.011,7807.83044,0.058688998189609265,0.5021168046660023,raw
810,0.05890163893913137,17.17795180722891,0.03328932984550162,NaN,NaN,NaN,raw
810,0.05890504399247484,17.177949736445782,0.024911462616308166,NaN,NaN,NaN,raw
810,0.05933060002858867,17.17733546686747,0.02456468597923841,NaN,NaN,NaN,raw
810,0.059573053623144995,17.17813253012048,0.03339271235476641,NaN,NaN,NaN,raw
810,0.05975050515917246,17.191,0.01,7220.65457,0.05975050515917246,0.5665614378140162,raw
810,0.059774103911572896,17.177116528614455,0.02448847273361822,NaN,NaN,NaN,raw
810,0.06019434583504335,17.149,0.012,6841.7192,0.06019434583504335,0.045508573202823754,raw
810,0.060213589420848423,17.17808527861446,0.023737807177501565,NaN,NaN,NaN,raw
810,0.06023357684942487,17.178638554216867,0.03394633137254468,NaN,NaN,NaN,raw
810,0.060663998899878474,17.179667921686747,0.022204889170455475,NaN,NaN,NaN,raw
810,0.060889430649563495,17.17912048192771,0.03407634835691889,NaN,NaN,NaN,raw
810,0.061120333383593656,17.178511671686746,0.020965728678825457,NaN,NaN,NaN,raw
810,0.06154278329938597,17.179548192771083,0.033723035419817166,NaN,NaN,NaN,raw
810,0.061579619853711715,17.178199171686746,0.021154976219131594,NaN,NaN,NaN,raw
810,0.061582735856063664,17.226,0.017,5791.47728,0.061582735856063664,0.6381944157765247,raw
810,0.061762371955410345,17.181,0.01,5987.89805,0.061762371955410345,0.7709714243665076,raw
810,0.06203209952017828,17.179414909638552,0.020223569306995693,NaN,NaN,NaN,raw
810,0.06220163383591445,17.180204819277105,0.03353885454979924,NaN,NaN,NaN,raw
810,0.0624718960487317,17.181352409638553,0.018959380711422162,NaN,NaN,NaN,raw
810,0.06262289935330045,17.171,0.014,7966.70661,0.06262289935330045,0.3291447843912465,raw
810,0.0628237416172267,17.18023173945783,0.017678912192199556,NaN,NaN,NaN,raw
810,0.06285536943862799,17.180301204819276,0.033561245666107485,NaN,NaN,NaN,raw
810,0.06316070852338795,17.17845048945783,0.019256125186779913,NaN,NaN,NaN,raw
810,0.06350503587956499,17.177808734939756,0.018711671585518487,NaN,NaN,NaN,raw
810,0.06350960825185178,17.180240963855418,0.033608653417236026,NaN,NaN,NaN,raw
810,0.06386546136915403,17.177464984939757,0.01817561036640111,NaN,NaN,NaN,raw
810,0.0639230677697924,17.149,0.009,6019.88235,0.0639230677697924,0.18355722003252595,raw
810,0.06416560102403003,17.180493975903612,0.03339311251576166,NaN,NaN,NaN,raw
810,0.06421595141327978,17.176828689759034,0.017562778843131954,NaN,NaN,NaN,raw
810,0.06456948606293554,17.177473832831325,0.017416984842507668,NaN,NaN,NaN,raw
810,0.06464842942659743,17.137,0.009,6064.7291,0.06464842942659743,0.10818686744642037,raw
810,0.06482492098110519,17.180759036144575,0.03349177750250749,NaN,NaN,NaN,raw
810,0.06487406042288058,17.164,0.012,6213.52221,0.06487406042288058,0.3681270155520906,raw
810,0.06493613142350385,17.177652861445782,0.017451465948212376,NaN,NaN,NaN,raw
810,0.06530175400958188,17.177845444277107,0.017490888944957733,NaN,NaN,NaN,raw
810,0.06548171258262038,17.181343373493977,0.03298681350046098,NaN,NaN,NaN,raw
810,0.06566572026481782,17.17759544427711,0.0173534362006435,NaN,NaN,NaN,raw
810,0.06603199245756947,17.17870576054217,0.01658442216704099,NaN,NaN,NaN,raw
810,0.0661337661383723,17.181993975903612,0.03277443515690171,NaN,NaN,NaN,raw
810,0.06631028628362401,17.175,0.011,5660.76355,0.06631028628362401,0.049012589173798915,raw
810,0.06639852610003318,17.177467055722893,0.01800875884786581,NaN,NaN,NaN,raw
810,0.06675181663336317,17.17755704066265,0.018024474315454134,NaN,NaN,NaN,raw
810,0.06678667726603646,17.18264457831325,0.03252747371353533,NaN,NaN,NaN,raw
810,0.06708879786772176,17.178102409638555,0.01834778549671835,NaN,NaN,NaN,raw
810,0.0671480032033287,17.183,0.013,5817.55276,0.0671480032033287,0.41215265976279625,raw
810,0.0672754024490132,17.161,0.01,6016.75469,0.0672754024490132,0.4936716171068838,raw
810,0.06743044354648081,17.175758659638554,0.016752908661680003,NaN,NaN,NaN,raw
810,0.06744317671435998,17.18290361445783,0.03267715890540726,NaN,NaN,NaN,raw
810,0.06776772129326383,17.17587763554217,0.016804771208145865,NaN,NaN,NaN,raw
550,0.06792069252818085,18.877,0.01915724406066862,NaN,NaN,NaN,raw
810,0.06804839859614731,17.199,0.015,7824.86841,0.06804839859614731,0.9453587830430479,raw
810,0.06808815395901087,17.183138554216868,0.03273843198453655,NaN,NaN,NaN,raw
810,0.06809321413675207,17.135,0.011,6102.62385,0.06809321413675207,0.16288669143432344,raw
810,0.06809329840471051,17.17537123493976,0.01691397396395593,NaN,NaN,NaN,raw
810,0.06842338527935365,17.175798192771083,0.016972413392459813,NaN,NaN,NaN,raw
810,0.0687286941484639,17.183463855421685,0.03255496825952935,NaN,NaN,NaN,raw
810,0.06876395159623488,17.17657003012048,0.017728555681054668,NaN,NaN,NaN,raw
810,0.06908601845052079,17.17672891566265,0.017785209034295903,NaN,NaN,NaN,raw
810,0.06926112205474055,17.2,0.012,6058.8207,0.06926112205474055,0.47045767171402986,raw
810,0.06936680683243304,17.183638554216866,0.03234888534944568,NaN,NaN,NaN,raw
810,0.06941207990641476,17.17879141566265,0.018285708860739727,NaN,NaN,NaN,raw
810,0.06973326803216856,17.1789484186747,0.01832233081776416,NaN,NaN,NaN,raw
810,0.07000210697859359,17.183644578313253,0.03234529895311761,NaN,NaN,NaN,raw
810,0.07005915342828774,17.180483433734942,0.01667846785232812,NaN,NaN,NaN,raw
810,0.07038738691270113,17.17983471385542,0.017066604145083358,NaN,NaN,NaN,raw
810,0.0706342904773174,17.183680722891562,0.03233218476372215,NaN,NaN,NaN,raw
550,0.07066021257924149,18.899,0.015,7568.65328,0.07066021257924149,0.9158704630626744,raw
810,0.07072596776062193,17.18054743975904,0.016858960275730663,NaN,NaN,NaN,raw
810,0.07106330693571808,17.18200545933735,0.01883206469154859,NaN,NaN,NaN,raw
810,0.07120708600050193,17.18211024795194,0.01396730530703415,NaN,NaN,NaN,raw
810,0.07120708600050193,17.182110247951943,0.013923313684984295,NaN,NaN,NaN,raw
810,0.07120708600050195,17.18211024795194,0.014011716564758006,NaN,NaN,NaN,raw
810,0.07127297637764213,17.18429518072289,0.03171468794075161,NaN,NaN,NaN,raw
810,0.07138220779513657,17.182159638554218,0.018852153317221537,NaN,NaN,NaN,raw
810,0.07139742532672244,17.183,0.013,7906.91433,0.07139742532672244,0.4368824738667172,raw
810,0.07171375253882414,17.18228463855422,0.018816376804179785,NaN,NaN,NaN,raw
810,0.07191505600309599,17.184530120481927,0.031745135575591124,NaN,NaN,NaN,raw
810,0.07196265340826358,17.139,0.009,7576.64962,0.07196265340826358,0.01958373180059425,raw
810,0.07203188263513627,17.182432417168677,0.018837852402604164,NaN,NaN,NaN,raw
810,0.07219472771612345,17.182,0.01,7199.80006,0.07219472771612345,0.9599589921890583,raw
810,0.07232618279886083,17.197,0.015,5840.49928,0.07232618279886083,0.4934446752831718,raw
810,0.07234474105341948,17.182463667168676,0.018839653696113467,NaN,NaN,NaN,raw
810,0.07251539757635328,17.151,0.012,6113.7501,0.07251539757635328,0.9612981842310546,raw
810,0.07255525985246676,17.184807228915663,0.03148350518829205,NaN,NaN,NaN,raw
810,0.07262010140220809,17.164,0.011,5654.85574,0.07262010140220809,0.4125453696487966,raw
810,0.07266762554357856,17.183301204819276,0.018446314759847413,NaN,NaN,NaN,raw
810,0.07300534723298799,17.18345971385542,0.018464572094711876,NaN,NaN,NaN,raw
810,0.07318567934188135,17.184662650602412,0.03126902896358729,NaN,NaN,NaN,raw
810,0.07332506785098278,17.181584713855422,0.019831401268561488,NaN,NaN,NaN,raw
810,0.07366248824656718,17.18174642319277,0.019865548705684816,NaN,NaN,NaN,raw
810,0.07375349157882738,17.205,0.016,7557.87729,0.07375349157882738,0.8666450490854913,raw
810,0.07381574758900054,17.185325301204823,0.031629525306599876,NaN,NaN,NaN,raw
810,0.07401273279903176,17.182558923192772,0.018367135605338786,NaN,NaN,NaN,raw
810,0.07434502606606477,17.182575677710844,0.018368232216795108,NaN,NaN,NaN,raw
810,0.07435703435839969,17.215,0.012,6839.63824,0.07435703435839969,0.594454320418663,raw
810,0.07444362104815151,17.18551807228916,0.03160853795120742,NaN,NaN,NaN,raw
810,0.07466569478490581,17.18221592620482,0.01812711131102681,NaN,NaN,NaN,raw
810,0.07498436719383043,17.18213347138554,0.018126432440407906,NaN,NaN,NaN,raw
810,0.07507676210241106,17.186120481927713,0.031090053984128625,NaN,NaN,NaN,raw
810,0.07530177733652575,17.182295368975904,0.018163462561707942,NaN,NaN,NaN,raw
810,0.07532839248233358,17.16,0.013,6197.53407,0.07532839248233358,0.17041127804441203,raw
810,0.07561038411663448,17.182742846385544,0.018373860479259888,NaN,NaN,NaN,raw
810,0.0757086475563461,17.186807228915658,0.031124172747950214,NaN,NaN,NaN,raw
810,0.07590799345546756,17.182897213855423,0.018408041907241542,NaN,NaN,NaN,raw
810,0.07621410203642526,17.18386596385542,0.01921178880656132,NaN,NaN,NaN,raw
810,0.07627656618569745,17.228,0.01,6729.78237,0.07627656618569745,0.6190403975688241,raw
810,0.07633859363976439,17.18692771084337,0.031148046539275113,NaN,NaN,NaN,raw
810,0.07651152636438804,17.184024096385542,0.0192382390873361,NaN,NaN,NaN,raw
810,0.07681875137874125,17.186586596385542,0.018494400487713232,NaN,NaN,NaN,raw
810,0.07691971808162634,17.179,0.009,6723.87259,0.07691971808162634,0.9783594608743442,raw
810,0.07696684034802395,17.1873734939759,0.03134682269660975,NaN,NaN,NaN,raw
810,0.0771270979057881,17.186828124999998,0.018483033965043832,NaN,NaN,NaN,raw
810,0.07715947258839151,17.184,0.011,5296.78063,0.07715947258839151,0.5103938713309617,raw
810,0.07745096029043726,17.18660033885542,0.018398353306804362,NaN,NaN,NaN,raw
810,0.07760770613410375,17.187801204819277,0.031208044782486306,NaN,NaN,NaN,raw
810,0.0777780869423764,17.18841283885542,0.0176184628501202,NaN,NaN,NaN,raw
810,0.07810433914363557,17.187168862951808,0.01921430259461596,NaN,NaN,NaN,raw
810,0.07825027077546198,17.187975903614458,0.031149483542044568,NaN,NaN,NaN,raw
810,0.07827945837198058,17.139,0.01,6837.55372,0.07827945837198058,0.13578543153198552,raw
810,0.07843581197528238,17.18648136295181,0.020425456223436434,NaN,NaN,NaN,raw
810,0.07875213683206161,17.186653049698798,0.02043276442599409,NaN,NaN,NaN,raw
810,0.07888560661771167,17.188313253012048,0.03141913244981838,NaN,NaN,NaN,raw
810,0.07907006620295845,17.186206513554218,0.020173368106823564,NaN,NaN,NaN,raw
810,0.07930103981561842,17.161,0.013,5639.90923,0.07930103981561842,0.44281654266887926,raw
810,0.07936207869352074,17.184,0.011,6374.83558,0.07936207869352074,0.40818620437494246,raw
810,0.07940539554142075,17.18636972891566,0.02018713211274358,NaN,NaN,NaN,raw
810,0.07952252105765348,17.18848795180723,0.03134127648225347,NaN,NaN,NaN,raw
810,0.07956432391802082,17.181,0.011,7225.52852,0.07956432391802082,0.9916613317855081,raw
810,0.07972417411253414,17.18530722891566,0.019515209913761385,NaN,NaN,NaN,raw
810,0.08005920899638903,17.18549397590361,0.019545861172891026,NaN,NaN,NaN,raw
810,0.08015923154484388,17.18882530120482,0.031214791922375643,NaN,NaN,NaN,raw
810,0.08038106797196021,17.186240210843373,0.020020629953006706,NaN,NaN,NaN,raw
810,0.08050970744079677,17.198,0.011,6127.65877,0.08050970744079677,0.7111466936112265,raw
810,0.08070776505819396,17.187232868975904,0.019457180269765745,NaN,NaN,NaN,raw
810,0.08079647522030077,17.189234939759036,0.03137242925355117,NaN,NaN,NaN,raw
810,0.08104188050852595,17.187391942771082,0.01947438888733083,NaN,NaN,NaN,raw
810,0.08119289991736878,17.214,0.011,6505.55159,0.08119289991736878,0.0022448203890235163,raw
810,0.08136325510180992,17.187360692771083,0.019407812805029352,NaN,NaN,NaN,raw
810,0.08143263449790494,17.18959036144578,0.031487192642003246,NaN,NaN,NaN,raw
810,0.0816969549681027,17.187524472891567,0.01942614631923212,NaN,NaN,NaN,raw
810,0.08179385386756621,17.221,0.009,6367.88348,0.08179385386756621,0.5380424866762041,raw
810,0.08198104303444545,17.189659230522565,0.02357296120220004,NaN,NaN,NaN,raw
810,0.08198104303444545,17.18965923052257,0.023554155486241252,NaN,NaN,NaN,raw
810,0.08203179560295853,17.187937688253015,0.01937954906708354,NaN,NaN,NaN,raw
810,0.08206181658162283,17.18972891566265,0.03164546031924774,NaN,NaN,NaN,raw
810,0.0823719408448845,17.188894766566264,0.02009388198578062,NaN,NaN,NaN,raw
810,0.08268977910763378,17.189710843373494,0.03163351890119539,NaN,NaN,NaN,raw
810,0.08271829525760341,17.189169427710844,0.020084884691661108,NaN,NaN,NaN,raw
810,0.08298345043840527,17.209,0.011,5662.85523,0.08298345043840527,0.5229963079709705,raw
810,0.08299533029276063,17.145,0.011,5725.77939,0.08299533029276063,0.11417055972015078,raw
810,0.08306028187376784,17.19076939006024,0.02192713603936786,NaN,NaN,NaN,raw
810,0.0832272320149059,17.142,0.014,5688.92886,0.0832272320149059,0.29299750791687984,raw
810,0.08330807475881721,17.190156626506024,0.031775913091412276,NaN,NaN,NaN,raw
810,0.08339151215413819,17.190944465361447,0.02192647816106866,NaN,NaN,NaN,raw
810,0.08373271827092464,17.19116321536145,0.021420618659119574,NaN,NaN,NaN,raw
810,0.08392723144752601,17.190710843373495,0.032100044414386984,NaN,NaN,NaN,raw
810,0.08406302302583105,17.191338478915664,0.021419492133435872,NaN,NaN,NaN,raw
810,0.08438884447550923,17.191869728915663,0.020845897258408255,NaN,NaN,NaN,raw
810,0.08454628641979377,17.190548192771082,0.03207520655431549,NaN,NaN,NaN,raw
810,0.08455794863402843,17.181,0.012,7181.7267,0.08455794863402843,0.3020771058909304,raw
810,0.0847236247812869,17.192194653614457,0.020800258546871852,NaN,NaN,NaN,raw
810,0.08507284713868568,17.192383471385543,0.020792948031063595,NaN,NaN,NaN,raw
810,0.08516473733150809,17.191493975903615,0.03353925732141573,NaN,NaN,NaN,raw
810,0.08537624932068866,17.21,0.012,6825.73618,0.08537624932068866,0.8587442224470578,raw
550,0.0854010253957919,18.908333333333335,0.04966219219218255,NaN,NaN,NaN,raw
810,0.08544027763395527,17.19282680722892,0.020693409237799845,NaN,NaN,NaN,raw
810,0.08578269924181363,17.191765060240964,0.033805489723577296,NaN,NaN,NaN,raw
810,0.08580149073830648,17.19351976656627,0.02092507330917586,NaN,NaN,NaN,raw
550,0.08610799676534953,18.864,0.015,7848.86235,0.08610799676534953,0.2670221874686831,raw
810,0.08615887905181782,17.193438441265062,0.02091215233339078,NaN,NaN,NaN,raw
810,0.08640034196696982,17.191897590361446,0.033628204165113654,NaN,NaN,NaN,raw
810,0.08652672768158984,17.193648343373496,0.020902306764639802,NaN,NaN,NaN,raw
810,0.08656055317078426,17.227,0.011,5422.63221,0.08656055317078426,0.699715328111779,raw
810,0.08688451849644982,17.194398343373496,0.022054901282970385,NaN,NaN,NaN,raw
810,0.08701698936113327,17.192168674698795,0.033712984380037975,NaN,NaN,NaN,raw
810,0.08725184559657409,17.194600903614457,0.02203907908332837,NaN,NaN,NaN,raw
550,0.08743168540755267,18.92032754811326,0.03661624038712807,NaN,NaN,NaN,raw
550,0.08743168540755267,18.920327548113264,0.035284292115354485,NaN,NaN,NaN,raw
550,0.08743168540755267,18.920327548113264,0.034087864684413556,NaN,NaN,NaN,raw
810,0.08761081127315665,17.193725903614457,0.0215065645000858,NaN,NaN,NaN,raw
810,0.0876346183970135,17.192222891566264,0.03370376770702011,NaN,NaN,NaN,raw
810,0.0878514880896546,17.218,0.012,7933.68889,0.0878514880896546,0.7061327979718044,raw
810,0.08797785673070074,17.1939375,0.021499278889320503,NaN,NaN,NaN,raw
810,0.08824281379539647,17.192789156626503,0.03383020171940028,NaN,NaN,NaN,raw
810,0.08833290896108836,17.19444653614458,0.02158862923983608,NaN,NaN,NaN,raw
810,0.08855127785136574,17.239,0.019,5338.84991,0.08855127785136574,0.4941742686460202,raw
810,0.08868082536349264,17.19429028614458,0.021497802136388095,NaN,NaN,NaN,raw
810,0.08884963974731319,17.19357831325301,0.03464910527750429,NaN,NaN,NaN,raw
810,0.08903810879286003,17.195894013554216,0.01952591558493433,NaN,NaN,NaN,raw
810,0.08919805410914705,17.146,0.01,6536.49498,0.08919805410914705,0.18838374429287796,raw
810,0.08940770609107396,17.197598644578314,0.016869500512797085,NaN,NaN,NaN,raw
810,0.08945535877471657,17.193921686746986,0.03462666531846562,NaN,NaN,NaN,raw
810,0.08972732620532042,17.178,0.013,7509.90752,0.08972732620532042,0.2620544929868629,raw
810,0.08979436767192778,17.1978077936747,0.016815660351843276,NaN,NaN,NaN,raw
810,0.09007504847840571,17.194397590361444,0.034589870564568456,NaN,NaN,NaN,raw
810,0.09018111093893044,17.198009600903614,0.016766419932141455,NaN,NaN,NaN,raw
810,0.09055816556257591,17.198961219879518,0.01718814790379952,NaN,NaN,NaN,raw
810,0.09069763649441451,17.19453012048193,0.03463815984663662,NaN,NaN,NaN,raw
810,0.09094472340719925,17.199487575301205,0.01687542959001369,NaN,NaN,NaN,raw
810,0.09132209976664799,17.19518674698795,0.03577600438785518,NaN,NaN,NaN,raw
810,0.09132482954596313,17.20031588855422,0.017119165627399614,NaN,NaN,NaN,raw
810,0.09170539417231255,17.199959902108432,0.017029499007090557,NaN,NaN,NaN,raw
810,0.09171805088408291,17.211,0.013,6730.83068,0.09171805088408291,0.861315445497894,raw
810,0.09194613347315965,17.19539759036145,0.035836477018082236,NaN,NaN,NaN,raw
810,0.09209275341840328,17.20017639307229,0.016965875932065163,NaN,NaN,NaN,raw
810,0.09247313420887765,17.201148343373493,0.017362564282942156,NaN,NaN,NaN,raw
810,0.09256763137300478,17.195951807228916,0.03563872718689602,NaN,NaN,NaN,raw
810,0.0926422059928882,17.238,0.02,6082.81649,0.0926422059928882,0.7960781201782083,raw
810,0.09285574125968721,17.20026750753012,0.01671153203577471,NaN,NaN,NaN,raw
810,0.09318710170188192,17.196072289156625,0.035682873621381894,NaN,NaN,NaN,raw
810,0.09324363328250049,17.20049171686747,0.01664737573864163,NaN,NaN,NaN,raw
810,0.09328075551820803,17.193,0.016,7147.6603,0.09328075551820803,0.4359986627314356,raw
810,0.0936317144641182,17.200721950301205,0.016580139129669356,NaN,NaN,NaN,raw
810,0.09380727122303383,17.196499999999997,0.035248683620380646,NaN,NaN,NaN,raw
810,0.09403260471627647,17.200157756024097,0.016277648209877472,NaN,NaN,NaN,raw
810,0.0940514504800376,17.206,0.014,7926.7381,0.0940514504800376,0.8387910952369566,raw
810,0.09411677531534224,17.204,0.014,5606.88789,0.09411677531534224,0.8120615835832723,raw
810,0.09442840003251708,17.196319277108433,0.03519918028601785,NaN,NaN,NaN,raw
810,0.09443443951703953,17.20185184487952,0.01819418406417567,NaN,NaN,NaN,raw
810,0.09483101695172477,17.200320594879518,0.016988922287096232,NaN,NaN,NaN,raw
810,0.09505434555775132,17.196548192771083,0.03528130369832608,NaN,NaN,NaN,raw
810,0.09522024372134638,17.200534450301205,0.01694432654150251,NaN,NaN,NaN,raw
810,0.09561819699763385,17.202248870481927,0.01371655621560755,NaN,NaN,NaN,raw
810,0.0956812453461395,17.19684939759036,0.03512033296416315,NaN,NaN,NaN,raw
810,0.09601995737376437,17.202438817771082,0.013639390556408431,NaN,NaN,NaN,raw
810,0.0963030159916113,17.197168674698794,0.03521615306959017,NaN,NaN,NaN,raw
810,0.09641748494528637,17.204782567771083,0.015606469193786712,NaN,NaN,NaN,raw
810,0.09661203437644872,17.221,0.016,7949.68371,0.09661203437644872,0.9181366728807916,raw
810,0.09680772941007376,17.204990963855423,0.015507533784021853,NaN,NaN,NaN,raw
810,0.09692779966197516,17.197843373493974,0.0343475928944296,NaN,NaN,NaN,raw
810,0.09719817791965986,17.20520218373494,0.015406155259019172,NaN,NaN,NaN,raw
810,0.09732813377195271,17.218,0.012,7815.83976,0.09732813377195271,0.6335935499737388,raw
810,0.09755431736387009,17.19860843373494,0.034106388648211514,NaN,NaN,NaN,raw
810,0.0975697139276536,17.204258847891566,0.01689175078228108,NaN,NaN,NaN,raw
810,0.09782282246519299,17.199549960919626,0.013364933022274877,NaN,NaN,NaN,raw
810,0.09782282246519299,17.19954996091963,0.013322571796783976,NaN,NaN,NaN,raw
810,0.09782282246519299,17.199549960919626,0.013280610836503325,NaN,NaN,NaN,raw
810,0.09793085134582094,17.203696347891565,0.016959593443951555,NaN,NaN,NaN,raw
810,0.0981781951167173,17.198692771084335,0.03409979394990627,NaN,NaN,NaN,raw
810,0.0982897125443479,17.20459017319277,0.017259186855489873,NaN,NaN,NaN,raw
810,0.09857252726214938,17.223,0.014,6062.65501,0.09857252726214938,0.6718271511836065,raw
810,0.09863963939535476,17.202560429216867,0.02158503225644408,NaN,NaN,NaN,raw
810,0.09880397879668996,17.198813253012048,0.03400812833706287,NaN,NaN,NaN,raw
810,0.09898935869800202,17.201438817771084,0.020593850377077203,NaN,NaN,NaN,raw
550,0.09913288450964804,18.930333333333333,0.05746593193652452,NaN,NaN,NaN,raw
810,0.0993248279019496,17.200749058734942,0.02114174238582596,NaN,NaN,NaN,raw
810,0.0994295340911579,17.199343373493974,0.03448964954185907,NaN,NaN,NaN,raw
550,0.09943486684278469,18.962,0.018,6035.88647,0.09943486684278469,0.4154532622833358,raw
810,0.09966248156744648,17.20121780873494,0.021130675143267462,NaN,NaN,NaN,raw
810,0.09999572417535021,17.20145218373494,0.02111824883441106,NaN,NaN,NaN,raw
810,0.10005321620878,17.199590361445782,0.03454747673795398,NaN,NaN,NaN,raw
810,0.10032150643095382,17.201345256024094,0.02110313622203206,NaN,NaN,NaN,raw
810,0.10065253430738129,17.201157756024095,0.0211054427950768,NaN,NaN,NaN,raw
810,0.1006799761587198,17.19994578313253,0.0346893147506236,NaN,NaN,NaN,raw
810,0.10098666802269884,17.2013531626506,0.02108814016841167,NaN,NaN,NaN,raw
810,0.10110152741981437,17.247,0.01,6771.85632,0.10110152741981437,0.6128096574120718,raw
810,0.10124175576129346,17.19,0.01,6380.75319,0.10124175576129346,0.06561506260550232,raw
810,0.10130489637520507,17.20042168674699,0.03456925257803973,NaN,NaN,NaN,raw
810,0.10130501748297441,17.200554781626504,0.021749177873733594,NaN,NaN,NaN,raw
810,0.10162004752899256,17.200739081325302,0.021741752501753413,NaN,NaN,NaN,raw
810,0.10191940891525611,17.201640060240962,0.02218195114158429,NaN,NaN,NaN,raw
810,0.10193255895034552,17.200861445783133,0.0346696805146507,NaN,NaN,NaN,raw
810,0.10221394775914497,17.201546310240964,0.022103690219802224,NaN,NaN,NaN,raw
810,0.1023116908108932,17.2,0.016,5355.88941,0.1023116908108932,0.9406888293924567,raw
810,0.10244820849402458,17.253,0.013,6538.58547,0.10244820849402458,0.6598221212443605,raw
810,0.10250997030729433,17.20171103162651,0.02209484383531815,NaN,NaN,NaN,raw
810,0.1025628713516023,17.20106626506024,0.034467223876071804,NaN,NaN,NaN,raw
810,0.10279370707448163,17.200429781626504,0.022307541897444532,NaN,NaN,NaN,raw
810,0.1030902527605516,17.20056984186747,0.02230980749736285,NaN,NaN,NaN,raw
810,0.10319198880116971,17.20128915662651,0.03450833193038663,NaN,NaN,NaN,raw
810,0.1032112520224473,17.165,0.01,6746.82645,0.1032112520224473,0.07535131599433953,raw
810,0.10327444826543797,17.193,0.011,7229.70853,0.10327444826543797,0.9324633112501033,raw
810,0.1033844489883818,17.200079442771084,0.022523846184629624,NaN,NaN,NaN,raw
810,0.10342969182602246,17.224,0.012,6808.70774,0.10342969182602246,0.43588636823915294,raw
810,0.10366931184392887,17.19946705572289,0.022143760977025043,NaN,NaN,NaN,raw
810,0.10376529060522444,17.131,0.011,6731.87781,0.10376529060522444,0.10106654101036838,raw
810,0.10383322367760042,17.202108433734942,0.033742702752552214,NaN,NaN,NaN,raw
810,0.10392211622820469,17.174,0.013,5801.57377,0.10392211622820469,0.23400824819145782,raw
810,0.10395654411764946,17.199129141566267,0.022236371407203054,NaN,NaN,NaN,raw
810,0.10408567281410797,17.208,0.012,6212.4929,0.10408567281410797,0.16649187939765397,raw
810,0.10423471529363676,17.199260353915662,0.022250060234272975,NaN,NaN,NaN,raw
810,0.10447103467595298,17.204,0.01,6486.78673,0.10447103467595298,0.8652840398281114,raw
810,0.10447648265935312,17.202578313253017,0.03390561604752053,NaN,NaN,NaN,raw
810,0.10451362346984491,17.199410203313253,0.022268494081222195,NaN,NaN,NaN,raw
810,0.10470966736102127,17.198,0.012,6052.92302,0.10470966736102127,0.8556579419910122,raw
810,0.10479322382583775,17.199548945783132,0.02228576274567888,NaN,NaN,NaN,raw
810,0.10507706126965474,17.197330195783135,0.020900479163408568,NaN,NaN,NaN,raw
810,0.10512067892267875,17.202572289156628,0.03390616575108607,NaN,NaN,NaN,raw
810,0.10524152828656952,17.171,0.01,6445.76462,0.10524152828656952,0.12134029573462612,raw
810,0.10535961145676305,17.19779122740964,0.0208962843841857,NaN,NaN,NaN,raw
810,0.10564040247022426,17.198590549698796,0.02148117401717043,NaN,NaN,NaN,raw
810,0.10576220681872085,17.20274698795181,0.03395196013388895,NaN,NaN,NaN,raw
810,0.1058825803520449,17.226,0.015,6578.5661,0.1058825803520449,0.176099796222843,raw
810,0.1059219538391132,17.198726468373494,0.021509747307938063,NaN,NaN,NaN,raw
810,0.10603727738089219,17.218,0.013,5669.81619,0.10603727738089219,0.41209105821326375,raw
810,0.10621212191902867,17.198912274096386,0.021546751846403298,NaN,NaN,NaN,raw
810,0.10640052120275452,17.20311445783133,0.03434784853226149,NaN,NaN,NaN,raw
810,0.10640771032194607,17.177,0.013,5977.8318,0.10640771032194607,0.23983921995204582,raw
810,0.10650682256492398,17.197006024096385,0.01917504608128715,NaN,NaN,NaN,raw
810,0.10680416217969403,17.196128953313252,0.01962005367619489,NaN,NaN,NaN,raw
810,0.1070437793181094,17.203090361445785,0.03435074385664633,NaN,NaN,NaN,raw
810,0.10708373315907511,17.196619917168675,0.0199471892508544,NaN,NaN,NaN,raw
810,0.10736398399359633,17.198994917168676,0.020575489426744867,NaN,NaN,NaN,raw
810,0.10759247440728359,17.183,0.01,7839.83099,0.10759247440728359,0.9494604196152068,raw
810,0.10764431481379688,17.199401167168674,0.020581642794135633,NaN,NaN,NaN,raw
810,0.10768813863965572,17.203403614457834,0.0344584033671627,NaN,NaN,NaN,raw
810,0.1079261315313147,17.199026167168675,0.020225225893164455,NaN,NaN,NaN,raw
810,0.10799541155574843,17.188,0.014,5995.91001,0.10799541155574843,0.9080949784674885,raw
810,0.10820355352865363,17.202338667168675,0.017174794167481737,NaN,NaN,NaN,raw
810,0.10833101172275166,17.2035421686747,0.034263789952878945,NaN,NaN,NaN,raw
810,0.10848666355699871,17.202462537650604,0.017187369815661657,NaN,NaN,NaN,raw
810,0.10876936029738354,17.2036500376506,0.01645452997255009,NaN,NaN,NaN,raw
810,0.108978277847441,17.204385542168676,0.0342151238313582,NaN,NaN,NaN,raw
810,0.1090615233496059,17.205181287650603,0.01896138973008824,NaN,NaN,NaN,raw
810,0.10934506056115006,17.2059312876506,0.019383116620928804,NaN,NaN,NaN,raw
810,0.10962718755049043,17.204385542168673,0.034215123831358205,NaN,NaN,NaN,raw
810,0.10962843833162167,17.206044804216866,0.01937348110167152,NaN,NaN,NaN,raw
810,0.10991888178879633,17.205701054216867,0.019616886498439644,NaN,NaN,NaN,raw
810,0.11018432562195812,17.176,0.015,7973.67609,0.11018432562195812,0.23646332665157388,raw
810,0.11020294471030767,17.205824736445784,0.01960899890466872,NaN,NaN,NaN,raw
810,0.11028336174875944,17.20475301204819,0.03418194397489527,NaN,NaN,NaN,raw
810,0.11029020880596363,17.226,0.01,6755.86774,0.11029020880596363,0.4141527851061255,raw
810,0.1104183210331518,17.20475587947026,0.014622960376947889,NaN,NaN,NaN,raw
810,0.11050404215335043,17.206941641566264,0.018550763759556457,NaN,NaN,NaN,raw
810,0.11080978354466074,17.20707567771084,0.018534966804538245,NaN,NaN,NaN,raw
810,0.11094220275479157,17.20521084337349,0.033870843856137214,NaN,NaN,NaN,raw
810,0.11111472085946948,17.20704442771084,0.01850284627906426,NaN,NaN,NaN,raw
550,0.11123343976435406,18.96007142857143,0.006124973969124425,NaN,NaN,NaN,raw
810,0.11143234344570706,17.206356927710843,0.018491362196637464,NaN,NaN,NaN,raw
810,0.11159706936818856,17.205945783132528,0.033705004758145585,NaN,NaN,NaN,raw
810,0.11173907846766526,17.206485128012048,0.018482375831623262,NaN,NaN,NaN,raw
550,0.11185578992080991,18.965,0.021,5677.8141,0.11185578992080991,0.5191624670296733,raw
810,0.11187862916267477,17.192,0.012,7964.63785,0.11187862916267477,0.9041856328512949,raw
810,0.11205094719734718,17.205610128012047,0.02047832203661692,NaN,NaN,NaN,raw
810,0.11207773902424378,17.173,0.012,7169.91626,0.11207773902424378,0.040222390152848675,raw
810,0.1121382601413643,17.217,0.014,7186.60335,0.1121382601413643,0.7329521452211338,raw
810,0.11217927872712607,17.241,0.015,5643.74478,0.11217927872712607,0.6468383111168805,raw
810,0.11224503451185557,17.206,0.033733357288289405,NaN,NaN,NaN,raw
810,0.11235843950974828,17.205747552710843,0.020475622435395913,NaN,NaN,NaN,raw
810,0.11244782678659249,17.212,0.015,5376.75177,0.11244782678659249,0.564081975406225,raw
810,0.11264279452007031,17.237,0.015,7179.65058,0.11264279452007031,0.8613753358949907,raw
810,0.11266943438449395,17.20650865963855,0.02005104899979816,NaN,NaN,NaN,raw
810,0.11289274458464338,17.206072289156626,0.033716027348763125,NaN,NaN,NaN,raw
810,0.11296841192051943,17.212,0.011,5385.79078,0.11296841192051943,0.8980066551066557,raw
810,0.11299610642613578,17.205558546686746,0.020905072422802883,NaN,NaN,NaN,raw
810,0.11331549552342307,17.206171310240965,0.020659737831060895,NaN,NaN,NaN,raw
810,0.11343489048522315,17.257,0.012,6473.57925,0.11343489048522315,0.6152407797126216,raw
810,0.11354422544536646,17.228,0.011,6451.67751,0.11354422544536646,0.7686733443042613,raw
810,0.11354457131444387,17.206210843373494,0.03375469623729835,NaN,NaN,NaN,raw
810,0.11364527686423989,17.206309487951806,0.020656372631466496,NaN,NaN,NaN,raw
810,0.11396127686627672,17.206641189759036,0.020709636401558835,NaN,NaN,NaN,raw
810,0.11400385799061041,17.187,0.011,7467.85064,0.11400385799061041,0.3047969854578696,raw
550,0.11405290024145903,18.943228530728533,0.0361324962316629,NaN,NaN,NaN,raw
810,0.11421069241104229,17.20653012048193,0.034049638399502945,NaN,NaN,NaN,raw
810,0.1142711998032594,17.206756965361443,0.02070697518546084,NaN,NaN,NaN,raw
810,0.11456925424360931,17.207538215361446,0.01996752520178188,NaN,NaN,NaN,raw
810,0.11487373764652366,17.20817093373494,0.020195903343116585,NaN,NaN,NaN,raw
810,0.11487664646393755,17.206740963855424,0.034142114884147354,NaN,NaN,NaN,raw
810,0.11518351578491905,17.207632718373496,0.019933220841221275,NaN,NaN,NaN,raw
810,0.11549220205803493,17.208219879518076,0.020135286193458644,NaN,NaN,NaN,raw
810,0.1155459313406509,17.207036144578314,0.03397305377238539,NaN,NaN,NaN,raw
810,0.11564057442592457,17.225,0.012,7224.49812,0.11564057442592457,0.7876947480617673,raw
810,0.1157817011941504,17.208321724397592,0.020131654522876262,NaN,NaN,NaN,raw
810,0.11608283562742988,17.208878953313253,0.01991087642972784,NaN,NaN,NaN,raw
810,0.11620120014049462,17.196,0.013,7269.69246,0.11620120014049462,0.45579949722014135,raw
810,0.1162160419054166,17.20721686746988,0.0339670243628607,NaN,NaN,NaN,raw
810,0.11638273191312626,17.21044145331325,0.018942793910214924,NaN,NaN,NaN,raw
810,0.11638750967176748,17.149,0.017,6834.78579,0.11638750967176748,0.21534169502956502,raw
810,0.11668087084996775,17.210253953313256,0.01890543966320378,NaN,NaN,NaN,raw
810,0.11688353331494482,17.20748795180723,0.03367792874070977,NaN,NaN,NaN,raw
810,0.11699053817449728,17.208722703313253,0.018309825750416488,NaN,NaN,NaN,raw
810,0.1173005125328705,17.208855986445784,0.018304889687220067,NaN,NaN,NaN,raw
810,0.11754431039914479,17.20735542168675,0.03364791227892436,NaN,NaN,NaN,raw
810,0.11760998209960055,17.207230986445783,0.02022427571226865,NaN,NaN,NaN,raw
810,0.1179194085190493,17.204980986445783,0.020802390696089024,NaN,NaN,NaN,raw
810,0.11814164397219429,17.173,0.013,6811.84168,0.11814164397219429,0.13920453147875378,raw
810,0.11821586266894182,17.20760843373494,0.03360641607146327,NaN,NaN,NaN,raw
810,0.11822952316532975,17.20512669427711,0.02082659657456611,NaN,NaN,NaN,raw
810,0.11854653539865423,17.203970444277108,0.02145043423710971,NaN,NaN,NaN,raw
810,0.11886012183353226,17.202529743975905,0.019204491086832802,NaN,NaN,NaN,raw
810,0.11888401462888999,17.207963855421685,0.03352880110939714,NaN,NaN,NaN,raw
810,0.11909027791261906,17.215,0.01,6089.77863,0.11909027791261906,0.687696822835278,raw
810,0.11919069886292175,17.20200960090362,0.018711466122496342,NaN,NaN,NaN,raw
810,0.11952829677494184,17.201909262048197,0.01869681375113499,NaN,NaN,NaN,raw
810,0.11954472153393657,17.20809036144578,0.033344087166384824,NaN,NaN,NaN,raw
810,0.11972206771315541,17.201,0.013,7086.83122,0.11972206771315541,0.32608053504372947,raw
810,0.11986481365185561,17.202680534638557,0.018570576766712185,NaN,NaN,NaN,raw
550,0.11991590882622577,18.95340476190476,0.011501183021078757,NaN,NaN,NaN,raw
810,0.12002683064201847,17.225,0.015,6570.57513,0.12002683064201847,0.08387264991688426,raw
810,0.12020310923461616,17.208777108433736,0.033043658265818066,NaN,NaN,NaN,raw
810,0.1202139655539187,17.202726468373495,0.01858221995176483,NaN,NaN,NaN,raw
810,0.12054329487277352,17.20288535391566,0.0186393017016078,NaN,NaN,NaN,raw
810,0.12082016349449987,17.224,0.012,6382.84588,0.12082016349449987,0.5417591135537805,raw
810,0.12086104172388343,17.20920481927711,0.0329198324809407,NaN,NaN,NaN,raw
810,0.12087183633859874,17.203054405120483,0.018702586368839237,NaN,NaN,NaN,raw
810,0.12121772466099881,17.202672439759034,0.018361637732939605,NaN,NaN,NaN,raw
810,0.12151493102761839,17.209831325301206,0.03325286746427388,NaN,NaN,NaN,raw
810,0.12155113821694866,17.202109939759033,0.018842064110810193,NaN,NaN,NaN,raw
810,0.12167442016652785,17.223,0.01,7156.709,0.12167442016652785,0.7906496974355832,raw
810,0.12167870612029219,17.211,0.021,5492.52152,0.12167870612029219,0.1889465001222561,raw
810,0.12189935744027368,17.20228972138554,0.018919650199398036,NaN,NaN,NaN,raw
810,0.12208863311207097,17.192,0.028,5348.94334,0.12208863311207097,0.08344293632217159,raw
810,0.1221642139797983,17.210265060240964,0.03337013156859643,NaN,NaN,NaN,raw
810,0.12225664397238122,17.20447722138554,0.016444297059996154,NaN,NaN,NaN,raw
810,0.12235085292195436,17.16,0.011,6423.86879,0.12235085292195436,0.28741401182924164,raw
550,0.12240966252946757,18.953214285714285,0.05547304067525253,NaN,NaN,NaN,raw
810,0.12253373733223448,17.20969012866944,0.013876358619358662,NaN,NaN,NaN,raw
810,0.12253373733223448,17.20969012866944,0.013832376389482344,NaN,NaN,NaN,raw
810,0.12253373733223452,17.20969012866944,0.01378880974145676,NaN,NaN,NaN,raw
810,0.12254443994243047,17.165,0.011,6079.69806,0.12254443994243047,0.12593495860164694,raw
810,0.122601630747249,17.206024472891563,0.01888490800775139,NaN,NaN,NaN,raw
810,0.12281641326561762,17.21073493975904,0.033221053688559675,NaN,NaN,NaN,raw
810,0.12292874467924521,17.2062125376506,0.018928504842872295,NaN,NaN,NaN,raw
810,0.12311280338690267,17.175,0.018,6351.90607,0.12311280338690267,0.3632776046069921,raw
810,0.1232487403604975,17.2069937876506,0.01800696910845249,NaN,NaN,NaN,raw
810,0.12346965640132024,17.210897590361444,0.033229346197358504,NaN,NaN,NaN,raw
810,0.12357527505457265,17.207190888554216,0.018048385178274083,NaN,NaN,NaN,raw
810,0.12389942966281883,17.207223268072287,0.018050745932604532,NaN,NaN,NaN,raw
810,0.12412269038582985,17.211355421686743,0.032696587730450415,NaN,NaN,NaN,raw
810,0.12421897154055557,17.207190888554216,0.018037270284593506,NaN,NaN,NaN,raw
810,0.12434770449908683,17.203,0.015,7654.54082,0.12434770449908683,0.624399304671897,raw
810,0.1245252180051788,17.208344314759035,0.01923687991217789,NaN,NaN,NaN,raw
810,0.1247723980518513,17.211680722891565,0.03285118680695988,NaN,NaN,NaN,raw
810,0.12484473097734772,17.208406814759034,0.01921548581842933,NaN,NaN,NaN,raw
810,0.12515542947521346,17.208069088855417,0.01900829646147941,NaN,NaN,NaN,raw
810,0.12538355327706086,17.208,0.012,6509.73872,0.12538355327706086,0.9582760720550141,raw
810,0.12541518466729162,17.211825301204815,0.03277692589491648,NaN,NaN,NaN,raw
810,0.12547472646233454,17.208982304216867,0.019731624135798674,NaN,NaN,NaN,raw
550,0.12548227402839984,18.942,0.035,5669.82295,0.12548227402839984,0.42655031103276997,raw
810,0.12578113730102036,17.208696159638553,0.019572567660471208,NaN,NaN,NaN,raw
810,0.12605925824705794,17.212445783132527,0.032362249991842354,NaN,NaN,NaN,raw
810,0.12610660346878075,17.208867469879515,0.019601132983499043,NaN,NaN,NaN,raw
550,0.1263809962696801,18.959404761904764,0.0211894194493066,NaN,NaN,NaN,raw
810,0.12643190319931855,17.20903237951807,0.01963167881657146,NaN,NaN,NaN,raw
810,0.12670900074272687,17.21277710843373,0.03233018600852375,NaN,NaN,NaN,raw
810,0.1267713456750247,17.20871987951807,0.019481181820006837,NaN,NaN,NaN,raw
810,0.1268704339308897,17.178,0.011,7158.79669,0.1268704339308897,0.2560990347592451,raw
810,0.1271118054939133,17.208853350903617,0.019511914528718834,NaN,NaN,NaN,raw
810,0.12735905705181744,17.21296987951807,0.03233094487250613,NaN,NaN,NaN,raw
810,0.1274595946912735,17.20960128012048,0.019302644585355914,NaN,NaN,NaN,raw
810,0.12781293366232882,17.20903049698795,0.019550838441864744,NaN,NaN,NaN,raw
810,0.12782067869920866,17.219,0.022,5696.94025,0.12782067869920866,0.428901864665022,raw
810,0.12792311011071433,17.257,0.013,6759.69799,0.12792311011071433,0.6068381571112695,raw
810,0.12801195622302317,17.213373493975897,0.03196881466921328,NaN,NaN,NaN,raw
810,0.12816167165898884,17.211561746987954,0.01819457738708082,NaN,NaN,NaN,raw
810,0.1283815057722677,17.198,0.014,7952.82358,0.1283815057722677,0.6341387664760987,raw
810,0.1285151728814941,17.21316641566265,0.016099337374734693,NaN,NaN,NaN,raw
810,0.1286649728793466,17.2139156626506,0.03188947002772453,NaN,NaN,NaN,raw
810,0.1288649688127001,17.21248719879518,0.016654157104094566,NaN,NaN,NaN,raw
810,0.12920726619363937,17.21342469879518,0.01526204705182216,NaN,NaN,NaN,raw
810,0.12925696209276794,17.209,0.013,5378.49585,0.12925696209276794,0.29456920303164225,raw
810,0.12931561800019428,17.213963855421685,0.031881958718251655,NaN,NaN,NaN,raw
810,0.12934460840187967,17.245,0.009,6017.81921,0.12934460840187967,0.770618926604584,raw
810,0.12954939107791608,17.214177899096384,0.01572114447263809,NaN,NaN,NaN,raw
810,0.1298736137155171,17.214346197289156,0.015718781076678897,NaN,NaN,NaN,raw
810,0.12994648282256094,17.203,0.009,6152.70656,0.12994648282256094,0.2869348886579246,raw
810,0.12996918257372217,17.21419277108434,0.03202554201517066,NaN,NaN,NaN,raw
550,0.12997882403349303,18.96142857142857,0.020583825629630282,NaN,NaN,NaN,raw
810,0.1301987879575105,17.215158697289155,0.015785206606183797,NaN,NaN,NaN,raw
810,0.1304206128224905,17.238,0.009,6420.74277,0.1304206128224905,0.601036274971193,raw
810,0.1305139679140121,17.21594992469879,0.016233446226206306,NaN,NaN,NaN,raw
810,0.1306253103324466,17.214843373493977,0.032014951782588626,NaN,NaN,NaN,raw
810,0.13081886960854505,17.216224774096382,0.01616883089980328,NaN,NaN,NaN,raw
810,0.13112630167842337,17.216136483433733,0.016201310604057988,NaN,NaN,NaN,raw
550,0.13125105225117295,18.983,0.023,5791.5015,0.13125105225117295,0.6899996085739986,raw
810,0.1312759590922154,17.214686746987955,0.03201379540167714,NaN,NaN,NaN,raw
810,0.13141868343400992,17.21690380271084,0.01659749354845847,NaN,NaN,NaN,raw
810,0.13170218004875756,17.21703670933735,0.01658040200674498,NaN,NaN,NaN,raw
810,0.13192452240482783,17.215108433734944,0.032001898446789225,NaN,NaN,NaN,raw
810,0.1320006996155208,17.218259977409637,0.014973594283569164,NaN,NaN,NaN,raw
810,0.13228505765765608,17.219573418674695,0.016280905428236316,NaN,NaN,NaN,raw
810,0.1325365793891251,17.213,0.016,6092.91213,0.1325365793891251,0.3900738512747921,raw
810,0.13257181292986975,17.218417168674698,0.017584593752254078,NaN,NaN,NaN,raw
810,0.13257342032472688,17.215271084337353,0.0319113166214441,NaN,NaN,NaN,raw
810,0.13285622117506268,17.220385918674694,0.024291350881686897,NaN,NaN,NaN,raw
810,0.13313909565921578,17.220509789156623,0.024264530217645325,NaN,NaN,NaN,raw
550,0.13320314582090628,18.959285714285716,0.05491031649100948,NaN,NaN,NaN,raw
810,0.13321788742759744,17.21593373493976,0.03145677853281622,NaN,NaN,NaN,raw
810,0.1334209141745204,17.222041039156625,0.024344171747234484,NaN,NaN,NaN,raw
810,0.13347106105356943,17.192,0.016,6829.57702,0.13347106105356943,0.0740809979106416,raw
810,0.133510468815075,17.241,0.014,6721.80638,0.133510468815075,0.5588546132821648,raw
810,0.133697395332664,17.220293674698794,0.026826399822880487,NaN,NaN,NaN,raw
810,0.13385647906259868,17.21634939759036,0.03118116515207477,NaN,NaN,NaN,raw
810,0.13396117379356298,17.22056061746988,0.02675279363054212,NaN,NaN,NaN,raw
810,0.13400988306420913,17.189,0.01,5676.77886,0.13400988306420913,0.3048434005177114,raw
810,0.13406631957695936,17.205,0.017,5396.57518,0.13406631957695936,0.9652205773982132,raw
810,0.13422351930561138,17.220905496987953,0.026736139421229644,NaN,NaN,NaN,raw
810,0.13441765269817552,17.235,0.015,7175.83403,0.13441765269817552,0.6979934792179847,raw
810,0.13449781478906164,17.21674096385542,0.031180594338591026,NaN,NaN,NaN,raw
810,0.1344992657540489,17.21921799698795,0.02687013233360762,NaN,NaN,NaN,raw
810,0.13475328024287592,17.229,0.014,5825.57215,0.13475328024287592,0.5651685583106882,raw
810,0.13475794119975593,17.220592996987953,0.027137903873135222,NaN,NaN,NaN,raw
810,0.1348581566599023,17.237,0.011,6069.62057,0.1348581566599023,0.570761037959528,raw
810,0.13501776889941103,17.223086972891565,0.030042458405910678,NaN,NaN,NaN,raw
810,0.1351404075021163,17.216795180722887,0.031125847793694397,NaN,NaN,NaN,raw
810,0.1352530109033978,17.209,0.009,6416.92033,0.1352530109033978,0.4250560456457606,raw
810,0.1352651031397487,17.222465361445785,0.029929514599239777,NaN,NaN,NaN,raw
810,0.1354154744258267,17.237,0.012,7590.57757,0.1354154744258267,0.8106710569190909,raw
810,0.13552598530817367,17.222580384036142,0.029906341258834294,NaN,NaN,NaN,raw
810,0.13577575726137137,17.22274642319277,0.029875836249633223,NaN,NaN,NaN,raw
810,0.135780892414651,17.217030120481926,0.03113030769130127,NaN,NaN,NaN,raw
810,0.1360158511088877,17.222866905120483,0.029851804812466666,NaN,NaN,NaN,raw
550,0.13620870797040838,18.96907142857143,0.012388070298245376,NaN,NaN,NaN,raw
810,0.136256560897596,17.22306532379518,0.029805171109531903,NaN,NaN,NaN,raw
810,0.13642306006731375,17.217144578313256,0.031154019159991223,NaN,NaN,NaN,raw
810,0.13645851440014667,17.255,0.013,7575.6291,0.13645851440014667,0.8367499021969707,raw
810,0.13651587887237687,17.22318674698795,0.02978029816449843,NaN,NaN,NaN,raw
810,0.13677465917522136,17.22328143825301,0.02976130342338737,NaN,NaN,NaN,raw
810,0.13699684741004603,17.182,0.011,6864.69062,0.13699684741004603,0.1800602625735337,raw
810,0.13702417395688826,17.32,0.02,6221.54318,0.13702417395688826,0.524522443603928,raw
810,0.13703734281432867,17.22450018825301,0.029232829088197028,NaN,NaN,NaN,raw
810,0.13706393971592276,17.217337349397596,0.03127678085753891,NaN,NaN,NaN,raw
810,0.13730645237273115,17.22382097138554,0.02908924378939837,NaN,NaN,NaN,raw
810,0.1373996982620156,17.247,0.011,6059.88733,0.1373996982620156,0.7519181503612344,raw
810,0.13751236993994098,17.158,0.01,7112.91095,0.13751236993994098,0.1091292856126529,raw
810,0.13757586072327913,17.22387255271084,0.029077028614246617,NaN,NaN,NaN,raw
810,0.1376978728415353,17.2175421686747,0.03133312748023385,NaN,NaN,NaN,raw
810,0.13771067438574391,17.225,0.013,6166.61515,0.13771067438574391,0.036612282621717895,raw
810,0.13784917249118522,17.224840737951805,0.028386006985052562,NaN,NaN,NaN,raw
810,0.13813308184704298,17.228121987951805,0.031873055133248084,NaN,NaN,NaN,raw
810,0.13816849475188064,17.191,0.012,6754.83449,0.13816849475188064,0.20409021461455268,raw
810,0.13822409708518535,17.247,0.02,6553.54674,0.13822409708518535,0.6611217428435339,raw
810,0.13828366896268562,17.294,0.014,6180.52124,0.13828366896268562,0.7809423197722936,raw
810,0.13833530851329615,17.218108433734944,0.030860001393661532,NaN,NaN,NaN,raw
810,0.13841343530218062,17.227659262048192,0.03187746432794188,NaN,NaN,NaN,raw
550,0.1384288073470999,18.96494583987441,0.01229080834562445,NaN,NaN,NaN,raw
550,0.1384288073470999,18.96494583987441,0.011843719273628688,NaN,NaN,NaN,raw
550,0.1384288073470999,18.964945839874414,0.011442119871350562,NaN,NaN,NaN,raw
810,0.1386930858395306,17.227854856927713,0.0318274733946705,NaN,NaN,NaN,raw
810,0.13896971500737326,17.227854856927713,0.0318274733946705,NaN,NaN,NaN,raw
810,0.13897353972204501,17.218524096385547,0.030288051811099746,NaN,NaN,NaN,raw
810,0.13925574004804822,17.22733810240964,0.03180843775121944,NaN,NaN,NaN,raw
810,0.1392686615945422,17.22,0.013,7185.56984,0.1392686615945422,0.5223334496204188,raw
810,0.13953326867866817,17.22740700301205,0.03178724481363123,NaN,NaN,NaN,raw
810,0.1396075255253496,17.218963855421688,0.030269875327103055,NaN,NaN,NaN,raw
810,0.13981169205019423,17.22700075301205,0.032111498164990905,NaN,NaN,NaN,raw
810,0.14009691110280836,17.225563253012048,0.03267412018388276,NaN,NaN,NaN,raw
810,0.14023929262779106,17.21934939759036,0.030561188988031444,NaN,NaN,NaN,raw
810,0.1403733685862299,17.22566641566265,0.03265151292215276,NaN,NaN,NaN,raw
810,0.14064891812146596,17.225779555722895,0.03262729518852202,NaN,NaN,NaN,raw
810,0.14087159551771433,17.21915662650602,0.03061351728684204,NaN,NaN,NaN,raw
810,0.14094243721254052,17.224718938253012,0.03219556801675861,NaN,NaN,NaN,raw
810,0.14122221342793373,17.226156438253014,0.03123941125291758,NaN,NaN,NaN,raw
810,0.14149885711862203,17.218963855421688,0.030721405343144003,NaN,NaN,NaN,raw
810,0.14151714735446644,17.223077560240966,0.026129253737612136,NaN,NaN,NaN,raw
810,0.14182074490807875,17.222629518072292,0.026352822946664814,NaN,NaN,NaN,raw
810,0.1418769375050033,17.231,0.011,6424.91852,0.1418769375050033,0.5327263584258617,raw
810,0.14211492239431803,17.22222326807229,0.026063629222004392,NaN,NaN,NaN,raw
810,0.14212197468395424,17.219265060240964,0.031161002954780897,NaN,NaN,NaN,raw
550,0.1421409756589821,18.96207142857143,0.0028221066093050244,NaN,NaN,NaN,raw
810,0.14241338845479778,17.224213290662654,0.02328479770645676,NaN,NaN,NaN,raw
810,0.14247754628013354,17.218,0.014,7662.54301,0.14247754628013354,0.7406253883527825,raw
810,0.14272043192919703,17.22394634789157,0.023412359573786297,NaN,NaN,NaN,raw
810,0.14275585963720464,17.219981927710844,0.030832386139403627,NaN,NaN,NaN,raw
810,0.14303137401255966,17.223859375000004,0.02341348857710691,NaN,NaN,NaN,raw
810,0.14315141896440764,17.31,0.023,6584.48906,0.14315141896440764,0.8449719980308146,raw
810,0.143346459887769,17.22483527861446,0.022637663683488674,NaN,NaN,NaN,raw
810,0.14338896326257947,17.220192771084342,0.030662763057740898,NaN,NaN,NaN,raw
810,0.14344663198426133,17.223,0.011,6803.85459,0.14344663198426133,0.05527648294446408,raw
810,0.14360541361384094,17.229,0.009,6539.64272,0.14360541361384094,0.9212193171333638,raw
810,0.14366587487984633,17.22496027861446,0.022774629418417305,NaN,NaN,NaN,raw
810,0.14399343300363215,17.222116528614457,0.019290801382511602,NaN,NaN,NaN,raw
810,0.14401095796150123,17.22046385542169,0.03077969451996897,NaN,NaN,NaN,raw
810,0.14402132368195453,17.219,0.011,6081.79141,0.14402132368195453,0.6034907117482362,raw
810,0.14416255879223172,17.196,0.013,5271.77332,0.14416255879223172,0.021190077786741313,raw
550,0.14417192583914584,18.964928571428572,0.048491814195346365,NaN,NaN,NaN,raw
810,0.14432131625832628,17.2222452936747,0.019276931550051602,NaN,NaN,NaN,raw
810,0.14454248410947912,17.191,0.01,5652.79486,0.14454248410947912,0.0044410867794795195,raw
810,0.14462753188414046,17.220331325301206,0.0307510805041437,NaN,NaN,NaN,raw
810,0.14464092885672736,17.221135165662652,0.02048328371277178,NaN,NaN,NaN,raw
810,0.14495704758386901,17.22282266566265,0.02251077832866328,NaN,NaN,NaN,raw
810,0.14524064519486798,17.220765060240964,0.03087078027593141,NaN,NaN,NaN,raw
810,0.14526319722722805,17.22293655873494,0.02249984211876543,NaN,NaN,NaN,raw
810,0.14555013882059153,17.22320689006024,0.022507319196640972,NaN,NaN,NaN,raw
810,0.1458346912362657,17.223325677710847,0.02249528108164511,NaN,NaN,NaN,raw
810,0.14585112531453176,17.22106024096386,0.030962870980184073,NaN,NaN,NaN,raw
810,0.14591352677217312,17.2250535639393,0.01719481931520214,NaN,NaN,NaN,raw
810,0.14591352677217312,17.2250535639393,0.017140318958404795,NaN,NaN,NaN,raw
810,0.14591352677217312,17.2250535639393,0.017086333567747344,NaN,NaN,NaN,raw
810,0.14594968630262883,17.228,0.013,6131.50564,0.14594968630262883,0.9393812937050825,raw
810,0.14611764127672128,17.223445406626507,0.022481508539210923,NaN,NaN,NaN,raw
810,0.14639011932611762,17.223820406626505,0.022710502936946538,NaN,NaN,NaN,raw
810,0.14646205960593486,17.22147590361446,0.031194735726678652,NaN,NaN,NaN,raw
810,0.14666750927708405,17.224187123493977,0.022729309792601,NaN,NaN,NaN,raw
810,0.1467790614315163,17.203,0.012,5686.86507,0.1467790614315163,0.8786689017179015,raw
810,0.14681337782167247,17.234,0.011,6048.76589,0.14681337782167247,0.9637949720727192,raw
810,0.14693778113971917,17.224345067771086,0.022702473880226982,NaN,NaN,NaN,raw
810,0.14706328387529286,17.22168072289157,0.03130302321668891,NaN,NaN,NaN,raw
810,0.147211309564198,17.22512688253012,0.02297649687271025,NaN,NaN,NaN,raw
810,0.1474786767952409,17.22241810993976,0.016972962053366004,NaN,NaN,NaN,raw
810,0.1475232640223112,17.209,0.011,6334.87984,0.1475232640223112,0.9451468138195196,raw
810,0.14766082105334902,17.22221686746988,0.03199414650735106,NaN,NaN,NaN,raw
550,0.14769829346668412,18.966501831501834,0.038986569765426665,NaN,NaN,NaN,raw
550,0.14769829346668412,18.966501831501834,0.038609879097941543,NaN,NaN,NaN,raw
810,0.1477568946219516,17.222528237951806,0.01696948989214361,NaN,NaN,NaN,raw
810,0.1480515409385183,17.222576618975904,0.016973084915561338,NaN,NaN,NaN,raw
810,0.14825124275857998,17.22222891566265,0.031994819770556904,NaN,NaN,NaN,raw
810,0.14835099406666846,17.221170368975905,0.01824056841211446,NaN,NaN,NaN,raw
810,0.14844537683165981,17.251,0.013,7102.83298,0.14844537683165981,0.5529286724631675,raw
810,0.14864035018024255,17.221343373493976,0.018259895074699183,NaN,NaN,NaN,raw
810,0.14876552892383188,17.203,0.013,5993.8383,0.14876552892383188,0.4768259458887769,raw
810,0.1488275726635082,17.22222891566265,0.031994819770556904,NaN,NaN,NaN,raw
810,0.14893536787774858,17.22152296686747,0.01826436499024307,NaN,NaN,NaN,raw
550,0.14902125062707497,18.96557142857143,0.003932465602428219,NaN,NaN,NaN,raw
550,0.14904785531689413,18.962,0.035,7264.48917,0.14904785531689413,0.32626020623138174,raw
810,0.14920114287087927,17.183,0.013,6872.69075,0.14920114287087927,0.2918801242376503,raw
810,0.14924444644469656,17.2224312876506,0.0176671095132279,NaN,NaN,NaN,raw
810,0.14938446086307522,17.274,0.014,6768.74428,0.14938446086307522,0.9563343398476718,raw
810,0.1494043141128385,17.22260843373494,0.03198385465737467,NaN,NaN,NaN,raw
810,0.1494214236154221,17.228,0.011,6436.74115,0.1494214236154221,0.8206547859790589,raw
810,0.14956021493677296,17.223508659638554,0.01671403696848735,NaN,NaN,NaN,raw
810,0.14989192158520426,17.223676957831323,0.016708124676745432,NaN,NaN,NaN,raw
810,0.14997727281928724,17.2229578313253,0.03205210765246671,NaN,NaN,NaN,raw
810,0.15020795187906544,17.224215549698794,0.016888048959700107,NaN,NaN,NaN,raw
810,0.15051993815890488,17.224378200301203,0.01688174245791923,NaN,NaN,NaN,raw
810,0.1505532584132011,17.222795180722887,0.031967126689069494,NaN,NaN,NaN,raw
810,0.1505962350856862,17.243,0.014,6698.8676,0.1505962350856862,0.4941180144523969,raw
810,0.15083503303932536,17.225159450301206,0.017617210075177168,NaN,NaN,NaN,raw
810,0.15099845311488025,17.231,0.013,7140.72742,0.15099845311488025,0.6069654242055549,raw
810,0.15112624588445794,17.22305421686747,0.03166878896060711,NaN,NaN,NaN,raw
810,0.1511412571126739,17.22445707831325,0.01820697375660575,NaN,NaN,NaN,raw
810,0.15144269540650912,17.225187876506023,0.017782315740311805,NaN,NaN,NaN,raw
810,0.15150876922052703,17.245,0.012,5651.75434,0.15150876922052703,0.7788284026792098,raw
810,0.1517071703577799,17.223319277108438,0.03159977735951996,NaN,NaN,NaN,raw
810,0.15174307979476298,17.224937876506026,0.017710521175760344,NaN,NaN,NaN,raw
810,0.15205407399807655,17.225094126506022,0.017702912630488673,NaN,NaN,NaN,raw
810,0.1522919337173214,17.223716867469882,0.03202079748132304,NaN,NaN,NaN,raw
810,0.15235908682049967,17.227000376506027,0.019139910927717024,NaN,NaN,NaN,raw
810,0.1526697790801803,17.227165662650606,0.019120097007134355,NaN,NaN,NaN,raw
810,0.1528753141143959,17.224548192771085,0.0313841413782098,NaN,NaN,NaN,raw
810,0.15298027551511983,17.2273390436747,0.01909903040961318,NaN,NaN,NaN,raw
810,0.15318791371464613,17.184,0.011,7172.71173,0.15318791371464613,0.019572609298847965,raw
810,0.1532703535958717,17.226,0.011,7117.78349,0.1532703535958717,0.5312132703420502,raw
810,0.15329900644462702,17.2256515436747,0.019325274740003097,NaN,NaN,NaN,raw
550,0.15331004558040495,18.994261904761903,0.04929059672158587,NaN,NaN,NaN,raw
810,0.15346189000214816,17.224746987951807,0.0311657711905687,NaN,NaN,NaN,raw
810,0.15361168550526622,17.22644013554217,0.018880895783566057,NaN,NaN,NaN,raw
550,0.153843970725185,18.969785714285713,0.0446321349761294,NaN,NaN,NaN,raw
810,0.15392661414889297,17.22702673192771,0.01903678885162174,NaN,NaN,NaN,raw
810,0.1540530729345671,17.22506626506024,0.031264489594459106,NaN,NaN,NaN,raw
810,0.1542316934898259,17.22652673192771,0.020392309306890493,NaN,NaN,NaN,raw
810,0.15454294149694053,17.22511201054217,0.018472583962224842,NaN,NaN,NaN,raw
810,0.15464707585592313,17.225475903614456,0.03143183134826543,NaN,NaN,NaN,raw
810,0.15486842388827393,17.226655496987952,0.020235952954267052,NaN,NaN,NaN,raw
810,0.15519644628292245,17.226679781626505,0.02023808468717767,NaN,NaN,NaN,raw
810,0.15524214463394276,17.225716867469878,0.03137318800959438,NaN,NaN,NaN,raw
810,0.15535361459842534,17.238,0.012,7078.84772,0.15535361459842534,0.24983129089196154,raw
810,0.15551791620827746,17.22658734939759,0.020262372083182746,NaN,NaN,NaN,raw
810,0.15582833953452058,17.226783320783134,0.020254836875205195,NaN,NaN,NaN,raw
810,0.1558346862693944,17.226265060240962,0.031205898563378374,NaN,NaN,NaN,raw
810,0.15603272247608402,17.253,0.011,5421.61342,0.15603272247608402,0.5205818694230402,raw
810,0.15615525758221027,17.226356551204816,0.020044913983192168,NaN,NaN,NaN,raw
810,0.15626122995308833,17.199,0.011,6856.70143,0.15626122995308833,0.0916404343170143,raw
810,0.15642508683424283,17.226385542168675,0.031243455101412274,NaN,NaN,NaN,raw
810,0.156425678245796,17.226,0.011,5684.78254,0.156425678245796,0.42425650885707,raw
810,0.15648352943230437,17.22638780120482,0.020053164436946023,NaN,NaN,NaN,raw
810,0.15681207319952445,17.226583396084337,0.02005012490534073,NaN,NaN,NaN,raw
810,0.15701509838132793,17.22668072289157,0.0313948536907267,NaN,NaN,NaN,raw
550,0.15703831069913576,19.051,0.025,6180.52776,0.15703831069913576,0.794888226339026,raw
810,0.15714700332359888,17.22609299698795,0.01977517588116371,NaN,NaN,NaN,raw
810,0.15728367433985113,17.27,0.012,7087.88722,0.15728367433985113,0.5848040525252145,raw
810,0.15747901157456703,17.225989269578314,0.019798885440582486,NaN,NaN,NaN,raw
810,0.1576029733631288,17.227506024096385,0.031877938982834995,NaN,NaN,NaN,raw
550,0.15778310639533238,19.00088095238095,0.04382201555860901,NaN,NaN,NaN,raw
810,0.15780372513047386,17.22709186746988,0.020633134336870695,NaN,NaN,NaN,raw
810,0.15811433377624465,17.227248682228918,0.020632247437609445,NaN,NaN,NaN,raw
810,0.15818712867664533,17.227777108433735,0.03168794369836249,NaN,NaN,NaN,raw
810,0.15843359217569158,17.228675828313254,0.019064077554287365,NaN,NaN,NaN,raw
810,0.15864476657588966,17.197,0.011,7840.89168,0.15864476657588966,0.21821557847579243,raw
810,0.15870346119248796,17.228063001169254,0.015265726472361156,NaN,NaN,NaN,raw
810,0.15876865588392408,17.22879612198795,0.019058792562689955,NaN,NaN,NaN,raw
810,0.1587712588642859,17.22823493975904,0.0316587713298788,NaN,NaN,NaN,raw
810,0.1589052892595646,17.241,0.012,6870.60824,0.1589052892595646,0.8375105102277303,raw
810,0.15896368178073317,17.167,0.013,7256.49673,0.15896368178073317,0.23088881411968032,raw
810,0.15911020024685363,17.228897778614456,0.01904516908174782,NaN,NaN,NaN,raw
810,0.1593443970907437,17.228728915662646,0.03147801553223112,NaN,NaN,NaN,raw
810,0.15943921464217697,17.229038403614457,0.019032574785076386,NaN,NaN,NaN,raw
810,0.15975743555987837,17.228367281626504,0.01953427367608594,NaN,NaN,NaN,raw
810,0.15981975063550635,17.272,0.012,6024.78275,0.15981975063550635,0.6652321490801114,raw
810,0.15991814024417467,17.228777108433736,0.03147993617990981,NaN,NaN,NaN,raw
810,0.16006789167429547,17.228493222891565,0.019529625655439416,NaN,NaN,NaN,raw
810,0.16026431043064804,17.22,0.014,5793.59747,0.16026431043064804,0.17315939165746386,raw
810,0.16039340975622024,17.228243222891567,0.01945506501075565,NaN,NaN,NaN,raw
810,0.16048680485298053,17.22906626506024,0.031360298302185174,NaN,NaN,NaN,raw
550,0.1606662141036958,18.995619047619048,0.049942892557466714,NaN,NaN,NaN,raw
810,0.16070837130710416,17.228266189759037,0.01945308814374395,NaN,NaN,NaN,raw
810,0.16103096707179548,17.22755064006024,0.01892798556047162,NaN,NaN,NaN,raw
810,0.16105761261175747,17.22934337349398,0.03106371045671198,NaN,NaN,NaN,raw
810,0.16136461743902197,17.228541227409636,0.018201115852018158,NaN,NaN,NaN,raw
810,0.16150315231789136,17.232,0.009,6459.69007,0.16150315231789136,0.9070802640380862,raw
810,0.16163964643550002,17.229313253012048,0.031078172291660506,NaN,NaN,NaN,raw
810,0.1617114500609383,17.22869917168675,0.018203735338163034,NaN,NaN,NaN,raw
810,0.16207623748802102,17.22887292921687,0.01820367690968272,NaN,NaN,NaN,raw
810,0.1622265331909082,17.229307228915662,0.031075990081528736,NaN,NaN,NaN,raw
810,0.1623314343887614,17.22,0.016,5734.8458,0.1623314343887614,0.5067022700804955,raw
810,0.16242900342683048,17.230039156626503,0.019225463636637918,NaN,NaN,NaN,raw
550,0.16246703776167642,18.981857142857145,0.035800423596241415,NaN,NaN,NaN,raw
550,0.16249329385027522,18.954,0.016,7924.67601,0.16249329385027522,0.428098691671039,raw
810,0.1626827675063396,17.259,0.016,6123.51557,0.1626827675063396,0.8490791958502086,raw
810,0.16278524691048663,17.228848644578314,0.017797630330901065,NaN,NaN,NaN,raw
810,0.16281479077906078,17.229566265060242,0.031110046227363644,NaN,NaN,NaN,raw
810,0.1631320133116708,17.229207831325304,0.01788542739899093,NaN,NaN,NaN,raw
810,0.16340418249694857,17.229668674698793,0.03116260162520302,NaN,NaN,NaN,raw
810,0.16347822088969133,17.22934393825301,0.01789075991693463,NaN,NaN,NaN,raw
550,0.1636277024339766,18.962619047619047,0.01669066299739245,NaN,NaN,NaN,raw
810,0.1638265184255706,17.229812688253013,0.01719912657663907,NaN,NaN,NaN,raw
810,0.16399239225931128,17.229849397590364,0.03114649987045655,NaN,NaN,NaN,raw
810,0.16417262563007728,17.22994107680723,0.017202303115297798,NaN,NaN,NaN,raw
810,0.164391309615894,17.228,0.009,6397.80986,0.164391309615894,0.5488552699389402,raw
810,0.16453264606253382,17.229675075301206,0.017091234103907352,NaN,NaN,NaN,raw
810,0.16458153358491406,17.229566265060242,0.03111179948472595,NaN,NaN,NaN,raw
550,0.1647137630199096,18.98375856638952,0.02498853296348323,NaN,NaN,NaN,raw
550,0.16471376301990961,18.98375856638952,0.02407955287860895,NaN,NaN,NaN,raw
550,0.16471376301990961,18.98375856638952,0.023263058176247516,NaN,NaN,NaN,raw
810,0.16483014522236772,17.204,0.011,7187.66461,0.16483014522236772,0.002926501434558304,raw
810,0.16490843284783208,17.231362575301205,0.01284069343733676,NaN,NaN,NaN,raw
810,0.16517674029528936,17.229746987951806,0.031189681033857733,NaN,NaN,NaN,raw
810,0.16527260543301908,17.23027729668675,0.014438658867972513,NaN,NaN,NaN,raw
810,0.16562202343639804,17.229057417168676,0.012288908190448292,NaN,NaN,NaN,raw
810,0.1657701932200183,17.23,0.031010653105998882,NaN,NaN,NaN,raw
810,0.16591345589768025,17.227,0.013,5712.59762,0.16591345589768025,0.9191195170606079,raw
550,0.16592277568997815,18.952,0.017,6125.60258,0.16592277568997815,0.31307405212101,raw
810,0.1659768231735569,17.228283132530123,0.013063302758344577,NaN,NaN,NaN,raw
810,0.16633061839580404,17.228682228915666,0.01299699814095466,NaN,NaN,NaN,raw
810,0.16635578694620629,17.230102409638555,0.031022109323605274,NaN,NaN,NaN,raw
550,0.1666564681793586,18.964880952380955,0.020602696144811222,NaN,NaN,NaN,raw
810,0.16669570665103617,17.228804405120485,0.013019081869929013,NaN,NaN,NaN,raw
810,0.16693804170433604,17.230698795180725,0.0313127856313384,NaN,NaN,NaN,raw
810,0.16706134152929464,17.22893825301205,0.013046789441643397,NaN,NaN,NaN,raw
810,0.16742811954253922,17.22865700301205,0.013075632916265635,NaN,NaN,NaN,raw
810,0.16752373073556434,17.231439759036146,0.030819208649148687,NaN,NaN,NaN,raw
810,0.1677939248922385,17.228808170180724,0.013111377948370147,NaN,NaN,NaN,raw
810,0.16809887591244407,17.23156024096386,0.030627863882454868,NaN,NaN,NaN,raw
810,0.16814734962704436,17.22882981927711,0.013112800423920226,NaN,NaN,NaN,raw
810,0.1683036084232299,17.264,0.023,5483.4989,0.1683036084232299,0.8900790916832193,raw
810,0.1684995052401307,17.22726731927711,0.01668993178381002,NaN,NaN,NaN,raw
810,0.16868346581684884,17.231903614457835,0.03076031069624031,NaN,NaN,NaN,raw
810,0.16869949820102192,17.239,0.01,7962.57172,0.16869949820102192,0.4848519006736751,raw
810,0.1688511884164897,17.226505647590365,0.01572320918039353,NaN,NaN,NaN,raw
810,0.16919887582150067,17.22717545180723,0.016303619259249304,NaN,NaN,NaN,raw
810,0.16926577117330277,17.23213253012048,0.03067019917111803,NaN,NaN,NaN,raw
810,0.16953283429475996,17.227342055722893,0.016357071277240603,NaN,NaN,NaN,raw
810,0.1697902877240267,17.212,0.011,6007.7515,0.1697902877240267,0.23636386581347324,raw
810,0.16984668940849917,17.23234337349398,0.030741091610400624,NaN,NaN,NaN,raw
810,0.1698621418504924,17.227502070783135,0.016407359464204664,NaN,NaN,NaN,raw
810,0.17018916063448405,17.229095820783137,0.018764888551053113,NaN,NaN,NaN,raw
810,0.17042594309817335,17.232487951807233,0.030758046584899838,NaN,NaN,NaN,raw
810,0.17051251812449286,17.229890625000003,0.019315999264889507,NaN,NaN,NaN,raw
810,0.170729645557825,17.23082344400391,0.012200417621478053,NaN,NaN,NaN,raw
810,0.17072964555782502,17.230823444003907,0.012239210780173683,NaN,NaN,NaN,raw
810,0.17072964555782502,17.230823444003903,0.01216199101383569,NaN,NaN,NaN,raw
810,0.17083417595233846,17.230864834337353,0.018745811528707492,NaN,NaN,NaN,raw
810,0.17098885891027749,17.221,0.011,6395.72627,0.17098885891027749,0.09217559778699069,raw
810,0.17099791981672752,17.194,0.01,6449.6116,0.17099791981672752,0.3498101795285038,raw
810,0.17100112674363271,17.23296385542169,0.03121807781753046,NaN,NaN,NaN,raw
810,0.17115804293983006,17.231153990963858,0.01879930053265771,NaN,NaN,NaN,raw
810,0.17127173183325795,17.204,0.011,7458.83172,0.17127173183325795,0.013843665103195235,raw
810,0.17146870198896202,17.23132718373494,0.018813849789501267,NaN,NaN,NaN,raw
550,0.1715533349978224,18.98864285714286,0.04044865148053,NaN,NaN,NaN,raw
810,0.17158575754255723,17.232771084337354,0.03145244618369598,NaN,NaN,NaN,raw
810,0.17179327821367063,17.23160071536145,0.018812537405402313,NaN,NaN,NaN,raw
810,0.17210987109418863,17.231472515060243,0.018837039383574873,NaN,NaN,NaN,raw
810,0.1721696290204084,17.232975903614463,0.03129564822245058,NaN,NaN,NaN,raw
810,0.1724085840273452,17.230856927710846,0.01918185847921633,NaN,NaN,NaN,raw
550,0.17254251290744704,18.976880952380956,0.02155821891347029,NaN,NaN,NaN,raw
810,0.1727012622898437,17.230984751506025,0.01919948817279445,NaN,NaN,NaN,raw
810,0.17275792871602888,17.2336265060241,0.030889327702298047,NaN,NaN,NaN,raw
810,0.17298294099927672,17.231685993975905,0.019626237780640026,NaN,NaN,NaN,raw
810,0.17324004874171806,17.223,0.011,6845.58262,0.17324004874171806,0.3091426753944688,raw
810,0.17326960125337548,17.23079574548193,0.018739253127817743,NaN,NaN,NaN,raw
810,0.1733454176258759,17.234150602409642,0.030452868197479825,NaN,NaN,NaN,raw
810,0.1735361247046967,17.23,0.013,5712.60027,0.1735361247046967,0.924787715281127,raw
810,0.17356258053353174,17.230927899096386,0.01876221569517612,NaN,NaN,NaN,raw
810,0.1736004140075238,17.17,0.01,6475.68605,0.1736004140075238,0.1215653125091194,raw
810,0.1738563463238066,17.22992789909639,0.0191665269488665,NaN,NaN,NaN,raw
810,0.17393662914982777,17.234626506024096,0.0301385531185851,NaN,NaN,NaN,raw
810,0.17394078773941146,17.251,0.011,5335.75077,0.17394078773941146,0.8652913122332393,raw
810,0.1740908536412462,17.235,0.011,7118.83367,0.1740908536412462,0.7774881411660317,raw
810,0.17414931528827676,17.23005704066265,0.019195760575086953,NaN,NaN,NaN,raw
810,0.17443333341094697,17.23099454066265,0.01901717942009519,NaN,NaN,NaN,raw
810,0.17453023404274962,17.234969879518072,0.030100724787165224,NaN,NaN,NaN,raw
810,0.17472630188264632,17.231123870481927,0.01904070625394505,NaN,NaN,NaN,raw
810,0.17485591070362716,17.279,0.016,6141.59746,0.17485591070362716,0.5252062635936454,raw
810,0.17492897326519596,17.255,0.01,7872.88089,0.17492897326519596,0.6413035829209548,raw
810,0.17501924370143082,17.231248682228916,0.019063013418504013,NaN,NaN,NaN,raw
810,0.17512319571342672,17.23517469879518,0.030031693736727507,NaN,NaN,NaN,raw
810,0.17530246629789611,17.23174868222892,0.01899524139653407,NaN,NaN,NaN,raw
810,0.17554048389501986,17.239,0.011,7623.61801,0.17554048389501986,0.4822798220484401,raw
810,0.17559114161949504,17.232842432228914,0.01771613631243711,NaN,NaN,NaN,raw
810,0.17571128279224105,17.2355421686747,0.02969921994887022,NaN,NaN,NaN,raw
810,0.1758839628990896,17.232953501506024,0.017728059482101655,NaN,NaN,NaN,raw
810,0.17618474190419112,17.233391001506025,0.01715393666927678,NaN,NaN,NaN,raw
810,0.17629989508835692,17.235753012048193,0.029705307503927292,NaN,NaN,NaN,raw
810,0.17647697236305615,17.233512236445783,0.017163120823510812,NaN,NaN,NaN,raw
810,0.17648675912278122,17.226,0.012,5985.85205,0.17648675912278122,0.3946946092437429,raw
810,0.17649685556534678,17.211,0.012,6085.62682,0.17649685556534678,0.8072130282143917,raw
810,0.17675357352966528,17.23416923945783,0.017540186224387556,NaN,NaN,NaN,raw
810,0.1768894351355165,17.23553012048193,0.029683721627894986,NaN,NaN,NaN,raw
810,0.17702714464098276,17.234261671686745,0.017545026733701802,NaN,NaN,NaN,raw
810,0.17711259461430018,17.254,0.012,6023.74582,0.17711259461430018,0.4472982693605445,raw
810,0.1772934112940396,17.233949171686746,0.01783868150180724,NaN,NaN,NaN,raw
810,0.17747673655438953,17.235512048192774,0.02970761313541899,NaN,NaN,NaN,raw
810,0.1775668406932897,17.23403407379518,0.01784613494943771,NaN,NaN,NaN,raw
810,0.17785269675708598,17.23425451807229,0.017838263479326436,NaN,NaN,NaN,raw
810,0.17805880278185038,17.236132530120482,0.030221714482917113,NaN,NaN,NaN,raw
810,0.17810000348981703,17.207,0.01,7135.86978,0.17810000348981703,0.21675168607544038,raw
810,0.17814170736822682,17.23684826807229,0.013762714605509993,NaN,NaN,NaN,raw
810,0.178433452112636,17.23692526355422,0.013756774741056608,NaN,NaN,NaN,raw
810,0.1786407780363476,17.236265060240964,0.030308948308578807,NaN,NaN,NaN,raw
550,0.17865077315651604,18.99154761904762,0.003915128515451174,NaN,NaN,NaN,raw
810,0.17874344285702426,17.23649548192771,0.0135155930236913,NaN,NaN,NaN,raw
810,0.17887886764947325,17.242,0.012,7465.78731,0.17887886764947325,0.8914522929135273,raw
810,0.17906077869419113,17.23752673192771,0.014612274823469685,NaN,NaN,NaN,raw
810,0.17922168050287826,17.23648192771084,0.03019807798250018,NaN,NaN,NaN,raw
810,0.17936559201495902,17.23649642319277,0.01590365942203648,NaN,NaN,NaN,raw
550,0.17943713579793028,18.98864373897707,0.023678716209298057,NaN,NaN,NaN,raw
810,0.17966555438603823,17.235194653614457,0.013889719832354092,NaN,NaN,NaN,raw
810,0.17980008129927819,17.23648192771084,0.03019807798250018,NaN,NaN,NaN,raw
810,0.17996718734572856,17.235007153614458,0.013652206097318535,NaN,NaN,NaN,raw
810,0.18005198199716688,17.237,0.013,5682.70487,0.18005198199716688,0.9802393776353711,raw
550,0.1801514280345405,18.990000000000002,0.03990951303598183,NaN,NaN,NaN,raw
810,0.18023553010789328,17.229,0.011,6863.66271,0.18023553010789328,0.9814196462302789,raw
810,0.18027197895754757,17.23425169427711,0.014296307917669854,NaN,NaN,NaN,raw
810,0.18037140769065885,17.236518072289154,0.03017338238822842,NaN,NaN,NaN,raw
810,0.18056910356739753,17.23420481927711,0.014282689491821057,NaN,NaN,NaN,raw
810,0.18086753215040546,17.234625376506024,0.014519509537699132,NaN,NaN,NaN,raw
810,0.18089665999650606,17.218,0.012,5336.79613,0.18089665999650606,0.10125647912354907,raw
810,0.18093713222623845,17.236650602409636,0.030024609597013592,NaN,NaN,NaN,raw
810,0.18102086635190062,17.254,0.012,7132.74197,0.18102086635190062,0.5265452417406777,raw
810,0.18114901202970127,17.234445594879517,0.014540698316769709,NaN,NaN,NaN,raw
810,0.18143522269313306,17.234798569277107,0.014465971517966397,NaN,NaN,NaN,raw
810,0.18151220427818815,17.236584337349395,0.030027090725493474,NaN,NaN,NaN,raw
810,0.1817266899969152,17.235986069277107,0.014001587497156893,NaN,NaN,NaN,raw
810,0.18176058163953712,17.213,0.011,6886.60796,0.18176058163953712,0.05999520449040574,raw
810,0.18179578281676276,17.236091923615515,0.017251932053372675,NaN,NaN,NaN,raw
810,0.18179578281676279,17.236091923615515,0.017265706053214255,NaN,NaN,NaN,raw
810,0.18201872997033947,17.23456325301205,0.016191502857124052,NaN,NaN,NaN,raw
810,0.1820951584018788,17.23686746987952,0.02979638826367533,NaN,NaN,NaN,raw
810,0.18230394964024849,17.234035579819277,0.01580824526850784,NaN,NaN,NaN,raw
810,0.1825962454642224,17.23408207831325,0.015814915186641007,NaN,NaN,NaN,raw
810,0.18268351874617822,17.237054216867467,0.02969241429993087,NaN,NaN,NaN,raw
810,0.18284875356403063,17.253,0.011,5742.84882,0.18284875356403063,0.624703676221543,raw
810,0.18287066801217788,17.23412857680723,0.01582332350920629,NaN,NaN,NaN,raw
810,0.18316299997626717,17.23506965361446,0.015033640085964728,NaN,NaN,NaN,raw
810,0.18327246097092084,17.23709036144578,0.029693550424936686,NaN,NaN,NaN,raw
550,0.18343955559867894,19.008,0.02615339366124381,NaN,NaN,NaN,raw
810,0.1834489984832372,17.234967620481928,0.015036344878027979,NaN,NaN,NaN,raw
810,0.1837361968533464,17.234811182228917,0.01498677945020914,NaN,NaN,NaN,raw
810,0.18386049155983583,17.237246987951806,0.02971917792145539,NaN,NaN,NaN,raw
810,0.18401614044815215,17.23532737198795,0.015326790321835919,NaN,NaN,NaN,raw
810,0.1842456004305859,17.268,0.013,6805.60701,0.1842456004305859,0.803602492893333,raw
550,0.18424755643718527,18.996,0.018,6428.75737,0.18424755643718527,0.7438066378672374,raw
810,0.18427914882286495,17.23553106174699,0.015385827271598361,NaN,NaN,NaN,raw
810,0.18428426030732226,17.202,0.014,7475.87096,0.18428426030732226,0.45980210074048955,raw
810,0.1844547065781615,17.237343373493974,0.02974430709073816,NaN,NaN,NaN,raw
810,0.18454894429587831,17.23554612198795,0.015387547275937512,NaN,NaN,NaN,raw
810,0.1845812279752863,17.249,0.011,6150.63967,0.1845812279752863,0.8659755600110657,raw
810,0.18481688559891474,17.23585862198795,0.015351817698919436,NaN,NaN,NaN,raw
810,0.18487652729163528,17.211,0.01,6373.82932,0.18487652729163528,0.255853698028659,raw
810,0.18504847141021932,17.2375,0.029662495450714043,NaN,NaN,NaN,raw
810,0.18509195450443222,17.235061182228918,0.015966895787251443,NaN,NaN,NaN,raw
810,0.1852609974484949,17.249,0.012,6492.72482,0.1852609974484949,0.5665184450663219,raw
810,0.18530725122582226,17.23,0.011,5413.62771,0.18530725122582226,0.4396055618490209,raw
810,0.18535503502934908,17.235681664156623,0.015665452536409132,NaN,NaN,NaN,raw
810,0.18563198689673516,17.236223832831325,0.015996788775653675,NaN,NaN,NaN,raw
810,0.1856455003525988,17.237295180722892,0.02978310850786698,NaN,NaN,NaN,raw
810,0.18582380928637576,17.249,0.013,5707.73748,0.18582380928637576,0.5235584221190948,raw
810,0.18591088473555564,17.23573343373494,0.015671494035447636,NaN,NaN,NaN,raw
550,0.185919682324311,19.038,0.021,7522.80391,0.185919682324311,0.8466940608177538,raw
550,0.18607487725949753,19.009357142857144,0.024824177648380616,NaN,NaN,NaN,raw
810,0.1861839279870488,17.23690267319277,0.01707037206167124,NaN,NaN,NaN,raw
810,0.1862347142850922,17.19,0.01,6418.67629,0.1862347142850922,0.18095391284259676,raw
810,0.18623962405138858,17.237114457831325,0.029766039760734043,NaN,NaN,NaN,raw
810,0.18645949996762995,17.237698042168674,0.016504294773112552,NaN,NaN,NaN,raw
810,0.18674444017726563,17.23773719879518,0.016503747048619403,NaN,NaN,NaN,raw
810,0.1868302029215556,17.237,0.019,7313.52057,0.1868302029215556,0.2016165273525985,raw
810,0.18684032431642608,17.237620481927713,0.029536530064501146,NaN,NaN,NaN,raw
810,0.18702066874451145,17.236423004518073,0.018151973101139147,NaN,NaN,NaN,raw
810,0.1873019816613556,17.23596762048193,0.017903778689093933,NaN,NaN,NaN,raw
810,0.1874546263406736,17.237114457831325,0.02882768296023425,NaN,NaN,NaN,raw
550,0.1874551939628353,19.008690476190477,0.025382817317350054,NaN,NaN,NaN,raw
810,0.1875739958135248,17.234371046686746,0.01996031308248302,NaN,NaN,NaN,raw
810,0.18779273025938892,17.233,0.014,5816.55176,0.18779273025938892,0.2710709921502712,raw
810,0.18782800525529586,17.235988328313255,0.022174665401201738,NaN,NaN,NaN,raw
550,0.18805739301699628,18.99407142857143,0.037468888192973594,NaN,NaN,NaN,raw
810,0.18806921549296832,17.236993975903612,0.028827910925677623,NaN,NaN,NaN,raw
810,0.18808513975962393,17.235061746987952,0.021399836587247135,NaN,NaN,NaN,raw
810,0.1881798755366617,17.253,0.012,5358.70044,0.1881798755366617,0.9533209973360499,raw
810,0.18821634929008724,17.243,0.016,5468.55699,0.18821634929008724,0.9301894012387493,raw
810,0.18836050973153698,17.236211219879515,0.02053716659756107,NaN,NaN,NaN,raw
550,0.18838850654719863,18.994,0.016,7187.6728,0.18838850654719863,0.020444442352527403,raw
810,0.1886500267969057,17.23624736445783,0.020540240995218405,NaN,NaN,NaN,raw
810,0.18868543713359534,17.237481927710842,0.028160518868232353,NaN,NaN,NaN,raw
810,0.18880965180505882,17.239,0.01,7193.58295,0.18880965180505882,0.6619167878543522,raw
550,0.18890729146510812,18.99426026706979,0.0187529463078486,NaN,NaN,NaN,raw
550,0.18890729146510815,18.99426026706979,0.02014389567466987,NaN,NaN,NaN,raw
550,0.18890729146510815,18.994260267069787,0.019411143574864023,NaN,NaN,NaN,raw
810,0.18895502114856394,17.2359312876506,0.02041511128110396,NaN,NaN,NaN,raw
810,0.18917361266721855,17.211,0.02,5476.55321,0.18917361266721855,0.03364599685119174,raw
810,0.18925334705659774,17.237618787650604,0.020519365959636816,NaN,NaN,NaN,raw
810,0.18931523679384554,17.237855421686742,0.02840406822339502,NaN,NaN,NaN,raw
810,0.1895587863255765,17.236853162650604,0.020975937476323803,NaN,NaN,NaN,raw
810,0.18979959198259166,17.254,0.016,5752.58536,0.18979959198259166,0.4506050748132111,raw
810,0.18986212553754783,17.236537462349396,0.020862942325380208,NaN,NaN,NaN,raw
810,0.1899455971941564,17.23830722891566,0.028250323819576106,NaN,NaN,NaN,raw
810,0.19016406052752516,17.2373499623494,0.02110500643439214,NaN,NaN,NaN,raw
810,0.19024958832596894,17.274,0.011,5414.67237,0.19024958832596894,0.6740734688319208,raw
810,0.19045618480247523,17.236684487951806,0.021439868415730225,NaN,NaN,NaN,raw
810,0.19057888501813441,17.238451807228913,0.028356295272172052,NaN,NaN,NaN,raw
550,0.19069925250369124,18.993833333333335,0.00035234877587918517,NaN,NaN,NaN,raw
810,0.19074473967161903,17.237184487951808,0.021917589838169285,NaN,NaN,NaN,raw
810,0.19103087829846682,17.239215737951806,0.02036029373481479,NaN,NaN,NaN,raw
810,0.19121324511022056,17.23812048192771,0.028022673759204624,NaN,NaN,NaN,raw
810,0.19132126091211904,17.240337161144577,0.021211307464324397,NaN,NaN,NaN,raw
810,0.19152283289804473,17.195,0.012,6098.84264,0.19152283289804473,0.07509507065697107,raw
810,0.19159507549532365,17.240403990963856,0.021203821619637544,NaN,NaN,NaN,raw
810,0.1918507669030428,17.238427710843375,0.02810226266422702,NaN,NaN,NaN,raw
810,0.19188817235263056,17.240469314759032,0.021198188883597115,NaN,NaN,NaN,raw
810,0.19197691384033533,17.186,0.012,7100.76223,0.19197691384033533,0.1237130248991889,raw
810,0.19198879369650967,17.289,0.013,7163.68639,0.19198879369650967,0.7148872766483692,raw
810,0.19216819225104315,17.241028237951802,0.021342180463109307,NaN,NaN,NaN,raw
810,0.1924408977219771,17.243340737951804,0.02425459348423486,NaN,NaN,NaN,raw
810,0.19247390456908453,17.238349397590362,0.02814117386147143,NaN,NaN,NaN,raw
810,0.19270693881064957,17.242965926204818,0.02444773903043556,NaN,NaN,NaN,raw
810,0.19297545181381323,17.242778426204815,0.024391244045807656,NaN,NaN,NaN,raw
810,0.19309609940853945,17.23878313253012,0.028379483922431246,NaN,NaN,NaN,raw
810,0.19324510502777725,17.24268674698795,0.02439589741406974,NaN,NaN,NaN,raw
810,0.19330252417952504,17.241701229363656,0.014940238040210921,NaN,NaN,NaN,raw
810,0.19330252417952504,17.24170122936366,0.014892883759313712,NaN,NaN,NaN,raw
810,0.19330252417952506,17.241701229363656,0.014845976922298974,NaN,NaN,NaN,raw
810,0.19350433625329372,17.24317168674699,0.024443286461045616,NaN,NaN,NaN,raw
810,0.19371925266996076,17.2385,0.02789498705915271,NaN,NaN,NaN,raw
810,0.19377349826192897,17.24376543674699,0.024569123356118553,NaN,NaN,NaN,raw
810,0.19403260894828867,17.24468580572289,0.023843032567754878,NaN,NaN,NaN,raw
810,0.19430593958234743,17.24431532379518,0.024043850553620315,NaN,NaN,NaN,raw
810,0.1943410472283494,17.23888554216867,0.02812082430159604,NaN,NaN,NaN,raw
810,0.19442295634871698,17.265,0.011,6103.71071,0.19442295634871698,0.48761798140731116,raw
810,0.19456490633104526,17.243903802710843,0.023985368751031765,NaN,NaN,NaN,raw
810,0.1948225280175393,17.213,0.015,6196.53267,0.1948225280175393,0.02847403334089904,raw
810,0.19482683055157424,17.242956701807227,0.024798083136621366,NaN,NaN,NaN,raw
550,0.19486571766312755,18.978142857142856,0.02697201875867696,NaN,NaN,NaN,raw
810,0.19496785223157762,17.238897590361443,0.02811699141586199,NaN,NaN,NaN,raw
810,0.1949691709050967,17.256,0.012,6205.57155,0.1949691709050967,0.3621206504849397,raw
810,0.19499347715100157,17.216,0.012,7166.81626,0.19499347715100157,0.4094999429962627,raw
810,0.19505756509897765,17.265,0.011,6066.86032,0.19505756509897765,0.666744381584067,raw
810,0.19509123397512876,17.241915097891564,0.024143471308255938,NaN,NaN,NaN,raw
810,0.19536475540870157,17.241999435240963,0.024135695605422315,NaN,NaN,NaN,raw
810,0.1953911503442214,17.255,0.014,6827.86031,0.1953911503442214,0.4021366326669522,raw
810,0.1955318676882598,17.273,0.012,5994.8975,0.1955318676882598,0.7423940800908895,raw
810,0.19559226958410297,17.239138554216865,0.028116835596447228,NaN,NaN,NaN,raw
810,0.19563021371265962,17.24196442018072,0.024142316424970663,NaN,NaN,NaN,raw
550,0.1956518579468788,18.993428571428574,0.03774960883284674,NaN,NaN,NaN,raw
810,0.19589376507147074,17.2434094503012,0.022573494129632856,NaN,NaN,NaN,raw
810,0.19616406640293546,17.245021084337345,0.02400214216953326,NaN,NaN,NaN,raw
810,0.19621942375024776,17.239710843373494,0.028200163386795835,NaN,NaN,NaN,raw
810,0.19641526308987522,17.255,0.01,7596.50878,0.19641526308987522,0.4971895362068608,raw
810,0.1964330359550402,17.24675564759036,0.021471493654899323,NaN,NaN,NaN,raw
810,0.19651930532927508,17.307,0.017,5833.58951,0.19651930532927508,0.7138424031272734,raw
810,0.19658253033048823,17.225,0.013,6433.62872,0.19658253033048823,0.16334528075276467,raw
810,0.19670233729326153,17.24613064759036,0.02046988514754019,NaN,NaN,NaN,raw
810,0.1967722916378989,17.247,0.019,7889.9232,0.1967722916378989,0.09382857272430556,raw
810,0.19684525213693654,17.24006626506024,0.0279532370418381,NaN,NaN,NaN,raw
810,0.19697535930686788,17.24624811746988,0.020434546109524953,NaN,NaN,NaN,raw
810,0.19698083635012154,17.253,0.016,7281.54055,0.19698083635012154,0.7981854065492371,raw
810,0.19723153475019722,17.245254894578313,0.02155099870880569,NaN,NaN,NaN,raw
810,0.19742283608138678,17.258,0.01,6009.84699,0.19742283608138678,0.718496956391391,raw
810,0.19746515463072892,17.240451807228915,0.02822583326282487,NaN,NaN,NaN,raw
810,0.19748525144316031,17.245368034638553,0.02152387888213102,NaN,NaN,NaN,raw
810,0.19773153245463856,17.24605911144578,0.02166359445768607,NaN,NaN,NaN,raw
810,0.1979829185120519,17.24534450301205,0.0213941283507102,NaN,NaN,NaN,raw
810,0.19806181708372605,17.226,0.013,5355.57505,0.19806181708372605,0.2682907943981263,raw
810,0.19808652794092202,17.240831325301208,0.028142632073974664,NaN,NaN,NaN,raw
810,0.19824082449966168,17.247188253012048,0.02105640501671403,NaN,NaN,NaN,raw
810,0.19832717225108354,17.208,0.011,5294.73687,0.19832717225108354,0.1389082879104535,raw
810,0.19849463019451752,17.247291603915663,0.021022488479945332,NaN,NaN,NaN,raw
810,0.1987104978797139,17.240668674698796,0.028260131152887103,NaN,NaN,NaN,raw
810,0.19876093999474198,17.246729103915662,0.021022774455135396,NaN,NaN,NaN,raw
810,0.19903000132663384,17.248166603915664,0.02041778625270489,NaN,NaN,NaN,raw
810,0.19930053207245207,17.247456513554216,0.020207514959754317,NaN,NaN,NaN,raw
810,0.19933157089246423,17.24115060240964,0.028398595242654343,NaN,NaN,NaN,raw
810,0.19956609219034788,17.247175263554215,0.020161716741009222,NaN,NaN,NaN,raw
810,0.199707910836878,17.237,0.012,6454.83629,0.199707910836878,0.5251228448287293,raw
550,0.19975713492333722,18.980476190476192,0.02923735845201787,NaN,NaN,NaN,raw
810,0.19983007114374657,17.246987763554216,0.01994049020892239,NaN,NaN,NaN,raw
810,0.19995647638000055,17.24124096385542,0.028453935281516688,NaN,NaN,NaN,raw
810,0.20009265513489624,17.24932718373494,0.023126730109409133,NaN,NaN,NaN,raw
810,0.2003463925512875,17.249406814759034,0.023096918384989607,NaN,NaN,NaN,raw
810,0.20050040950991388,17.29,0.014,5650.72843,0.20050040950991388,0.5844656717872567,raw
550,0.20055678849530523,18.947,0.018,5831.50503,0.20055678849530523,0.25525907195151376,raw
810,0.20058393950768666,17.241506024096385,0.02830006895546825,NaN,NaN,NaN,raw
810,0.20060098609382349,17.248563064759036,0.023377466095446903,NaN,NaN,NaN,raw
810,0.20060643651959253,17.269,0.015,7799.88389,0.20060643651959253,0.5049014942014765,raw
810,0.20086466630390723,17.246551393072288,0.020816055021502973,NaN,NaN,NaN,raw
810,0.20112649419058207,17.247770143072287,0.020654619601034787,NaN,NaN,NaN,raw
810,0.20121060900448837,17.242108433734938,0.028110824852635972,NaN,NaN,NaN,raw
810,0.20129371359507786,17.207,0.009,6388.78386,0.20129371359507786,0.24275823508833128,raw
810,0.2013937748023337,17.248113893072286,0.020732776170001313,NaN,NaN,NaN,raw
810,0.20166522230666392,17.24792432228916,0.020836209110966845,NaN,NaN,NaN,raw
810,0.20183818684477978,17.242120481927707,0.02812500131840479,NaN,NaN,NaN,raw
810,0.20193381521984355,17.247604103915663,0.020834427607086554,NaN,NaN,NaN,raw
810,0.20220762628324887,17.247131024096383,0.020762505746778667,NaN,NaN,NaN,raw
810,0.20222203959565377,17.261,0.015,6736.7791,0.20222203959565377,0.584645129081764,raw
810,0.20246731018594427,17.24213253012048,0.028119343534876738,NaN,NaN,NaN,raw
810,0.20248299502055264,17.24711690512048,0.020767347337929714,NaN,NaN,NaN,raw
810,0.20275579130200064,17.247644766566264,0.02042514072211659,NaN,NaN,NaN,raw
810,0.2030290818970098,17.246962537650603,0.02101611001684325,NaN,NaN,NaN,raw
550,0.20306275832782766,19.001,0.041413487212222454,NaN,NaN,NaN,raw
810,0.20307551962105208,17.272,0.012,7823.87241,0.20307551962105208,0.8149718290551391,raw
810,0.20308963446696437,17.242204819277102,0.028137006382146505,NaN,NaN,NaN,raw
550,0.20322946260230745,18.971666666666668,0.02730079363925883,NaN,NaN,NaN,raw
810,0.20331270716811156,17.248054781626507,0.019798838353745414,NaN,NaN,NaN,raw
810,0.20349108451227949,17.238,0.016,5264.841,0.20349108451227949,0.1933546471846057,raw
810,0.20360343977154116,17.262,0.011,6419.72527,0.20360343977154116,0.4246620523954334,raw
810,0.2036034523036505,17.248125564759036,0.01977561566306498,NaN,NaN,NaN,raw
810,0.20371454896516056,17.242277108433733,0.028123456511133536,NaN,NaN,NaN,raw
810,0.20388907411688706,17.246,0.014,7257.55529,0.20388907411688706,0.49508802497985016,raw
810,0.20389407430618597,17.24817469879518,0.019759673617350922,NaN,NaN,NaN,raw
810,0.20397919419701793,17.267,0.017,6847.67919,0.20397919419701793,0.793585824114416,raw
810,0.20399495730089257,17.314,0.014,6039.74694,0.20399495730089257,0.6727774834344018,raw
810,0.20417682318261562,17.24739344879518,0.020688152628941848,NaN,NaN,NaN,raw
810,0.20433902107476778,17.242259036144578,0.02812266005843536,NaN,NaN,NaN,raw
810,0.20446704943105395,17.247456701807227,0.020671822746916382,NaN,NaN,NaN,raw
810,0.20456225645102677,17.228,0.016,6496.55565,0.20456225645102677,0.7604444038515794,raw
810,0.20475148913777183,17.24589420180723,0.019188872032946457,NaN,NaN,NaN,raw
810,0.20489151677499134,17.244114613214766,0.015232954588113213,NaN,NaN,NaN,raw
810,0.2049570720519552,17.242626506024095,0.027752897023062027,NaN,NaN,NaN,raw
810,0.204961022704083,17.264,0.014,5742.50886,0.204961022704083,0.8975487074676494,raw
810,0.20504128950273176,17.245954442771083,0.01917767416119788,NaN,NaN,NaN,raw
550,0.20532084486261568,19.000333333333334,0.0330050501186321,NaN,NaN,NaN,raw
810,0.20532527121395105,17.258,0.012,7630.58131,0.20532527121395105,0.3763796982657368,raw
810,0.2053379191871169,17.245516942771083,0.018790764865216712,NaN,NaN,NaN,raw
810,0.205531572275504,17.234,0.014,7965.71335,0.205531572275504,0.20461853346932912,raw
810,0.20557580957186924,17.242753012048194,0.027724496715816192,NaN,NaN,NaN,raw
810,0.20562750868430432,17.245596197289156,0.018781270917693035,NaN,NaN,NaN,raw
810,0.2059146369997534,17.247064947289157,0.017456625011556193,NaN,NaN,NaN,raw
550,0.20606884098378941,18.967,0.018,6048.78649,0.20606884098378941,0.007857192205847241,raw
810,0.20618479011035704,17.24286144578313,0.027740989610388882,NaN,NaN,NaN,raw
810,0.2061887946756268,17.247061182228915,0.017457738796347502,NaN,NaN,NaN,raw
810,0.20627695422444958,17.24,0.01,6116.57778,0.20627695422444958,0.009543748543364927,raw
810,0.2064662266312684,17.24655440512048,0.01727447538318932,NaN,NaN,NaN,raw
810,0.20674013414218526,17.245550263554215,0.018434748428924785,NaN,NaN,NaN,raw
810,0.20679129809006158,17.242891566265055,0.027754775531512902,NaN,NaN,NaN,raw
550,0.20683093527622987,19.033,0.019,7605.55123,0.20683093527622987,0.8384721788788738,raw
810,0.20683182698121527,17.219,0.017,6022.71321,0.20683182698121527,0.23860462221273337,raw
810,0.20701062529846273,17.24471366716867,0.017791948661876607,NaN,NaN,NaN,raw
810,0.20729996607660972,17.24520726656626,0.01793859812505993,NaN,NaN,NaN,raw
810,0.20740318092634058,17.24295180722891,0.027669654580296302,NaN,NaN,NaN,raw
810,0.20757706411263238,17.24544051204819,0.017890322324755667,NaN,NaN,NaN,raw
550,0.20776280277009174,19.001190476190477,0.0330643569524701,NaN,NaN,NaN,raw
810,0.2078556142290095,17.244409262048194,0.017856068964282695,NaN,NaN,NaN,raw
810,0.20801434221695936,17.24293373493975,0.027681770731189884,NaN,NaN,NaN,raw
810,0.20814106997925863,17.244400602409637,0.01785720350672301,NaN,NaN,NaN,raw
810,0.20842127047529446,17.245931852409637,0.019974161489406738,NaN,NaN,NaN,raw
810,0.20863147497359943,17.242722891566263,0.027607558584237503,NaN,NaN,NaN,raw
810,0.2087025715602402,17.245263177710843,0.019600785538662707,NaN,NaN,NaN,raw
810,0.2087558748826268,17.212,0.022,6576.51598,0.2087558748826268,0.7910105370738165,raw
810,0.2090027957764497,17.243122929216867,0.015068279615937798,NaN,NaN,NaN,raw
810,0.2092437163300271,17.243265060240958,0.027587913180099493,NaN,NaN,NaN,raw
810,0.2092925728946028,17.244052334337347,0.015907131764111626,NaN,NaN,NaN,raw
810,0.2095754943597029,17.242958584337348,0.01809876508298318,NaN,NaN,NaN,raw
810,0.20960248012488591,17.24,0.013,7474.83682,0.20960248012488591,0.24783587122510653,raw
810,0.2098575511864039,17.243433734939757,0.027659484765281267,NaN,NaN,NaN,raw
810,0.20986492470292017,17.243054781626505,0.018105122807707673,NaN,NaN,NaN,raw
810,0.2100985864199174,17.255,0.013,6862.63015,0.2100985864199174,0.7728329462206602,raw
810,0.2101734768288333,17.242502823795178,0.01771092579544447,NaN,NaN,NaN,raw
550,0.21038863205025596,19.00357142857143,0.045657107098144384,NaN,NaN,NaN,raw
810,0.21047747291448607,17.24464457831325,0.028674138926119985,NaN,NaN,NaN,raw
810,0.21048181968944846,17.254,0.012,6115.5363,0.21048181968944846,0.7818776794265432,raw
810,0.2104899802634145,17.24215079066265,0.017503701294525817,NaN,NaN,NaN,raw
810,0.21061123247272917,17.242,0.012,5824.55558,0.21061123247272917,0.39078355247147556,raw
810,0.21081897097863728,17.242554405120483,0.017458542596774044,NaN,NaN,NaN,raw
810,0.21109986217618507,17.244783132530117,0.02886207459847228,NaN,NaN,NaN,raw
810,0.21114885824338536,17.243468373493975,0.018218295296472477,NaN,NaN,NaN,raw
810,0.21123235053528333,17.21,0.016,6464.57442,0.21123235053528333,0.3544251623497985,raw
810,0.21146760720507762,17.24334770331325,0.018235225418411376,NaN,NaN,NaN,raw
550,0.21152494322082238,19.015428571428572,0.015524174696260377,NaN,NaN,NaN,raw
550,0.211720047635314,19.003537414965987,0.027745488197585,NaN,NaN,NaN,raw
550,0.211720047635314,19.003537414965987,0.026736221416955086,NaN,NaN,NaN,raw
550,0.211720047635314,19.003537414965987,0.025829643821509003,NaN,NaN,NaN,raw
810,0.21173123662193105,17.245228915662647,0.029047849887031327,NaN,NaN,NaN,raw
810,0.21178580418820792,17.243972703313254,0.018458164287975327,NaN,NaN,NaN,raw
810,0.2120944270455798,17.244107868975902,0.01846582703169009,NaN,NaN,NaN,raw
810,0.2123485393676674,17.258,0.009,7141.79169,0.2123485393676674,0.8833779980213876,raw
810,0.21235822166500476,17.245463855421683,0.02909787903678843,NaN,NaN,NaN,raw
810,0.21241144107680476,17.245014118975902,0.017896703747943114,NaN,NaN,NaN,raw
810,0.21251704349560896,17.229,0.013,6149.60644,0.21251704349560896,0.6559557683740422,raw
810,0.21271618246388108,17.246859375,0.02052789654169197,NaN,NaN,NaN,raw
810,0.21284913297313324,17.242,0.014,5337.85018,0.21284913297313324,0.3558090582937439,raw
810,0.21285548999003367,17.295,0.017,7589.56155,0.21285548999003367,0.6374624695763487,raw
810,0.21298082891528147,17.245602409638554,0.029030575212846712,NaN,NaN,NaN,raw
810,0.2130054913473477,17.24700809487952,0.02051577423404182,NaN,NaN,NaN,raw
810,0.21329429657085686,17.247181099397594,0.02050181020621016,NaN,NaN,NaN,raw
810,0.21359806516452728,17.248330572289156,0.019470926560867567,NaN,NaN,NaN,raw
810,0.21360213221959637,17.245512048192772,0.029011959488377096,NaN,NaN,NaN,raw
810,0.21361188885566662,17.272,0.012,7155.69802,0.21361188885566662,0.628221381426556,raw
810,0.2136157433342305,17.193,0.023,6167.68448,0.2136157433342305,0.3238479066276341,raw
810,0.21389443086489407,17.246322289156627,0.02300394974531792,NaN,NaN,NaN,raw
810,0.21418845643709644,17.245884789156626,0.02325977554937338,NaN,NaN,NaN,raw
810,0.21421884303490735,17.245704819277112,0.02900120542370166,NaN,NaN,NaN,raw
810,0.21447664121409327,17.24606739457831,0.023262849413885782,NaN,NaN,NaN,raw
810,0.21477580158798465,17.245894766566266,0.023214871435589538,NaN,NaN,NaN,raw
810,0.21483469073330316,17.246337349397596,0.029230236362031148,NaN,NaN,NaN,raw
810,0.21507364938424933,17.24662462349398,0.02353917132525692,NaN,NaN,NaN,raw
810,0.21537320498698653,17.246562123493973,0.023521605497821542,NaN,NaN,NaN,raw
810,0.21545338112054996,17.24673493975904,0.029413904911071515,NaN,NaN,NaN,raw
810,0.2154777717156148,17.246620817715556,0.014921283673960582,NaN,NaN,NaN,raw
810,0.21547777171561483,17.246620817715556,0.014968728256881047,NaN,NaN,NaN,raw
810,0.21547777171561483,17.24662081771556,0.014874287388173589,NaN,NaN,NaN,raw
810,0.215675234583428,17.24680082831325,0.02351257163839077,NaN,NaN,NaN,raw
810,0.21598092564177357,17.246966490963857,0.02351657198811607,NaN,NaN,NaN,raw
810,0.21605927516263243,17.246915662650608,0.02961212070400451,NaN,NaN,NaN,raw
810,0.21613220204380923,17.272,0.01,6900.5258,0.21613220204380923,0.8294578186596482,raw
810,0.21629409957388696,17.248341490963853,0.022551984888982916,NaN,NaN,NaN,raw
810,0.21638475688450853,17.239,0.012,7894.79708,0.21638475688450853,0.5187787407048745,raw
810,0.21645925768461893,17.26,0.014,6792.75526,0.21645925768461893,0.31444532830209937,raw
810,0.21659894193019685,17.248495105421686,0.022546840546530788,NaN,NaN,NaN,raw
810,0.21666722952596248,17.247216867469884,0.029784904939398303,NaN,NaN,NaN,raw
810,0.21690337519513447,17.248253953313252,0.022483078697090174,NaN,NaN,NaN,raw
810,0.21697627598041436,17.248,0.015,5832.55368,0.21697627598041436,0.49826136040610436,raw
810,0.21715490531278192,17.302,0.01,6447.88941,0.21715490531278192,0.6661444081510126,raw
810,0.21722626085492225,17.24840625,0.02248007528880481,NaN,NaN,NaN,raw
810,0.21727222648789107,17.247692771084342,0.02984985978600649,NaN,NaN,NaN,raw
550,0.2173552623359813,19.009714285714285,0.04423786851769658,NaN,NaN,NaN,raw
550,0.21753242603474413,19.00761904761905,0.0035060685969889056,NaN,NaN,NaN,raw
810,0.21755029439331297,17.249375,0.022283907534145133,NaN,NaN,NaN,raw
810,0.21787324212589257,17.24825903614458,0.030229612357881387,NaN,NaN,NaN,raw
810,0.21787672835646094,17.249645707831327,0.02224400677269593,NaN,NaN,NaN,raw
810,0.21821921900081792,17.247989457831327,0.02067594420868202,NaN,NaN,NaN,raw
810,0.2184764698800813,17.24878313253012,0.03003676462130467,NaN,NaN,NaN,raw
810,0.21856032269717374,17.248153614457834,0.020677233989806615,NaN,NaN,NaN,raw
810,0.21872741874176427,17.179,0.016,6140.56977,0.21872741874176427,0.32703621465225297,raw
810,0.2189006588470011,17.24795011295181,0.020736032020989864,NaN,NaN,NaN,raw
810,0.21901129843536182,17.226,0.011,6784.76026,0.21901129843536182,0.2135982428153511,raw
810,0.21907946405030176,17.249277108433734,0.029970010567337994,NaN,NaN,NaN,raw
810,0.21924069632381962,17.247299134036147,0.02027860390178734,NaN,NaN,NaN,raw
810,0.21959945907119527,17.24912518825301,0.01769806884110205,NaN,NaN,NaN,raw
810,0.21967171838444202,17.24947590361446,0.02990402867502491,NaN,NaN,NaN,raw
810,0.21995294272180577,17.249384412650603,0.017707102105531686,NaN,NaN,NaN,raw
810,0.22000860239495523,17.268,0.011,7871.85362,0.22000860239495523,0.4440318899250997,raw
810,0.22006759897703887,17.252,0.016,7936.86368,0.22006759897703887,0.4968267715194088,raw
810,0.22027617955885592,17.24963855421687,0.029870864821256317,NaN,NaN,NaN,raw
810,0.22029235012417636,17.24954856927711,0.01770229137084744,NaN,NaN,NaN,raw
810,0.2206152681497593,17.24871310240964,0.018454276532097236,NaN,NaN,NaN,raw
810,0.22088197604324408,17.2500843373494,0.029220252345487887,NaN,NaN,NaN,raw
810,0.22092196396671426,17.247090737951808,0.02075588563781253,NaN,NaN,NaN,raw
810,0.2212265812731974,17.24834073795181,0.023347135909698603,NaN,NaN,NaN,raw
810,0.2212539163629117,17.254,0.014,5695.92979,0.2212539163629117,0.26758579887427913,raw
810,0.22148619202384742,17.250144578313254,0.02923245706718371,NaN,NaN,NaN,raw
810,0.22152557326581956,17.249215737951808,0.023509895024163487,NaN,NaN,NaN,raw
810,0.2218327971050142,17.24895839608434,0.02343298586766278,NaN,NaN,NaN,raw
810,0.2220904038456712,17.25028313253012,0.029214742311196272,NaN,NaN,NaN,raw
810,0.22213620531566067,17.248701618975904,0.02349761583930953,NaN,NaN,NaN,raw
810,0.22243179497330023,17.248389118975904,0.023573621010264417,NaN,NaN,NaN,raw
810,0.222690562778213,17.25033734939759,0.02927664375052856,NaN,NaN,NaN,raw
810,0.22273575799465356,17.246822853915663,0.021467708830698786,NaN,NaN,NaN,raw
810,0.22288611672411207,17.26,0.014,6179.50771,0.22288611672411207,0.6130596998154942,raw
550,0.22295055806760156,19.025428571428574,0.027341752478058704,NaN,NaN,NaN,raw
810,0.22305152467810418,17.245926204819277,0.022022250692524226,NaN,NaN,NaN,raw
810,0.22329501979386926,17.250662650602415,0.02962667803034194,NaN,NaN,NaN,raw
810,0.2233486525479133,17.24485560993976,0.022726656365337734,NaN,NaN,NaN,raw
810,0.2236295994122195,17.244950677710843,0.022749966427787947,NaN,NaN,NaN,raw
810,0.2238151906094572,17.242,0.011,6444.7629,0.2238151906094572,0.9787185893583228,raw
810,0.22389614719866652,17.25085542168675,0.029654426837037746,NaN,NaN,NaN,raw
810,0.22392097484426615,17.247228539156627,0.019324927326420244,NaN,NaN,NaN,raw
810,0.22422166467957932,17.248044804216867,0.01894729216665908,NaN,NaN,NaN,raw
810,0.22449288901407272,17.239,0.016,5999.77463,0.22449288901407272,0.17429581192845944,raw
810,0.224493088113859,17.251168674698796,0.029664924406630693,NaN,NaN,NaN,raw
810,0.22453081984796763,17.247442394578314,0.019211454885654105,NaN,NaN,NaN,raw
810,0.22482911114295612,17.247522213855422,0.019225477180832343,NaN,NaN,NaN,raw
550,0.22485338371799507,19.009571428571427,0.04444134299312958,NaN,NaN,NaN,raw
810,0.22509615125025184,17.25143373493976,0.029499950804718844,NaN,NaN,NaN,raw
810,0.22513555233851298,17.247027861445783,0.018882258135402577,NaN,NaN,NaN,raw
810,0.2254586341696035,17.247046310240965,0.018887560502703262,NaN,NaN,NaN,raw
810,0.2255303198544425,17.254,0.01,7126.84744,0.2255303198544425,0.9184831815982761,raw
810,0.22569572760916212,17.251590361445786,0.029582564948960628,NaN,NaN,NaN,raw
810,0.2257867579392041,17.22,0.013,7945.55685,0.2257867579392041,0.09101949924297514,raw
810,0.22578688692079096,17.246620105421687,0.018980827863259535,NaN,NaN,NaN,raw
810,0.22587354130519088,17.195,0.011,6460.75539,0.22587354130519088,0.18573872771776223,raw
810,0.2258799558512692,17.312,0.014,6165.60286,0.2258799558512692,0.8713819516433432,raw
810,0.2259525006484182,17.267,0.012,7178.64703,0.2259525006484182,0.7148393643310555,raw
810,0.22610288684160026,17.24669860692771,0.019000801714221877,NaN,NaN,NaN,raw
810,0.2262904205388469,17.251765060240963,0.029402724811826292,NaN,NaN,NaN,raw
810,0.22637629226665013,17.239,0.01,6490.65323,0.22637629226665013,0.13550608561308763,raw
810,0.22642607703878243,17.2466656626506,0.018988643956581012,NaN,NaN,NaN,raw
810,0.2264351450248796,17.238,0.012,5969.87764,0.2264351450248796,0.2263465553496644,raw
550,0.2266430281488283,19.057,0.02,6838.64824,0.2266430281488283,0.4769010227792023,raw
810,0.22674632531087047,17.246223644578315,0.01906950607895391,NaN,NaN,NaN,raw
810,0.2268817219960894,17.25187951807229,0.02940146258590855,NaN,NaN,NaN,raw
810,0.22706168962836354,17.245933546686746,0.019076367687008853,NaN,NaN,NaN,raw
550,0.22718137276947448,19.007649386107715,0.02056928621367345,NaN,NaN,NaN,raw
810,0.22735878012883345,17.246019766566263,0.019103129980338848,NaN,NaN,NaN,raw
810,0.227376760358311,17.219,0.012,6211.49282,0.227376760358311,0.027378039090763195,raw
810,0.22738133395978366,17.214,0.01,6761.81845,0.22738133395978366,0.14238064753044455,raw
810,0.22746676953787953,17.25182530120482,0.0294373431911093,NaN,NaN,NaN,raw
810,0.22765503766879133,17.245863516566267,0.01900529064037589,NaN,NaN,NaN,raw
550,0.22768446482864202,19.02635714285714,0.026577860204713144,NaN,NaN,NaN,raw
810,0.2279520003793083,17.24595651355422,0.019036786133421624,NaN,NaN,NaN,raw
810,0.22805143256725816,17.251891566265062,0.029398005311922503,NaN,NaN,NaN,raw
810,0.22825142179147054,17.246316453313256,0.01906842803018402,NaN,NaN,NaN,raw
810,0.22855147499469852,17.246383471385542,0.019088653284528724,NaN,NaN,NaN,raw
810,0.22863337316538304,17.25212048192771,0.029280212613221036,NaN,NaN,NaN,raw
810,0.22884288387003993,17.246258471385545,0.01915155597301202,NaN,NaN,NaN,raw
810,0.22897242943872698,17.23,0.014,6350.89993,0.22897242943872698,0.211201771386186,raw
810,0.22914015796805037,17.246337537650604,0.019177686341862586,NaN,NaN,NaN,raw
810,0.22921703982407404,17.252030120481926,0.02929751767306536,NaN,NaN,NaN,raw
810,0.2294347244558807,17.244823983433733,0.020619562521002468,NaN,NaN,NaN,raw
810,0.22971853355739613,17.24482040662651,0.02061792930419186,NaN,NaN,NaN,raw
810,0.22981472065277492,17.252180722891563,0.02915960035404452,NaN,NaN,NaN,raw
810,0.23001188733208627,17.243989457831326,0.020870561358781327,NaN,NaN,NaN,raw
550,0.23014303440093153,19.017833333333332,0.03679107681671252,NaN,NaN,NaN,raw
810,0.23030684081783911,17.245067959337348,0.020478942606958612,NaN,NaN,NaN,raw
810,0.2304062175719345,17.252590361445783,0.02964478027316653,NaN,NaN,NaN,raw
810,0.2306181371326368,17.246945406626505,0.018387945355435288,NaN,NaN,NaN,raw
810,0.230780267596856,17.236,0.013,5694.89016,0.230780267596856,0.043876773797819624,raw
810,0.23094822778159835,17.24517752259036,0.014166576617878878,NaN,NaN,NaN,raw
810,0.23099397350914108,17.252596385542166,0.029648032060127286,NaN,NaN,NaN,raw
810,0.2312844962427813,17.24514627259036,0.014117904989830012,NaN,NaN,NaN,raw
550,0.2315569826191027,19.012499999999996,0.04482744694938599,NaN,NaN,NaN,raw
810,0.23159600267274116,17.252945783132528,0.029388774609012736,NaN,NaN,NaN,raw
810,0.2316207699565239,17.24526280120482,0.014189506082560569,NaN,NaN,NaN,raw
810,0.23173413673066534,17.236,0.014,7174.82492,0.23173413673066534,0.5395649861056881,raw
810,0.23197347229556253,17.24578219126506,0.014256895249480461,NaN,NaN,NaN,raw
810,0.23218206200544955,17.241,0.012,7092.78032,0.23218206200544955,0.050864699680460035,raw
810,0.23219745879324988,17.253096385542168,0.0294324555788669,NaN,NaN,NaN,raw
550,0.23222909243486356,18.984,0.014,6395.74756,0.23222909243486356,0.1377136883984349,raw
810,0.23234337778093922,17.24634111445783,0.014292508167270927,NaN,NaN,NaN,raw
810,0.23236635800276417,17.255,0.013,7495.70357,0.23236635800276417,0.8806189757997345,raw
810,0.2327183343890864,17.246475903614456,0.014366571105275299,NaN,NaN,NaN,raw
810,0.23279782653041245,17.253638554216863,0.029481202357476827,NaN,NaN,NaN,raw
810,0.23308150781482606,17.247007153614454,0.013612301542875571,NaN,NaN,NaN,raw
550,0.23331728627891565,18.998499999999996,0.014256577429380241,NaN,NaN,NaN,raw
810,0.23339667579864865,17.253518072289154,0.029541080362584612,NaN,NaN,NaN,raw
810,0.23345776292679954,17.24741340361446,0.012762937911533389,NaN,NaN,NaN,raw
810,0.23349784970196197,17.253,0.012,7228.71086,0.23349784970196197,0.7985043229109579,raw
810,0.23381797302499763,17.235,0.011,6697.85359,0.23381797302499763,0.32520870198823104,raw
810,0.23383350037006112,17.247545368975903,0.012831673986490674,NaN,NaN,NaN,raw
810,0.23400585925019296,17.25369879518072,0.029488049943132966,NaN,NaN,NaN,raw
810,0.23420080442371016,17.24714250753012,0.012893043837413068,NaN,NaN,NaN,raw
550,0.23432255896696494,19.00638822145667,0.020716632679578652,NaN,NaN,NaN,raw
550,0.23432255896696494,19.00638822145667,0.01996304676243373,NaN,NaN,NaN,raw
550,0.23432255896696494,19.006388221456675,0.01928613544241496,NaN,NaN,NaN,raw
810,0.23452227886082255,17.203,0.015,6852.55687,0.23452227886082255,0.22666397445027542,raw
810,0.2345591600398993,17.24725489457831,0.01295336946240353,NaN,NaN,NaN,raw
810,0.23461221110293595,17.25388554216868,0.029556194582339598,NaN,NaN,NaN,raw
810,0.23492580452324352,17.248075677710844,0.012653415926978457,NaN,NaN,NaN,raw
810,0.23508304839924676,17.225,0.016,5397.65324,0.23508304839924676,0.2711291713912942,raw
810,0.2352252694832955,17.25451204819277,0.029294893122389278,NaN,NaN,NaN,raw
810,0.23530383285551432,17.24823042168675,0.01273336281046216,NaN,NaN,NaN,raw
550,0.23532281249572407,18.98566666666667,0.01258305739211706,NaN,NaN,NaN,raw
810,0.23568222154364848,17.248378953313257,0.012808428666072218,NaN,NaN,NaN,raw
810,0.23583502337871587,17.255078313253012,0.029857437216506758,NaN,NaN,NaN,raw
810,0.23605257155662787,17.249454254518074,0.014505371368449854,NaN,NaN,NaN,raw
550,0.23616578378278064,18.999,0.014,7141.79997,0.23616578378278064,0.901088443784829,raw
810,0.23641952202862798,17.250106927710846,0.014349503074069847,NaN,NaN,NaN,raw
810,0.2364428566180399,17.255427710843374,0.029936764924118696,NaN,NaN,NaN,raw
810,0.23671309140627272,17.266,0.016,5785.62816,0.23671309140627272,0.12726174477393215,raw
810,0.23678872039407617,17.250525790662653,0.014617635682828142,NaN,NaN,NaN,raw
810,0.2370511793786092,17.25549397590362,0.029943532106374453,NaN,NaN,NaN,raw
810,0.23714886252452988,17.25066792168675,0.014663963140247194,NaN,NaN,NaN,raw
550,0.23749302465767827,18.99495238095238,0.0192504086006634,NaN,NaN,NaN,raw
810,0.2375118543724945,17.25176167168675,0.014838866246864224,NaN,NaN,NaN,raw
550,0.237573561269528,18.974,0.014,7877.76973,0.237573561269528,0.09825233406809275,raw
810,0.23766276711588702,17.255620481927714,0.02993478673276354,NaN,NaN,NaN,raw
810,0.23786827256760507,17.251699171686752,0.01488978019618206,NaN,NaN,NaN,raw
810,0.23822833369962143,17.251847703313256,0.014927825590321128,NaN,NaN,NaN,raw
810,0.23827212055693306,17.255885542168677,0.029981491795945274,NaN,NaN,NaN,raw
810,0.23860234514733036,17.251951807228917,0.014962094965202191,NaN,NaN,NaN,raw
550,0.23873972892072612,19.011857142857142,0.044496943962232235,NaN,NaN,NaN,raw
810,0.23888033345679927,17.25619277108434,0.02977937371640344,NaN,NaN,NaN,raw
810,0.23898209590665404,17.25210862198795,0.015006574297480714,NaN,NaN,NaN,raw
810,0.23899830998198013,17.236,0.012,6468.75584,0.23899830998198013,0.2982430510564882,raw
810,0.2393477397630412,17.252654932228914,0.015373272253746737,NaN,NaN,NaN,raw
810,0.23942149754293496,17.227,0.01,6101.64047,0.23942149754293496,0.05949319463252323,raw
810,0.23949036772224996,17.256048192771086,0.029848264195795515,NaN,NaN,NaN,raw
810,0.23971711289947767,17.251561182228915,0.01654809851609167,NaN,NaN,NaN,raw
810,0.23980516228402848,17.239,0.011,7111.90357,0.23980516228402848,0.9544011634134222,raw
810,0.24008418476632382,17.252306664156627,0.01631363558514276,NaN,NaN,NaN,raw
810,0.24010075288343471,17.255716867469882,0.02995286122530416,NaN,NaN,NaN,raw
810,0.2404515607156818,17.253441076807228,0.017623156392604238,NaN,NaN,NaN,raw
550,0.2406998012935392,19.00097619047619,0.023507091128706085,NaN,NaN,NaN,raw
810,0.24070505290574257,17.256265060240967,0.029666258493895932,NaN,NaN,NaN,raw
810,0.24081598177076316,17.255189759036146,0.015044155187117577,NaN,NaN,NaN,raw
810,0.24083948385783496,17.254046237561003,0.013079889404319119,NaN,NaN,NaN,raw
810,0.240839483857835,17.254046237561006,0.013038431647401896,NaN,NaN,NaN,raw
810,0.240839483857835,17.254046237561006,0.01299736561894854,NaN,NaN,NaN,raw
810,0.24119043956005726,17.255474585843373,0.015104824698632292,NaN,NaN,NaN,raw
810,0.24131394645673826,17.256981927710843,0.029394592966315233,NaN,NaN,NaN,raw
810,0.24155236081873,17.257412085843377,0.015046008965932367,NaN,NaN,NaN,raw
810,0.24191404022457677,17.257561935240965,0.015040072016211086,NaN,NaN,NaN,raw
810,0.24192315867306874,17.25693373493976,0.02934830242205824,NaN,NaN,NaN,raw
810,0.2422574179872754,17.287,0.009,6737.83596,0.2422574179872754,0.8452081373088731,raw
810,0.24227597415980756,17.257695030120484,0.01503622895326299,NaN,NaN,NaN,raw
810,0.24252268270085925,17.256885542168675,0.029341544164319222,NaN,NaN,NaN,raw
810,0.24262635502017266,17.256931664156628,0.01575781447571185,NaN,NaN,NaN,raw
810,0.2428083212034835,17.266,0.014,6815.70914,0.2428083212034835,0.4114799622766441,raw
810,0.24296890229501306,17.25671291415663,0.015676242839829407,NaN,NaN,NaN,raw
810,0.24312055084725895,17.257493975903614,0.029472893964486074,NaN,NaN,NaN,raw
810,0.24331219881909621,17.256842055722892,0.015682897817383766,NaN,NaN,NaN,raw
810,0.24334987586553325,17.271,0.01,6015.77296,0.24334987586553325,0.39380737580177083,raw
810,0.2435874442489876,17.239,0.012,5766.50995,0.2435874442489876,0.23450555237286608,raw
810,0.243643679545858,17.257947665662652,0.016801218053310887,NaN,NaN,NaN,raw
810,0.24371941501777403,17.25784939759036,0.02980860511712756,NaN,NaN,NaN,raw
810,0.24396111316282318,17.257763742469884,0.01685664348672588,NaN,NaN,NaN,raw
810,0.2442667739834871,17.257878388554218,0.016858089976858195,NaN,NaN,NaN,raw
810,0.24433472432945083,17.258331325301203,0.02977458516703963,NaN,NaN,NaN,raw
810,0.24457474868005527,17.25962838855422,0.017411223308110006,NaN,NaN,NaN,raw
810,0.24488302402605713,17.26066039156627,0.016361969563332357,NaN,NaN,NaN,raw
810,0.24494985082876966,17.258656626506024,0.030140622714892193,NaN,NaN,NaN,raw
810,0.24509727920303703,17.271,0.011,6389.84203,0.24509727920303703,0.5061232582847879,raw
810,0.2452087196352384,17.260791415662652,0.01634061798054511,NaN,NaN,NaN,raw
810,0.2453177900679293,17.218,0.013,6543.5022,0.2453177900679293,0.17642598498787265,raw
810,0.24552502803022416,17.26163516566265,0.015869398406983225,NaN,NaN,NaN,raw
810,0.24556427276407505,17.258855421686746,0.030225067874248373,NaN,NaN,NaN,raw
810,0.24576188962964807,17.29,0.016,6523.68646,0.24576188962964807,0.7916930736973882,raw
550,0.24576585163677442,19.019142857142857,0.00851259570955327,NaN,NaN,NaN,raw
550,0.2457861136903635,19.017071428571427,0.046476568597213004,NaN,NaN,NaN,raw
810,0.2458466416170269,17.260112763554215,0.018563561594729383,NaN,NaN,NaN,raw
810,0.2461539181122922,17.26024924698795,0.01855041051691778,NaN,NaN,NaN,raw
810,0.24618375262342665,17.2589578313253,0.030301985615435217,NaN,NaN,NaN,raw
810,0.24644477553985875,17.261249811746985,0.019219902243254372,NaN,NaN,NaN,raw
810,0.2465948603603465,17.263,0.017,6817.79634,0.2465948603603465,0.8758812176656647,raw
810,0.24666452867677435,17.287,0.012,6544.54561,0.24666452867677435,0.4082202135650732,raw
810,0.24673349083008683,17.261374623493978,0.019203931590343302,NaN,NaN,NaN,raw
810,0.2467990104703924,17.259307228915663,0.030589098010942343,NaN,NaN,NaN,raw
810,0.24703101288353713,17.26057078313253,0.018626371466268138,NaN,NaN,NaN,raw
810,0.24733279429171937,17.26085560993976,0.018637884144493338,NaN,NaN,NaN,raw
810,0.24741690930610077,17.25933734939759,0.030638766138790335,NaN,NaN,NaN,raw
810,0.24763221819483144,17.260697289156624,0.018614278032027344,NaN,NaN,NaN,raw
810,0.24765504414972384,17.231,0.01,6403.74881,0.24765504414972384,0.25192916591731773,raw
810,0.2476746042011655,17.259,0.009,7154.66692,0.2476746042011655,0.4227575377935864,raw
810,0.247938588734596,17.26036935240964,0.018764366453453835,NaN,NaN,NaN,raw
810,0.24803666814927033,17.259626506024095,0.030539080116873413,NaN,NaN,NaN,raw
810,0.24824029212262244,17.26005704066265,0.018664627876622878,NaN,NaN,NaN,raw
810,0.24827015037226374,17.291,0.011,6545.58911,0.24827015037226374,0.6402069469859271,raw
810,0.24842999629981932,17.25,0.012,6096.77654,0.24842999629981932,0.6558255067629943,raw
810,0.24854156821921547,17.26143204066265,0.018684044226717354,NaN,NaN,NaN,raw
810,0.24866147971804448,17.259861445783134,0.030591325097654366,NaN,NaN,NaN,raw
810,0.24884916094839274,17.26199924698795,0.018846573865089283,NaN,NaN,NaN,raw
810,0.2488535002721619,17.292,0.015,5627.80052,0.2488535002721619,0.5429793803778011,raw
810,0.24913931866927244,17.26209092620482,0.018835287882552763,NaN,NaN,NaN,raw
810,0.24928630861499385,17.260024096385543,0.03062638035127492,NaN,NaN,NaN,raw
810,0.24941763265114622,17.261195406626506,0.019666723752896693,NaN,NaN,NaN,raw
810,0.24969278223027067,17.260695406626503,0.01961272935095116,NaN,NaN,NaN,raw
810,0.2499126272160505,17.260240963855424,0.03073921209591221,NaN,NaN,NaN,raw
810,0.2499270309235726,17.266,0.014,5341.68719,0.2499270309235726,0.5629536831202131,raw
810,0.2499715045617135,17.262059299698798,0.017999023604599856,NaN,NaN,NaN,raw
810,0.25025806665706896,17.261563817771084,0.01830568955101091,NaN,NaN,NaN,raw
810,0.2503923876611225,17.207,0.011,6379.7621,0.2503923876611225,0.9457303173949185,raw
550,0.2504527622132584,19.037857142857145,0.026722592291459634,NaN,NaN,NaN,raw
550,0.2505056441817203,19.02529532967033,0.028131164917826978,NaN,NaN,NaN,raw
550,0.2505056441817203,19.02529532967033,0.02785935984870219,NaN,NaN,NaN,raw
810,0.25053790075423193,17.260632530120485,0.03071438162177744,NaN,NaN,NaN,raw
810,0.2505421248674834,17.260678840361443,0.017555792771242043,NaN,NaN,NaN,raw
810,0.25062138413886714,17.289,0.014,5634.75408,0.25062138413886714,0.41624595445682644,raw
810,0.2508229807047302,17.26014890813253,0.01786267721727455,NaN,NaN,NaN,raw
810,0.2511002466291883,17.260107304216866,0.017857372143177903,NaN,NaN,NaN,raw
810,0.25116204796036784,17.260927710843376,0.03043972011679164,NaN,NaN,NaN,raw
810,0.2513852418557816,17.25879480421687,0.017353391868762023,NaN,NaN,NaN,raw
810,0.25167217221300675,17.258410203313254,0.017477605898235993,NaN,NaN,NaN,raw
810,0.2517781236976852,17.261277108433738,0.030496224606080917,NaN,NaN,NaN,raw
810,0.2519429771773366,17.25848964608434,0.017487730753456606,NaN,NaN,NaN,raw
810,0.2521796877626912,17.266,0.02,5856.55358,0.2521796877626912,0.832672863467451,raw
810,0.252217644047264,17.259270896084338,0.01676346736387458,NaN,NaN,NaN,raw
810,0.25238988610306984,17.260933734939762,0.030491754581867425,NaN,NaN,NaN,raw
810,0.25249960421521095,17.25936746987952,0.016770756549146462,NaN,NaN,NaN,raw
810,0.2527707410576413,17.259316641566265,0.016772410846523936,NaN,NaN,NaN,raw
550,0.2527717122992336,19.0285,0.04757948814676022,NaN,NaN,NaN,raw
550,0.25280046065017814,19.068,0.021,6133.62867,0.25280046065017814,0.48042086692657904,raw
810,0.25292440811972483,17.247,0.012,7222.80761,0.25292440811972483,0.1717906822086661,raw
810,0.253004384282379,17.26100602409639,0.030525200118561132,NaN,NaN,NaN,raw
810,0.25305338424304696,17.25841980421687,0.01576036371623895,NaN,NaN,NaN,raw
810,0.2532282793399645,17.283,0.015,6203.50592,0.2532282793399645,0.9438563896728738,raw
810,0.25334725250790885,17.25713855421687,0.017977543065021355,NaN,NaN,NaN,raw
810,0.253562382351447,17.276,0.014,5596.86155,0.253562382351447,0.36629458331844944,raw
810,0.25361977139760183,17.261265060240966,0.030245293883802187,NaN,NaN,NaN,raw
810,0.253635282906986,17.255986634036145,0.01895199282784207,NaN,NaN,NaN,raw
810,0.2538558982487302,17.23,0.013,6204.54908,0.2538558982487302,0.17511588256820687,raw
810,0.25386225826458,17.260456732977325,0.015376619585244476,NaN,NaN,NaN,raw
810,0.2539020657350193,17.255,0.015,7207.51147,0.2539020657350193,0.45422331032568763,raw
810,0.2539193798567461,17.25505252259036,0.017822702852359724,NaN,NaN,NaN,raw
810,0.2542095377779825,17.255121611445784,0.017846865335687058,NaN,NaN,NaN,raw
810,0.2542369046741003,17.261644578313255,0.03063470305116774,NaN,NaN,NaN,raw
550,0.25440539350400243,19.04251157770801,0.01898303643889419,NaN,NaN,NaN,raw
550,0.2544053935040025,19.042511577708005,0.020391052122487017,NaN,NaN,NaN,raw
550,0.2544053935040025,19.042511577708005,0.01964930948733272,NaN,NaN,NaN,raw
810,0.25449973417862126,17.255174134036146,0.017864881436280056,NaN,NaN,NaN,raw
810,0.25473425981545006,17.243,0.012,6076.61519,0.25473425981545006,0.5318526003247825,raw
810,0.2548060054604504,17.254205384036148,0.018097886804945947,NaN,NaN,NaN,raw
810,0.2548517523629093,17.26168072289157,0.030650530502428885,NaN,NaN,NaN,raw
550,0.25501778542526327,19.043166666666668,0.02162367529661356,NaN,NaN,NaN,raw
810,0.25510076185980507,17.255921498493976,0.015953963267962428,NaN,NaN,NaN,raw
810,0.25517113941532443,17.242,0.017,7938.61412,0.25517113941532443,0.24091767487334437,raw
810,0.25540510345320044,17.25674548192771,0.016860289613251266,NaN,NaN,NaN,raw
810,0.2554673699430048,17.261668674698793,0.030660286929455997,NaN,NaN,NaN,raw
810,0.25571245006266496,17.25590982680723,0.015842011787545136,NaN,NaN,NaN,raw
810,0.25578437592776027,17.245,0.009,6722.89183,0.25578437592776027,0.880569994011239,raw
810,0.2559807819015987,17.247,0.01,6387.75993,0.2559807819015987,0.05263061079494946,raw
810,0.2560136946707194,17.256162085843375,0.01598808692373958,NaN,NaN,NaN,raw
810,0.2560826681646538,17.26187951807229,0.030782678163503822,NaN,NaN,NaN,raw
810,0.2563045456814703,17.256201807228916,0.016002777021377618,NaN,NaN,NaN,raw
810,0.2564443839874002,17.256,0.019,5841.60623,0.2564443839874002,0.8611473246000969,raw
810,0.25660272405080997,17.2561140813253,0.015954954505681268,NaN,NaN,NaN,raw
810,0.25669732957546976,17.262090361445782,0.030793116564377734,NaN,NaN,NaN,raw
810,0.25671304710704135,17.258,0.011,6390.88901,0.25671304710704135,0.7455535123899608,raw
810,0.25689899913016323,17.259459902108432,0.02541804221638741,NaN,NaN,NaN,raw
810,0.2571934680603335,17.259971009036143,0.02532367852581222,NaN,NaN,NaN,raw
550,0.25729406226322943,19.06266666666667,0.027392213005403614,NaN,NaN,NaN,raw
810,0.25731473230524604,17.26230120481928,0.030946379800907864,NaN,NaN,NaN,raw
810,0.257505092376038,17.26005704066265,0.025331983203397853,NaN,NaN,NaN,raw
810,0.25781472014908724,17.26043204066265,0.025767647624824343,NaN,NaN,NaN,raw
810,0.25783378077539965,17.209,0.012,7153.62751,0.25783378077539965,0.19951908011717023,raw
810,0.25787845248851227,17.223,0.02,6931.48092,0.25787845248851227,0.040686540723982034,raw
810,0.2579446026644861,17.26210843373494,0.030721234211394256,NaN,NaN,NaN,raw
810,0.25812857410955425,17.260051957831323,0.025619884882144325,NaN,NaN,NaN,raw
810,0.25846026052191373,17.260139118975903,0.02562888799549616,NaN,NaN,NaN,raw
810,0.25857136209455656,17.262234939759036,0.030623009506063777,NaN,NaN,NaN,raw
810,0.2588043010641528,17.261213478915664,0.025038496432328885,NaN,NaN,NaN,raw
810,0.25915337614819844,17.262432228915664,0.025667560049617545,NaN,NaN,NaN,raw
810,0.2591989120364924,17.26192168674699,0.030869812843884105,NaN,NaN,NaN,raw
550,0.25948118332637804,19.032999999999998,0.044172737850746366,NaN,NaN,NaN,raw
810,0.2595051408049146,17.262524284638555,0.02566992640593691,NaN,NaN,NaN,raw
550,0.25960054281313205,19.087,0.015,7110.86751,0.25960054281313205,0.738328163864935,raw
550,0.2597026146633133,19.05333333333333,0.02936551265231688,NaN,NaN,NaN,raw
810,0.2597277119421051,17.235,0.01,6372.8124,0.2597277119421051,0.08072006223301287,raw
810,0.2598245924404708,17.261915662650605,0.030870680340895476,NaN,NaN,NaN,raw
810,0.2598441536065609,17.263399284638556,0.02545928997851504,NaN,NaN,NaN,raw
550,0.2600261178504297,19.04,0.018,5690.72856,0.2600261178504297,0.14245272989865043,raw
810,0.2601826687806791,17.262815512048192,0.025712875460465707,NaN,NaN,NaN,raw
810,0.2602768317428854,17.287,0.014,5444.59438,0.2602768317428854,0.6755390723865276,raw
810,0.2604564756417299,17.262259036144584,0.030875297711314864,NaN,NaN,NaN,raw
810,0.26051541804965683,17.262878012048194,0.025663029671554243,NaN,NaN,NaN,raw
810,0.2608018754181103,17.269,0.016,7273.56685,0.2608018754181103,0.7428978011030267,raw
810,0.26084815348870616,17.26297326807229,0.025664053173040675,NaN,NaN,NaN,raw
810,0.26108535604171595,17.26254819277109,0.03089033529918298,NaN,NaN,NaN,raw
810,0.26119057184199523,17.2635843373494,0.025454237517842798,NaN,NaN,NaN,raw
810,0.26152758818749267,17.263990587349397,0.02528418504492933,NaN,NaN,NaN,raw
810,0.2617213955815594,17.263192771084338,0.031091831853915133,NaN,NaN,NaN,raw
810,0.26187065678097454,17.26546310240964,0.0265001493661939,NaN,NaN,NaN,raw
810,0.26187068864237517,17.368,0.016,6546.63678,0.26187068864237517,0.8811130715694162,raw
550,0.2619650138610398,19.05483333333333,0.027885181249785247,NaN,NaN,NaN,raw
810,0.2622121826731344,17.265734939759035,0.02644450342927446,NaN,NaN,NaN,raw
810,0.26234741388517324,17.26335542168675,0.03089238703123752,NaN,NaN,NaN,raw
810,0.2625655832567691,17.265811182228916,0.0264371727756169,NaN,NaN,NaN,raw
810,0.2629375524153193,17.26690493222892,0.026824749783505603,NaN,NaN,NaN,raw
810,0.2629763623849229,17.263759036144577,0.03102280309373456,NaN,NaN,NaN,raw
810,0.2631363680775394,17.295,0.013,5620.85254,0.2631363680775394,0.6816481067035056,raw
810,0.2632913252137931,17.266985504518075,0.0268143458746348,NaN,NaN,NaN,raw
810,0.26360570908639286,17.263837349397594,0.031016965878784265,NaN,NaN,NaN,raw
810,0.26363658267109064,17.269641754518073,0.02503608136086825,NaN,NaN,NaN,raw
810,0.2639925745170348,17.270952936746987,0.023570373678934185,NaN,NaN,NaN,raw
810,0.2642337365931046,17.26405421686747,0.03107356979308972,NaN,NaN,NaN,raw
810,0.2643574282623262,17.27179329819277,0.023723753306463886,NaN,NaN,NaN,raw
810,0.2647111285910808,17.27187876506024,0.02369311433868987,NaN,NaN,NaN,raw
810,0.26486519560038063,17.26437951807229,0.031123905881847425,NaN,NaN,NaN,raw
810,0.26505553082132083,17.2727874623494,0.023855971398070414,NaN,NaN,NaN,raw
810,0.26507246842447785,17.294,0.017,6940.52225,0.26507246842447785,0.3795735675448668,raw
810,0.2653925136098079,17.273733998493977,0.02288963070495313,NaN,NaN,NaN,raw
810,0.2654767673978889,17.26622647452815,0.015685686862562227,NaN,NaN,NaN,raw
810,0.2654767673978889,17.266226474528146,0.015635969821926318,NaN,NaN,NaN,raw
810,0.2654767673978889,17.266226474528146,0.015586722550554457,NaN,NaN,NaN,raw
810,0.26549337368901815,17.26459036144578,0.030870810433778113,NaN,NaN,NaN,raw
810,0.2655826694681309,17.271,0.013,6025.86246,0.2655826694681309,0.9746699985698797,raw
810,0.26568423793469265,17.243,0.011,5659.78992,0.26568423793469265,0.9664737839411828,raw
550,0.26573032460271945,19.00916666666667,0.05125508104893883,NaN,NaN,NaN,raw
810,0.265734165559122,17.275392884036144,0.02390649796031785,NaN,NaN,NaN,raw
810,0.26581911602261243,17.244,0.01,6769.8277,0.26581911602261243,0.2737076668472582,raw
810,0.2660734435362836,17.27520538403615,0.023835951157429886,NaN,NaN,NaN,raw
810,0.2661149039925816,17.26471686746988,0.030886664060633867,NaN,NaN,NaN,raw
550,0.2662683809195577,19.037499999999998,0.047272939079676043,NaN,NaN,NaN,raw
810,0.2664071549149857,17.27531607680723,0.023782053524771713,NaN,NaN,NaN,raw
810,0.26673737018597776,17.27584732680723,0.023826246238307622,NaN,NaN,NaN,raw
810,0.26674176323301135,17.26455421686747,0.031145894427452497,NaN,NaN,NaN,raw
810,0.2667653049575165,17.26,0.015,5823.53216,0.2667653049575165,0.20174678896546538,raw
810,0.26706086315607536,17.309,0.011,6405.84144,0.26706086315607536,0.7279448803019477,raw
810,0.2670645236912054,17.275642695783134,0.0239718246953427,NaN,NaN,NaN,raw
810,0.2673732125365158,17.264698795180724,0.03109622794615139,NaN,NaN,NaN,raw
810,0.26737812446516424,17.275721197289155,0.023933822282681552,NaN,NaN,NaN,raw
810,0.2677065740537227,17.27252466114458,0.017053541955666347,NaN,NaN,NaN,raw
810,0.2680061482517787,17.264530120481925,0.031006680550701875,NaN,NaN,NaN,raw
810,0.26803938381444403,17.272618034638555,0.017009841989298797,NaN,NaN,NaN,raw
810,0.2683718409141006,17.2727078313253,0.016969101749098967,NaN,NaN,NaN,raw
810,0.26861606018064776,17.293,0.013,5794.67808,0.26861606018064776,0.484522289600136,raw
810,0.2686354618564077,17.26487951807229,0.03141545560190759,NaN,NaN,NaN,raw
810,0.2687074756509714,17.2715203313253,0.016686031457704142,NaN,NaN,NaN,raw
810,0.2688820194089203,17.294,0.014,7498.84509,0.2688820194089203,0.6001503248935478,raw
810,0.2690373794425204,17.27090041415663,0.017336495098688707,NaN,NaN,NaN,raw
550,0.26909597227942667,19.03832610907611,0.025358918238126076,NaN,NaN,NaN,raw
810,0.2692701915587251,17.2649578313253,0.031250959240480346,NaN,NaN,NaN,raw
810,0.26934966143867745,17.270990210843372,0.01730730766372072,NaN,NaN,NaN,raw
810,0.2696199225138116,17.289,0.011,7867.6991,0.2696199225138116,0.557751560518227,raw
810,0.2696426440924019,17.270884600903614,0.017359180892159924,NaN,NaN,NaN,raw
550,0.2698604249062122,19.00911904761905,0.05121216041283143,NaN,NaN,NaN,raw
810,0.26988977261470315,17.264969879518073,0.031254076039395326,NaN,NaN,NaN,raw
810,0.26993381745613665,17.269759600903612,0.01697509301006289,NaN,NaN,NaN,raw
810,0.2702147212004039,17.270491152108434,0.01724737758191096,NaN,NaN,NaN,raw
810,0.27021978340417263,17.291,0.018,7449.82729,0.27021978340417263,0.7538836248313601,raw
810,0.2705041106436814,17.270371799698793,0.017256954850932038,NaN,NaN,NaN,raw
810,0.2705111611736926,17.265289156626505,0.031257883415996786,NaN,NaN,NaN,raw
810,0.2707574548185221,17.315,0.016,6477.80571,0.2707574548185221,0.6553966487463185,raw
810,0.2708036293914764,17.272434299698794,0.017815066704536243,NaN,NaN,NaN,raw
550,0.27089647503817105,18.95,0.022,6380.81217,0.27089647503817105,0.19176990451887832,raw
810,0.2711007705498749,17.273278049698796,0.01704778977119094,NaN,NaN,NaN,raw
810,0.2711337270120566,17.281,0.014,7971.64616,0.2711337270120566,0.8945593211174128,raw
810,0.2711352397601956,17.265801204819276,0.03186110384047533,NaN,NaN,NaN,raw
810,0.271368764089857,17.286,0.014,7146.67927,0.271368764089857,0.33763168133373256,raw
810,0.27139259177114927,17.27335391566265,0.017013829922914656,NaN,NaN,NaN,raw
810,0.27155426820900175,17.256,0.014,7255.49293,0.27155426820900175,0.08381810687751567,raw
810,0.2716687538902657,17.27377409638554,0.016955429627959442,NaN,NaN,NaN,raw
810,0.271756620348242,17.265704819277108,0.03193938730599403,NaN,NaN,NaN,raw
810,0.2719590104089347,17.273992093373494,0.016816901423066955,NaN,NaN,NaN,raw
810,0.2722572751917623,17.27230459337349,0.015873567460896906,NaN,NaN,NaN,raw
810,0.2723810754762463,17.265710843373494,0.031946367980776755,NaN,NaN,NaN,raw
550,0.2724164187609079,19.03985714285714,0.04910719380616734,NaN,NaN,NaN,raw
810,0.2725469332435401,17.272782756024096,0.015867525280502896,NaN,NaN,NaN,raw
810,0.27281724720290357,17.27287217620482,0.015827530299649808,NaN,NaN,NaN,raw
810,0.2729973262282537,17.266343373493974,0.03125102933682618,NaN,NaN,NaN,raw
810,0.27307359000405484,17.27109092620482,0.01667403720132445,NaN,NaN,NaN,raw
810,0.27333607274453364,17.27096969126506,0.0167346500506682,NaN,NaN,NaN,raw
550,0.27354560289477703,19.02925968806326,0.027451912958837914,NaN,NaN,NaN,raw
550,0.2735456028947771,19.029259688063256,0.026453325238312227,NaN,NaN,NaN,raw
550,0.2735456028947771,19.02925968806326,0.025556340147857598,NaN,NaN,NaN,raw
810,0.2735950681984526,17.26890719126506,0.017835609658729937,NaN,NaN,NaN,raw
810,0.273614989573934,17.26663253012048,0.03109716778854277,NaN,NaN,NaN,raw
550,0.27380361161725714,19.00895238095238,0.051074242346729616,NaN,NaN,NaN,raw
810,0.2738446588663374,17.268985692771086,0.017823190176785637,NaN,NaN,NaN,raw
810,0.2738766796574055,17.257,0.013,5762.69636,0.2738766796574055,0.07745496616553282,raw
810,0.27408433606855404,17.267454442771083,0.018150105297819682,NaN,NaN,NaN,raw
810,0.2741626304159581,17.244,0.01,6498.66573,0.2741626304159581,0.27378466878508334,raw
810,0.274226760470131,17.266927710843373,0.03134182340135845,NaN,NaN,NaN,raw
810,0.2742406405195652,17.261,0.011,7869.78659,0.2742406405195652,0.022773109296394978,raw
810,0.27432211815200835,17.267174134036146,0.018258654917280046,NaN,NaN,NaN,raw
810,0.2743900160639896,17.258,0.014,5450.50929,0.2743900160639896,0.3271927852601948,raw
810,0.27448229350557085,17.288,0.012,5831.53073,0.27448229350557085,0.310229899982005,raw
810,0.27456064228787824,17.266442394578313,0.01773468905715724,NaN,NaN,NaN,raw
810,0.2747918413666567,17.265620858433735,0.018386752458096445,NaN,NaN,NaN,raw
810,0.27484313165301083,17.267180722891567,0.03139007547397962,NaN,NaN,NaN,raw
810,0.27503212997756427,17.26415060240964,0.01604249744879723,NaN,NaN,NaN,raw
810,0.27526883786413237,17.309,0.016,5806.5004,0.27526883786413237,0.7717876449096366,raw
810,0.2752793134625777,17.26375734186747,0.01576802918178546,NaN,NaN,NaN,raw
810,0.275327633091365,17.271,0.012,5746.70509,0.275327633091365,0.8730443379299686,raw
810,0.27545318307336153,17.267144578313253,0.03140879341459163,NaN,NaN,NaN,raw
810,0.27554512405396075,17.263830195783132,0.015783155703627504,NaN,NaN,NaN,raw
810,0.27557895104473573,17.278,0.012,7265.5761,0.27557895104473573,0.6511412221971113,raw
810,0.27582233700843006,17.26326731927711,0.01528017509642744,NaN,NaN,NaN,raw
810,0.2760535135549255,17.26697590361446,0.03152237335458425,NaN,NaN,NaN,raw
810,0.27611238160334506,17.26365512048193,0.01524722431174376,NaN,NaN,NaN,raw
550,0.2762424389571347,19.040619047619046,0.004054056505483961,NaN,NaN,NaN,raw
810,0.2764004746925839,17.26278934487952,0.015899696802529655,NaN,NaN,NaN,raw
810,0.2766053362065577,17.255,0.018,7207.86701,0.2766053362065577,0.2147030067335436,raw
810,0.27664227019340615,17.28,0.011,5715.76494,0.27664227019340615,0.6938355884558405,raw
810,0.2766561949514083,17.26739156626506,0.03164572336396995,NaN,NaN,NaN,raw
810,0.27667097990096745,17.264517131024096,0.01894067860633638,NaN,NaN,NaN,raw
810,0.2768190298174886,17.236,0.014,5668.83262,0.2768190298174886,0.30829116229506326,raw
810,0.27693461387730783,17.264587725903613,0.01895191142929481,NaN,NaN,NaN,raw
810,0.2770349095517304,17.261,0.012,5385.50017,0.2770349095517304,0.27640850982606935,raw
810,0.27716873967933975,17.267702386699906,0.01717025939123898,NaN,NaN,NaN,raw
810,0.27716873967933975,17.26770238669991,0.017156561535535544,NaN,NaN,NaN,raw
810,0.27716987393432646,17.228,0.01,7194.65661,0.27716987393432646,0.9584140338592988,raw
810,0.2771908043908373,17.264661709337346,0.018964767959428766,NaN,NaN,NaN,raw
810,0.27725709293103884,17.267469879518075,0.03159107559034817,NaN,NaN,NaN,raw
810,0.27728959298474365,17.24,0.015,6705.86459,0.27728959298474365,0.46027887107447896,raw
810,0.2774455823485489,17.265037274096386,0.01892710778323051,NaN,NaN,NaN,raw
810,0.27749879928524024,17.256,0.012,6010.91777,0.27749879928524024,0.008834047348500462,raw
810,0.27771018805160064,17.265832643072287,0.018545476192757315,NaN,NaN,NaN,raw
810,0.2778525557520101,17.2675843373494,0.03157639310750112,NaN,NaN,NaN,raw
810,0.2779095316946041,17.239,0.009,6018.9138,0.2779095316946041,0.11188424384272366,raw
810,0.27799150911266063,17.265916980421686,0.01855674985198345,NaN,NaN,NaN,raw
550,0.2780979410526925,19.037,0.042,6140.59041,0.2780979410526925,0.37118399249447975,raw
550,0.2782129570578036,19.044999999999998,0.04650889079602886,NaN,NaN,NaN,raw
810,0.27829088047346695,17.266191641566266,0.018546667320326372,NaN,NaN,NaN,raw
810,0.2784466903675634,17.267951807228915,0.03137356679888062,NaN,NaN,NaN,raw
810,0.27859810189224654,17.266254141566264,0.01852152484765525,NaN,NaN,NaN,raw
810,0.2789082267079403,17.265689759036146,0.018108064408929498,NaN,NaN,NaN,raw
810,0.2790435985324873,17.2684156626506,0.03085335002459294,NaN,NaN,NaN,raw
810,0.2792075958431504,17.265902861445785,0.018166209169287524,NaN,NaN,NaN,raw
810,0.2794972437742907,17.265652861445783,0.017600212247788946,NaN,NaN,NaN,raw
810,0.279641178684453,17.268132530120482,0.03066604917072803,NaN,NaN,NaN,raw
810,0.27978919198942626,17.264340361445782,0.018719066498324628,NaN,NaN,NaN,raw
810,0.2800874240220218,17.264439759036144,0.018742866757626292,NaN,NaN,NaN,raw
550,0.28011319661726747,19.044785714285712,0.007680813626120403,NaN,NaN,NaN,raw
810,0.2802395786328739,17.267987951807225,0.030727933782917435,NaN,NaN,NaN,raw
810,0.28040019990934173,17.26420576054217,0.018614412621265133,NaN,NaN,NaN,raw
810,0.2807164566555208,17.264315888554215,0.01864173494128814,NaN,NaN,NaN,raw
810,0.28083569524628127,17.268409638554218,0.03080792347691537,NaN,NaN,NaN,raw
810,0.2809755992038845,17.238,0.014,5381.67742,0.2809755992038845,0.09976520825694024,raw
810,0.28102353065475894,17.26447213855422,0.018581991450896,NaN,NaN,NaN,raw
810,0.28103724214452086,17.321,0.015,5795.72534,0.28103724214452086,0.7245514476690005,raw
810,0.2813309039875186,17.26447213855422,0.018581991450896,NaN,NaN,NaN,raw
810,0.28143361347114676,17.268602409638554,0.03071647066178057,NaN,NaN,NaN,raw
810,0.28164680709250733,17.264572853915666,0.018607042568886012,NaN,NaN,NaN,raw
810,0.2818130860068777,17.269,0.015,5991.79867,0.2818130860068777,0.11417419592362421,raw
810,0.28197598456228046,17.26566980421687,0.017889088894916496,NaN,NaN,NaN,raw
810,0.28202957430417575,17.269018072289157,0.030507321106742456,NaN,NaN,NaN,raw
810,0.28231678694852147,17.265997740963858,0.017896906463885448,NaN,NaN,NaN,raw
810,0.28263001291361434,17.26945180722892,0.03023094084862256,NaN,NaN,NaN,raw
810,0.28265530355759805,17.268060240963855,0.017164714634558077,NaN,NaN,NaN,raw
550,0.28290659311538285,19.04211904761905,0.011942108087696881,NaN,NaN,NaN,raw
810,0.2829925615772948,17.27004555722892,0.020453241436014843,NaN,NaN,NaN,raw
810,0.28322903442405006,17.2696265060241,0.030085015234457474,NaN,NaN,NaN,raw
810,0.28334352237400817,17.27103463855422,0.019705020879326463,NaN,NaN,NaN,raw
810,0.2836933426459438,17.272128388554215,0.019814638881962717,NaN,NaN,NaN,raw
810,0.28382052406536734,17.26978915662651,0.02997490066017634,NaN,NaN,NaN,raw
550,0.2840286917413063,19.052357142857144,0.0468181541759131,NaN,NaN,NaN,raw
810,0.2840445144242114,17.27226844879518,0.01979731576200917,NaN,NaN,NaN,raw
810,0.2842211014649365,17.26,0.013,7249.58733,0.2842211014649365,0.45207795077294577,raw
810,0.284396136989729,17.27304969879518,0.01891576519735256,NaN,NaN,NaN,raw
810,0.2844062876077709,17.269939759036145,0.029866713770629928,NaN,NaN,NaN,raw
810,0.28442294397973455,17.274,0.012,5764.78591,0.28442294397973455,0.5468827369550127,raw
810,0.2845375716606213,17.301,0.012,5745.66535,0.2845375716606213,0.6491000291534874,raw
810,0.284669975975703,17.229,0.017,7904.90259,0.284669975975703,0.13388583649793873,raw
810,0.28474675932913895,17.273195594879518,0.01889316820575792,NaN,NaN,NaN,raw
810,0.28499660811641925,17.270325301204817,0.029903930392826756,NaN,NaN,NaN,raw
810,0.28508101917744255,17.273057605421688,0.01894525887457367,NaN,NaN,NaN,raw
810,0.28540355493788777,17.273522213855422,0.01900279702663235,NaN,NaN,NaN,raw
810,0.28558777943897395,17.27051204819277,0.02990444133464219,NaN,NaN,NaN,raw
810,0.285712847919517,17.273335090361446,0.019088341323660094,NaN,NaN,NaN,raw
550,0.2858482385368223,19.04945238095238,0.019165808913075493,NaN,NaN,NaN,raw
810,0.2860067997061798,17.273476280120484,0.019067432110693974,NaN,NaN,NaN,raw
810,0.2861737294326567,17.270500000000002,0.02991194146865497,NaN,NaN,NaN,raw
810,0.28631390432750425,17.274563253012047,0.017937779258408143,NaN,NaN,NaN,raw
810,0.2864317041821778,17.26,0.011,7870.83377,0.2864317041821778,0.2626311519452429,raw
550,0.28647813054703875,19.029,0.015,6451.73763,0.28647813054703875,0.8972665809233149,raw
810,0.28647821684171504,17.28,0.014,5412.61994,0.28647821684171504,0.28404325198789593,raw
810,0.2866272805119694,17.27171950301205,0.01754755057313383,NaN,NaN,NaN,raw
810,0.2867650943110467,17.270614457831325,0.0298114606090286,NaN,NaN,NaN,raw
810,0.2869375649636361,17.271851280120483,0.017539218736030045,NaN,NaN,NaN,raw
550,0.2870378933221218,19.067,0.016,6458.69077,0.2870378933221218,0.7696347990586219,raw
810,0.28724257868475367,17.27028878012048,0.019873270281418463,NaN,NaN,NaN,raw
810,0.2873527088502297,17.271102409638555,0.029357489265545707,NaN,NaN,NaN,raw
810,0.287549049381534,17.27081946536145,0.020064065692368762,NaN,NaN,NaN,raw
810,0.28783933892117,17.270929405120484,0.020065968391055632,NaN,NaN,NaN,raw
810,0.2879405859114423,17.271493975903617,0.02917174784926731,NaN,NaN,NaN,raw
550,0.2879787532364866,19.051785714285717,0.02009962432383265,NaN,NaN,NaN,raw
810,0.28800240542477695,17.294,0.012,7830.85488,0.28800240542477695,0.7500752373089199,raw
810,0.28804934956133366,17.331,0.015,5391.76165,0.28804934956133366,0.669355602864016,raw
810,0.288128266205502,17.27104480421687,0.020068852058410427,NaN,NaN,NaN,raw
810,0.2884158648782855,17.271160015060243,0.020071993288188237,NaN,NaN,NaN,raw
810,0.2885203384795719,17.271650602409643,0.029211842237483562,NaN,NaN,NaN,raw
810,0.2886399331051754,17.27367644091751,0.014977858999391608,NaN,NaN,NaN,raw
810,0.2886399331051754,17.27367644091751,0.014930385475851557,NaN,NaN,NaN,raw
810,0.2886399331051754,17.273676440917505,0.014883360522900787,NaN,NaN,NaN,raw
810,0.2886918693108069,17.27256626506024,0.02082705262003711,NaN,NaN,NaN,raw
810,0.28869304798718076,17.291,0.012,7959.48461,0.28869304798718076,0.8817004252450715,raw
810,0.2889641109982944,17.27291189759036,0.020873780681440347,NaN,NaN,NaN,raw
810,0.28909005265657206,17.272066265060243,0.029192389116502872,NaN,NaN,NaN,raw
810,0.2891614537911664,17.264,0.011,7162.67723,0.2891614537911664,0.5563518363996991,raw
810,0.28925017385774515,17.272901355421688,0.020873298597753262,NaN,NaN,NaN,raw
810,0.2895441230234113,17.271526355421685,0.020406633726907146,NaN,NaN,NaN,raw
810,0.2896666052286831,17.27262048192771,0.029204928015189435,NaN,NaN,NaN,raw
810,0.2897399136782042,17.264,0.011,6491.7182,0.2897399136782042,0.41341591933814925,raw
810,0.28983783128416724,17.274182605421686,0.020223820217834237,NaN,NaN,NaN,raw
810,0.28996232301869895,17.283,0.01,6381.86174,0.28996232301869895,0.4367400202809222,raw
810,0.29012317867909004,17.274279932228914,0.020212148961578153,NaN,NaN,NaN,raw
810,0.2901369540450105,17.262,0.011,6008.83628,0.2901369540450105,0.5566461549187807,raw
810,0.2902421524194905,17.272927710843373,0.02911722727913787,NaN,NaN,NaN,raw
810,0.29039795504695337,17.27567018072289,0.021437484201944846,NaN,NaN,NaN,raw
550,0.29042023584029913,19.059357142857145,0.041189257641464645,NaN,NaN,NaN,raw
810,0.2906635880677536,17.275765436746987,0.021420535294660682,NaN,NaN,NaN,raw
810,0.2908029470862671,17.272783132530115,0.029106512108074353,NaN,NaN,NaN,raw
810,0.29093822412056797,17.276202560240964,0.021230315585854472,NaN,NaN,NaN,raw
810,0.2910652800474054,17.23,0.014,5313.88971,0.2910652800474054,0.10573606687466963,raw
550,0.29113134043629024,19.062214285714287,0.0041704744505682515,NaN,NaN,NaN,raw
810,0.2912284412392502,17.27601581325301,0.021222116028218177,NaN,NaN,NaN,raw
810,0.29136271592448015,17.27281927710843,0.029101762761693576,NaN,NaN,NaN,raw
810,0.2915269389183427,17.276125564759035,0.02120235368781956,NaN,NaN,NaN,raw
810,0.2915735250826401,17.219,0.012,6166.66864,0.2915735250826401,0.1510243289758364,raw
810,0.2918242680712459,17.27621065512048,0.02118700247658863,NaN,NaN,NaN,raw
810,0.2918366366011469,17.286,0.014,5658.75607,0.2918366366011469,0.755127847814947,raw
810,0.29191927818196584,17.27296987951807,0.029156926449565867,NaN,NaN,NaN,raw
810,0.2921115879768054,17.27697646837349,0.021452246564153434,NaN,NaN,NaN,raw
810,0.2923980304318407,17.277757718373493,0.0225208224033724,NaN,NaN,NaN,raw
810,0.29247470752267535,17.27331927710843,0.029094837437849082,NaN,NaN,NaN,raw
810,0.2926897754957027,17.276413968373493,0.020427048184565942,NaN,NaN,NaN,raw
550,0.29294543160854025,19.059537414965988,0.017601644588965452,NaN,NaN,NaN,raw
550,0.2929454316085403,19.059537414965984,0.01890719924657079,NaN,NaN,NaN,raw
550,0.2929454316085403,19.059537414965988,0.018219433077944654,NaN,NaN,NaN,raw
810,0.29296804094784934,17.27649209337349,0.020413018522543402,NaN,NaN,NaN,raw
810,0.2930236815944402,17.273475903614454,0.029152202849814148,NaN,NaN,NaN,raw
810,0.29305324330562144,17.305,0.01,7193.61919,0.29305324330562144,0.7394320722050907,raw
810,0.2931180216073699,17.281,0.016,5776.60894,0.2931180216073699,0.8356667416010168,raw
810,0.2932583463643566,17.275964796686743,0.020243398280801236,NaN,NaN,NaN,raw
810,0.29354820485448324,17.27652522590361,0.02037977190253756,NaN,NaN,NaN,raw
810,0.2935769554821589,17.273662650602407,0.02889281219556326,NaN,NaN,NaN,raw
810,0.29384134990581956,17.276850715361444,0.02025607592764017,NaN,NaN,NaN,raw
810,0.29394394496193854,17.257,0.013,6569.59265,0.29394394496193854,0.9824042015661689,raw
810,0.29406864031989244,17.314,0.02,6880.737,0.29406864031989244,0.5023480243762606,raw
810,0.29411889554511667,17.278112575301204,0.02121889722310777,NaN,NaN,NaN,raw
810,0.2941277247539484,17.273439759036144,0.028908727589616844,NaN,NaN,NaN,raw
810,0.2943806232105999,17.315,0.015,6568.54986,0.2943806232105999,0.7519361174799997,raw
810,0.2944111017444498,17.279612575301204,0.02187551463091864,NaN,NaN,NaN,raw
810,0.29467398609826395,17.27354819277108,0.028903089324010044,NaN,NaN,NaN,raw
810,0.29469665028707454,17.27935146837349,0.021883641733325944,NaN,NaN,NaN,raw
550,0.2949037656687454,19.075547619047622,0.02724251753976921,NaN,NaN,NaN,raw
810,0.2949880735449378,17.27969521837349,0.0216878094840223,NaN,NaN,NaN,raw
810,0.29522005787223765,17.27398795180723,0.029654574577208777,NaN,NaN,NaN,raw
810,0.2952824488811896,17.27974548192771,0.02167347831123167,NaN,NaN,NaN,raw
810,0.29557660306647393,17.279806664156624,0.02165594653702395,NaN,NaN,NaN,raw
810,0.2957651646395471,17.274024096385542,0.02960547693130525,NaN,NaN,NaN,raw
810,0.29587115719169277,17.281556664156625,0.019673163518262857,NaN,NaN,NaN,raw
550,0.2959358921464497,19.06028571428572,0.04154409811167037,NaN,NaN,NaN,raw
810,0.2961630233579188,17.28178106174699,0.019611142472401855,NaN,NaN,NaN,raw
810,0.2963170200420068,17.274126506024096,0.029582585312625247,NaN,NaN,NaN,raw
810,0.29645032315746145,17.283534638554215,0.015991010643225473,NaN,NaN,NaN,raw
810,0.29674659571337725,17.283184487951807,0.016057820730552695,NaN,NaN,NaN,raw
810,0.29686724174313117,17.27382530120482,0.029664174263869383,NaN,NaN,NaN,raw
810,0.29704260964071566,17.283841679216867,0.0160566317009492,NaN,NaN,NaN,raw
810,0.29713482288934756,17.296,0.011,6016.8346,0.29713482288934756,0.6645945302534528,raw
810,0.2971685639859061,17.319,0.014,6816.77098,0.2971685639859061,0.68269490527382,raw
810,0.2973358132938145,17.284394201807228,0.015986919734450683,NaN,NaN,NaN,raw
810,0.29738519160491705,17.288,0.015,5407.75667,0.29738519160491705,0.8817872663166781,raw
810,0.29742483294826505,17.27415060240964,0.02969738637002691,NaN,NaN,NaN,raw
810,0.29761220100421515,17.284435993975904,0.015959180929470344,NaN,NaN,NaN,raw
810,0.297889774915591,17.282935993975904,0.01621768703509146,NaN,NaN,NaN,raw
810,0.2979828213154134,17.274126506024096,0.02968443560883572,NaN,NaN,NaN,raw
550,0.2980974988432492,19.065761904761906,0.038790997623141185,NaN,NaN,NaN,raw
810,0.2981666018413468,17.2833734939759,0.0163520559272528,NaN,NaN,NaN,raw
550,0.2983551690194872,19.107,0.019,6442.70293,0.2983551690194872,0.5725607443691842,raw
810,0.2983655243406247,17.29,0.014,7944.53914,0.2983655243406247,0.9141960986962658,raw
810,0.298431477257647,17.282102786144577,0.01856166687474657,NaN,NaN,NaN,raw
810,0.2985420954339287,17.2744156626506,0.029838181689371236,NaN,NaN,NaN,raw
810,0.29854806568619097,17.313,0.011,7110.88105,0.29854806568619097,0.7672894483603159,raw
810,0.29869639859911157,17.28266923945783,0.018040143931319932,NaN,NaN,NaN,raw
810,0.2989634140355184,17.281637989457835,0.017110635382672636,NaN,NaN,NaN,raw
810,0.2990905120568641,17.312,0.01,6118.69593,0.2990905120568641,0.5401452812675416,raw
810,0.2990998763826906,17.274644578313254,0.029461225685840205,NaN,NaN,NaN,raw
810,0.29923991382678844,17.28168994728916,0.017087446413507557,NaN,NaN,NaN,raw
810,0.2994624982966343,17.273,0.013,7190.84024,0.2994624982966343,0.7954171868750564,raw
810,0.29952326856152206,17.279658697289157,0.016861932188062756,NaN,NaN,NaN,raw
810,0.2996621631795476,17.274536144578313,0.029441187716132397,NaN,NaN,NaN,raw
810,0.29979986844472356,17.279707643072292,0.01684588841889178,NaN,NaN,NaN,raw
550,0.29992674348185183,19.063714285714287,0.039382219130889566,NaN,NaN,NaN,raw
550,0.30000143536381074,19.03,0.02,6506.6706,0.30000143536381074,0.39574311896831205,raw
810,0.3000765225380705,17.279751317771087,0.016832387467933155,NaN,NaN,NaN,raw
810,0.3002158810153648,17.274740963855425,0.029499651918417198,NaN,NaN,NaN,raw
810,0.3003531818082133,17.279800828313256,0.016817321414125754,NaN,NaN,NaN,raw
810,0.30047529114080274,17.274938387478485,0.015689284819305756,NaN,NaN,NaN,raw
810,0.3004910120544082,17.286,0.016,6763.92975,0.3004910120544082,0.6583304225896427,raw
810,0.30061409254110066,17.281359375,0.018501203065927372,NaN,NaN,NaN,raw
810,0.30070243324371404,17.28,0.01,6398.90019,0.30070243324371404,0.8810086911671533,raw
810,0.300767118668006,17.27511445783133,0.029538759878485355,NaN,NaN,NaN,raw
810,0.30087262361048206,17.28148983433735,0.018461038716703192,NaN,NaN,NaN,raw
550,0.3010922543356043,19.06004761904762,0.03339385661860451,NaN,NaN,NaN,raw
810,0.3011236014917111,17.28085297439759,0.018295102426770946,NaN,NaN,NaN,raw
810,0.30131735839045015,17.274795180722894,0.029738765247602137,NaN,NaN,NaN,raw
810,0.3013896964549056,17.278259224397594,0.018593570217986865,NaN,NaN,NaN,raw
810,0.3013917238567956,17.294,0.018,6583.50113,0.3013917238567956,0.7318463118299405,raw
550,0.30142362606225753,19.054142857142857,0.04359756016966142,NaN,NaN,NaN,raw
810,0.3016504072800644,17.277871611445782,0.018513070062062466,NaN,NaN,NaN,raw
550,0.3018517015807447,19.096,0.017,7962.61801,0.3018517015807447,0.5838635594118387,raw
810,0.3018572244218376,17.291,0.011,6121.47807,0.3018572244218376,0.4909833938909287,raw
810,0.30186808832726214,17.274813253012052,0.02974041336177988,NaN,NaN,NaN,raw
810,0.30191034826809626,17.278585655120484,0.018803294606155162,NaN,NaN,NaN,raw
810,0.3019356084696483,17.257,0.017,7972.69981,0.3019356084696483,0.14825632319480064,raw
810,0.3019764832315559,17.295,0.024,7234.64467,0.3019764832315559,0.49058405328287336,raw
810,0.3020529688037641,17.233,0.013,7263.49942,0.3020529688037641,0.20924164427378855,raw
810,0.30215847473675006,17.27880045180723,0.018789967446814507,NaN,NaN,NaN,raw
810,0.3024063114728369,17.278348268072293,0.01868557432137915,NaN,NaN,NaN,raw
810,0.30242142788880433,17.2751265060241,0.029538710438758345,NaN,NaN,NaN,raw
810,0.3026131342849112,17.281,0.012,6824.76876,0.3026131342849112,0.7894882515356585,raw
810,0.30265399746989774,17.27921027861446,0.01912929889909371,NaN,NaN,NaN,raw
810,0.3029137056050436,17.27805515813253,0.018112074493833435,NaN,NaN,NaN,raw
810,0.30297571807459023,17.27510240963856,0.029556854205447625,NaN,NaN,NaN,raw
810,0.303174043966307,17.27693392319277,0.01702060026034952,NaN,NaN,NaN,raw
550,0.30341289401002586,19.068761904761903,0.02361006933809566,NaN,NaN,NaN,raw
810,0.30344797472207574,17.25,0.012,7085.85215,0.30344797472207574,0.23190588138641033,raw
810,0.30345140822826205,17.276988328313255,0.017015828242686486,NaN,NaN,NaN,raw
810,0.303525182360712,17.27511445783133,0.029544093938957853,NaN,NaN,NaN,raw
810,0.3037347137401696,17.277092996987953,0.017000798488885416,NaN,NaN,NaN,raw
810,0.30401256604501947,17.277326242469883,0.017015781954116408,NaN,NaN,NaN,raw
810,0.3040729888593394,17.275385542168678,0.029444691377399933,NaN,NaN,NaN,raw
810,0.3042747048208744,17.2765218373494,0.017735173803115154,NaN,NaN,NaN,raw
810,0.3045430676535884,17.276223644578316,0.017650688745081668,NaN,NaN,NaN,raw
810,0.30461826128411773,17.27560843373494,0.029353183523878456,NaN,NaN,NaN,raw
810,0.304666163494403,17.324,0.01,6720.82294,0.304666163494403,0.4553327799167164,raw
810,0.3048065638980174,17.274098644578316,0.02096376818434763,NaN,NaN,NaN,raw
810,0.3050697232607159,17.273532567771085,0.021178918662042412,NaN,NaN,NaN,raw
810,0.3051402359633357,17.278,0.012,6406.89762,0.3051402359633357,0.9870534074743773,raw
810,0.3051661150886766,17.27562048192771,0.029341778091733262,NaN,NaN,NaN,raw
810,0.3053294474460696,17.273567959337353,0.02118204268634585,NaN,NaN,NaN,raw
810,0.30560381752757004,17.27299341114458,0.020856810904100062,NaN,NaN,NaN,raw
810,0.30568360280813067,17.236,0.015,7077.85704,0.30568360280813067,0.1308235121996404,raw
810,0.3057279380100007,17.27559638554217,0.029359625733652535,NaN,NaN,NaN,raw
810,0.3057429445652815,17.297,0.012,5767.5745,0.3057429445652815,0.5115170301542094,raw
810,0.3058715350045288,17.27299341114458,0.020856810904100062,NaN,NaN,NaN,raw
810,0.3059228683123365,17.281,0.011,6092.62476,0.3059228683123365,0.7754058804239321,raw
810,0.30614662913874335,17.273405496987955,0.021023531521476638,NaN,NaN,NaN,raw
550,0.30618797806894527,19.068270723104053,0.016060311102694354,NaN,NaN,NaN,raw
810,0.30629629989540175,17.27553012048193,0.02941194865393584,NaN,NaN,NaN,raw
810,0.30642086869019497,17.273975527108437,0.020810578819627574,NaN,NaN,NaN,raw
810,0.30646804733987665,17.302,0.01,6148.59616,0.30646804733987665,0.49502471227424394,raw
810,0.3067106384167747,17.273362387048195,0.020457192553131685,NaN,NaN,NaN,raw
810,0.3068587260108597,17.27603614457831,0.02897980311668799,NaN,NaN,NaN,raw
550,0.30687458488128394,19.070738095238095,0.021965456801920104,NaN,NaN,NaN,raw
550,0.3069633543870753,19.056142857142856,0.04354106309937978,NaN,NaN,NaN,raw
810,0.30701503170231337,17.274689382530124,0.019085835888664446,NaN,NaN,NaN,raw
810,0.3073249184396325,17.27470274849398,0.01908630164360782,NaN,NaN,NaN,raw
810,0.30742133961729157,17.27612048192771,0.028844577281600354,NaN,NaN,NaN,raw
810,0.3076312076993297,17.276108998493978,0.02111517235337646,NaN,NaN,NaN,raw
810,0.30793430754957796,17.27498079819277,0.022111666317601964,NaN,NaN,NaN,raw
810,0.3079755327652525,17.276385542168676,0.028666031561097628,NaN,NaN,NaN,raw
810,0.30822897548313566,17.275780873493975,0.02163670840926074,NaN,NaN,NaN,raw
550,0.30851429572380545,19.068526140085666,0.011651522266401253,NaN,NaN,NaN,raw
550,0.3085142957238055,19.068526140085662,0.012091356085244144,NaN,NaN,NaN,raw
550,0.3085142957238055,19.068526140085666,0.011256439921935703,NaN,NaN,NaN,raw
810,0.3085282746776748,17.27634939759036,0.028656347854570968,NaN,NaN,NaN,raw
810,0.30853807546668305,17.275790850903615,0.021636464802907054,NaN,NaN,NaN,raw
810,0.30855343693474424,17.282,0.011,6435.75353,0.30855343693474424,0.7081921720255195,raw
810,0.30860432184272213,17.249,0.015,6836.59085,0.30860432184272213,0.07626165001784102,raw
810,0.3088466358776091,17.27578859186747,0.02163651225953116,NaN,NaN,NaN,raw
810,0.3090786227012578,17.2764578313253,0.028662424437969014,NaN,NaN,NaN,raw
810,0.30913431306544226,17.212,0.009,6219.51713,0.30913431306544226,0.19091753584325488,raw
810,0.30914006305883424,17.276769578313253,0.022328647435385925,NaN,NaN,NaN,raw
810,0.3091882182743575,17.257,0.017,7101.84592,0.3091882182743575,0.4416638664333732,raw
810,0.3094467937920366,17.275236069277106,0.020598348140261034,NaN,NaN,NaN,raw
810,0.3096285323217671,17.275927710843373,0.027758605821478943,NaN,NaN,NaN,raw
810,0.3097414782576801,17.274923569277107,0.02063089346092049,NaN,NaN,NaN,raw
810,0.3100404867175216,17.275372929216868,0.020802448841264514,NaN,NaN,NaN,raw
810,0.31017156646480926,17.275614457831324,0.027835373755861696,NaN,NaN,NaN,raw
810,0.3103320010512022,17.276580948795182,0.019525488539923003,NaN,NaN,NaN,raw
810,0.31042418368451763,17.291,0.012,6481.64362,0.31042418368451763,0.8644663220256916,raw
550,0.31049587033027953,19.068738095238093,0.018517825572825327,NaN,NaN,NaN,raw
810,0.3106352976034067,17.277218561746988,0.01982317506587063,NaN,NaN,NaN,raw
810,0.3106711006221303,17.288,0.013,7457.83724,0.3106711006221303,0.8867079040555836,raw
810,0.31071127411609906,17.27524096385542,0.02800263639598883,NaN,NaN,NaN,raw
810,0.3107676971287246,17.275367069203572,0.01647651582930724,NaN,NaN,NaN,raw
810,0.3107676971287246,17.275367069203572,0.01642429219293088,NaN,NaN,NaN,raw
810,0.3107676971287246,17.275367069203575,0.016372562010286137,NaN,NaN,NaN,raw
810,0.3109405153747765,17.275593561746987,0.02027547126228766,NaN,NaN,NaN,raw
810,0.3112405060449909,17.27553106174699,0.02026134570979876,NaN,NaN,NaN,raw
810,0.3112491144821072,17.27537951807229,0.028038403356764833,NaN,NaN,NaN,raw
810,0.311529447776699,17.275489457831327,0.02026271450631991,NaN,NaN,NaN,raw
810,0.3117935539410018,17.275463855421687,0.02796136762733702,NaN,NaN,NaN,raw
550,0.3118086986760318,19.06007142857143,0.03483911216239196,NaN,NaN,NaN,raw
810,0.3118295150103388,17.274604668674698,0.019677476263531578,NaN,NaN,NaN,raw
810,0.31213316974146643,17.272291039156627,0.023487396631135544,NaN,NaN,NaN,raw
810,0.3123378034830151,17.27555421686747,0.027883199247792142,NaN,NaN,NaN,raw
810,0.31241439059522236,17.326,0.013,6374.9166,0.31241439059522236,0.581483343945365,raw
810,0.3124200946781525,17.272207831325304,0.023478107190290778,NaN,NaN,NaN,raw
550,0.31263496173172217,19.06869047619048,0.018566528657628315,NaN,NaN,NaN,raw
810,0.31267491328253527,17.239,0.011,7142.86951,0.31267491328253527,0.18877324576351384,raw
810,0.3127065043395826,17.27211954066265,0.023467199711049234,NaN,NaN,NaN,raw
550,0.3127155579277314,19.09,0.015,6510.49914,0.3127155579277314,0.5847708989131206,raw
810,0.3128773485959207,17.275602409638555,0.027863058962800762,NaN,NaN,NaN,raw
810,0.31299217442324506,17.271796121987954,0.023478338149731135,NaN,NaN,NaN,raw
810,0.31327730773388585,17.27154310993976,0.023408350553983524,NaN,NaN,NaN,raw
550,0.31338062859140337,19.056,0.016,5737.67949,0.31338062859140337,0.5678028801721666,raw
810,0.31341638183422843,17.27543373493976,0.02774415265550095,NaN,NaN,NaN,raw
810,0.31356851076141556,17.272105609939757,0.023062887508815213,NaN,NaN,NaN,raw
810,0.31384973965275387,17.273778802710844,0.025229291979540328,NaN,NaN,NaN,raw
810,0.31394692200897173,17.275313253012047,0.027710812991078144,NaN,NaN,NaN,raw
810,0.31400793108332437,17.307,0.013,6883.52511,0.31400793108332437,0.46595562506445276,raw
810,0.31413314251113067,17.275720256024098,0.02257240472682772,NaN,NaN,NaN,raw
550,0.31436726287107114,19.06888095238095,0.018436367859856258,NaN,NaN,NaN,raw
810,0.3144312569233071,17.27626543674699,0.02231488892557786,NaN,NaN,NaN,raw
810,0.3144815469568787,17.27492771084337,0.02789386079192905,NaN,NaN,NaN,raw
810,0.31457013886392815,17.268,0.012,6071.76893,0.31457013886392815,0.16598003040235199,raw
810,0.31472351759821804,17.274080195783135,0.025539906121030614,NaN,NaN,NaN,raw
810,0.3147343858036038,17.29,0.016,6165.63375,0.3147343858036038,0.937453892414851,raw
810,0.314998864187948,17.274029743975905,0.025538372118162917,NaN,NaN,NaN,raw
810,0.31501206148590954,17.274656626506026,0.02797481851549366,NaN,NaN,NaN,raw
810,0.31527488042536816,17.273518825301206,0.025350768027393993,NaN,NaN,NaN,raw
810,0.3154334276805457,17.296,0.012,6434.71298,0.3154334276805457,0.48251531964342576,raw
810,0.3155099132491159,17.245,0.014,6463.56773,0.3155099132491159,0.20117291063252196,raw
810,0.3155225697591959,17.279,0.014,6908.55624,0.3155225697591959,0.006109034315159079,raw
810,0.3155424353100613,17.274198795180727,0.028325429174745984,NaN,NaN,NaN,raw
810,0.3155518853333254,17.273643825301207,0.02543419974995021,NaN,NaN,NaN,raw
810,0.3158354298821684,17.273646460843374,0.025434374956276123,NaN,NaN,NaN,raw
550,0.3159907666791003,19.072880952380952,0.025324459151036684,NaN,NaN,NaN,raw
810,0.31607019881634935,17.273686746987956,0.028351656553961296,NaN,NaN,NaN,raw
810,0.316110654524731,17.275822100903618,0.028392971225419148,NaN,NaN,NaN,raw
810,0.3163710263889535,17.274463855421686,0.029431275260785345,NaN,NaN,NaN,raw
810,0.31657567740694503,17.202,0.012,6528.57814,0.31657567740694503,0.2547164221814455,raw
810,0.3166029375912462,17.273457831325306,0.02844550396590655,NaN,NaN,NaN,raw
810,0.31662032874832075,17.274461972891565,0.02943120519409189,NaN,NaN,NaN,raw
810,0.3168828308097667,17.273743222891568,0.02839456474425767,NaN,NaN,NaN,raw
550,0.3170056020940787,19.060642857142856,0.03449550058253313,NaN,NaN,NaN,raw
810,0.3171382343744896,17.27486954066265,0.027677748897869378,NaN,NaN,NaN,raw
810,0.31714064193101327,17.27356024096386,0.028521432408072523,NaN,NaN,NaN,raw
810,0.31739284984258553,17.275131965361446,0.02772469247702436,NaN,NaN,NaN,raw
550,0.3175860693518189,19.102,0.027,5993.89699,0.3175860693518189,0.6023604944130057,raw
810,0.31764183033090676,17.275123682228916,0.027724639006044875,NaN,NaN,NaN,raw
810,0.3176697173548746,17.266,0.019,5644.85916,0.3176697173548746,0.030433304877078626,raw
810,0.3176777028752495,17.273903614457833,0.02865155956740215,NaN,NaN,NaN,raw
810,0.31787922069994795,17.27508264307229,0.02772532130088374,NaN,NaN,NaN,raw
810,0.3179228187236731,17.267,0.011,5388.64321,0.3179228187236731,0.9991910518619989,raw
810,0.3180779472240829,17.33,0.023,6932.54479,0.3180779472240829,0.3162435374506458,raw
810,0.3181153032024587,17.27539514307229,0.02814978302609824,NaN,NaN,NaN,raw
810,0.3182032045335006,17.274126506024096,0.028663179143759238,NaN,NaN,NaN,raw
810,0.3183477339685914,17.275397966867473,0.028149739156090123,NaN,NaN,NaN,raw
810,0.3185919551083152,17.276210466867468,0.028304121992140364,NaN,NaN,NaN,raw
810,0.31872787946400444,17.27444578313253,0.02862071850189654,NaN,NaN,NaN,raw
550,0.3187931576519207,19.07547619047619,0.02302398187752645,NaN,NaN,NaN,raw
810,0.318833080237387,17.27574435240964,0.028192304779275097,NaN,NaN,NaN,raw
810,0.3189808739189175,17.206,0.025,5343.79708,0.3189808739189175,0.07588754893731675,raw
810,0.31898265733616427,17.274,0.015,6349.88828,0.31898265733616427,0.04734036375339201,raw
810,0.31906777994536256,17.274911332831326,0.02861611770235786,NaN,NaN,NaN,raw
810,0.3192567032819641,17.274650602409643,0.028645559700309454,NaN,NaN,NaN,raw
810,0.3192898908510871,17.272911332831328,0.029322455649828518,NaN,NaN,NaN,raw
810,0.3195238793345361,17.273853727409637,0.028877705412913894,NaN,NaN,NaN,raw
810,0.31953525767676183,17.292,0.012,5691.79219,0.31953525767676183,0.41749638037435943,raw
810,0.3197745534417771,17.273750376506023,0.0288646083785911,NaN,NaN,NaN,raw
810,0.31978469967907586,17.27532530120482,0.029555539268026846,NaN,NaN,NaN,raw
810,0.3200344867891377,17.274900414156626,0.02960663870754806,NaN,NaN,NaN,raw
810,0.3200563030441117,17.345,0.012,7227.69801,0.3200563030441117,0.632076184007019,raw
810,0.32012545359611977,17.232,0.013,6931.50256,0.32012545359611977,0.08697326129004068,raw
810,0.3202850900566165,17.27496592620482,0.029606185920512045,NaN,NaN,NaN,raw
810,0.32031547898276835,17.275493975903615,0.029707818986672005,NaN,NaN,NaN,raw
810,0.32052466118867246,17.27652842620482,0.026819345429382083,NaN,NaN,NaN,raw
810,0.32076760526818604,17.276514118975904,0.026821158387908335,NaN,NaN,NaN,raw
810,0.320814456561493,17.303,0.021,5596.88493,0.320814456561493,0.4163030642284866,raw
810,0.3208478273536676,17.275042168674698,0.029765416664440256,NaN,NaN,NaN,raw
810,0.3209948697116247,17.27674661144578,0.026826971683331226,NaN,NaN,NaN,raw
810,0.3210250435749913,17.284,0.013,5310.7713,0.3210250435749913,0.43563568415265763,raw
810,0.3212125208242842,17.277066265060242,0.02675563693525074,NaN,NaN,NaN,raw
810,0.3213837574605065,17.27516867469879,0.029792746433504776,NaN,NaN,NaN,raw
810,0.32144010188076233,17.277006777108433,0.026765010128682123,NaN,NaN,NaN,raw
810,0.32154341381829,17.274,0.011,6032.83486,0.32154341381829,0.888234253585324,raw
810,0.3215625711636676,17.317,0.014,6186.49496,0.3215625711636676,0.5583872542974859,raw
810,0.3216637094543219,17.276944277108434,0.026791453193783753,NaN,NaN,NaN,raw
550,0.3217878015098644,19.06378571428571,0.03337705008725987,NaN,NaN,NaN,raw
810,0.3218856274973244,17.27526957831325,0.024981844558803278,NaN,NaN,NaN,raw
810,0.32191933147312585,17.275018072289157,0.029841494984803867,NaN,NaN,NaN,raw
810,0.3221069927333493,17.274296874999997,0.025625473401816826,NaN,NaN,NaN,raw
550,0.32213978115283853,19.074642857142855,0.02385938826045952,NaN,NaN,NaN,raw
810,0.3223133605654825,17.275376694277107,0.02634974683157975,NaN,NaN,NaN,raw
810,0.322385215335089,17.294,0.015,5443.57303,0.322385215335089,0.490929920320923,raw
810,0.32245038993390057,17.275084337349398,0.029808969493853754,NaN,NaN,NaN,raw
810,0.3225224521411292,17.248,0.01,6078.72464,0.3225224521411292,0.043845331339980476,raw
810,0.32252300732903355,17.27737669427711,0.023148445940500733,NaN,NaN,NaN,raw
810,0.32254097666373127,17.232,0.013,5740.8115,0.32254097666373127,0.26699288395138865,raw
810,0.32273376469382586,17.277461784638554,0.023140636464317653,NaN,NaN,NaN,raw
810,0.3229531866550064,17.27753689759036,0.023135117531141662,NaN,NaN,NaN,raw
810,0.3229975447194817,17.275156626506025,0.029835501296969578,NaN,NaN,NaN,raw
810,0.32316478043514274,17.277411897590362,0.02306515227902623,NaN,NaN,NaN,raw
810,0.32338435633559093,17.277480233433735,0.02306200999252994,NaN,NaN,NaN,raw
550,0.3235392257497898,19.07037074829932,0.011009402967457206,NaN,NaN,NaN,raw
550,0.3235392257497899,19.070370748299318,0.011424997397064096,NaN,NaN,NaN,raw
550,0.3235392257497899,19.070370748299318,0.010636093743469225,NaN,NaN,NaN,raw
810,0.32354414119090946,17.275692771084337,0.02992711665133195,NaN,NaN,NaN,raw
810,0.3236030388381683,17.275636483433733,0.01958639401591182,NaN,NaN,NaN,raw
810,0.323828689756748,17.27705591114458,0.01789485708287125,NaN,NaN,NaN,raw
810,0.3238603024256008,17.311,0.009,6728.8255,0.3238603024256008,0.5723502724049467,raw
810,0.32406516113083517,17.277109939759036,0.017892598974882094,NaN,NaN,NaN,raw
810,0.3240895033756704,17.27578313253012,0.029905121966391505,NaN,NaN,NaN,raw
810,0.3242419536327361,17.252,0.015,6838.68217,0.3242419536327361,0.5494753494331235,raw
810,0.3243023789489794,17.276314006024094,0.01725903880680638,NaN,NaN,NaN,raw
810,0.32437714813568164,17.273,0.013,6108.62295,0.32437714813568164,0.9946179923153977,raw
810,0.3244131041210494,17.281,0.012,6195.53478,0.3244131041210494,0.8940444776017102,raw
810,0.3245386968495229,17.275812688253012,0.017528062335816233,NaN,NaN,NaN,raw
550,0.3245726620308673,19.060154761904762,0.019428270774938618,NaN,NaN,NaN,raw
550,0.3245726620308673,19.060154761904762,0.01924055361155834,NaN,NaN,NaN,raw
810,0.3246345529599798,17.27622891566265,0.029739607423874586,NaN,NaN,NaN,raw
810,0.32478569341758334,17.27561201054217,0.017467960269515175,NaN,NaN,NaN,raw
810,0.3249602966825478,17.272,0.009,6456.61807,0.3249602966825478,0.3362482131815341,raw
810,0.3250226868736774,17.27523173945783,0.01760980077502777,NaN,NaN,NaN,raw
810,0.32507826107757865,17.265,0.011,7164.7756,0.32507826107757865,0.04464508202545403,raw
810,0.32517932460016613,17.276409638554217,0.02960898149756436,NaN,NaN,NaN,raw
810,0.32525479534090773,17.274825489457832,0.017788181614192936,NaN,NaN,NaN,raw
810,0.3252868920862966,17.243,0.013,6212.5698,0.3252868920862966,0.33097657494181476,raw
550,0.3252961509207082,19.064642857142857,0.006968222330622998,NaN,NaN,NaN,raw
810,0.3253316500922665,17.309,0.016,6341.8946,0.3253316500922665,0.949316682661447,raw
810,0.32550191937954454,17.273596950301204,0.016054545275210556,NaN,NaN,NaN,raw
810,0.3256895703525515,17.27,0.016,5747.76554,0.3256895703525515,0.14128615053959948,raw
810,0.3257268930095172,17.276722891566266,0.029666760607142507,NaN,NaN,NaN,raw
810,0.32575493548855194,17.27369390060241,0.01607276108416669,NaN,NaN,NaN,raw
810,0.325998374585614,17.27403765060241,0.016629061280972746,NaN,NaN,NaN,raw
810,0.3262499498235185,17.27437876506024,0.016762645502285022,NaN,NaN,NaN,raw
810,0.32627820603974245,17.27705421686747,0.029549805111206025,NaN,NaN,NaN,raw
810,0.32630625864112517,17.288,0.013,7813.83348,0.32630625864112517,0.34227553988603177,raw
810,0.32650109546855344,17.27531927710843,0.016064637837175988,NaN,NaN,NaN,raw
810,0.32675811334322713,17.27591302710843,0.0147055360147428,NaN,NaN,NaN,raw
810,0.32681112849341704,17.27751204819277,0.02952979757584513,NaN,NaN,NaN,raw
810,0.327011405918018,17.276004706325303,0.014709812562490094,NaN,NaN,NaN,raw
550,0.3270454725968323,19.058142857142855,0.03899675951598085,NaN,NaN,NaN,raw
810,0.3270541431265883,17.286,0.01,6770.89193,0.3270541431265883,0.5500346829558111,raw
550,0.3270551786554279,19.072,0.021,6816.78137,0.3270551786554279,0.7049185201849468,raw
810,0.3272644842839457,17.276068335843373,0.014712823230398464,NaN,NaN,NaN,raw
810,0.3273462829906693,17.277421686746987,0.029418658470918558,NaN,NaN,NaN,raw
810,0.3275183667968252,17.274287085843373,0.013767354122802482,NaN,NaN,NaN,raw
810,0.32776764145274795,17.27454386295181,0.013872383645304423,NaN,NaN,NaN,raw
810,0.32788256295355833,17.277222891566264,0.029586929240649467,NaN,NaN,NaN,raw
810,0.3280158601886148,17.27533603162651,0.013253481754596919,NaN,NaN,NaN,raw
550,0.3280401000628488,19.070380952380955,0.011514262081980831,NaN,NaN,NaN,raw
810,0.3282750318268915,17.275867281626507,0.013495329911349633,NaN,NaN,NaN,raw
810,0.3284054267421077,17.277530120481927,0.029671672992388074,NaN,NaN,NaN,raw
810,0.32841000017106126,17.259,0.014,5321.89858,0.32841000017106126,0.23625028795504477,raw
810,0.328534881722808,17.275757153614457,0.013466441655835331,NaN,NaN,NaN,raw
810,0.32879480249642723,17.27625,0.013769451173654183,NaN,NaN,NaN,raw
810,0.3289289337529237,17.277578313253013,0.029672401413139576,NaN,NaN,NaN,raw
810,0.3289675480555161,17.263,0.011,6041.87627,0.3289675480555161,0.22729239582258742,raw
810,0.3289708847696602,17.261,0.013,7116.80163,0.3289708847696602,0.4310709664823662,raw
810,0.32905480768536094,17.27643109939759,0.013749846842620997,NaN,NaN,NaN,raw
810,0.3293202015068117,17.27768109939759,0.014476141642264862,NaN,NaN,NaN,raw
810,0.3294705404000469,17.277686746987953,0.029791163103355767,NaN,NaN,NaN,raw
810,0.32959099753087634,17.277738704819278,0.0144745864784106,NaN,NaN,NaN,raw
550,0.32964410682359896,19.069285714285716,0.01328110519128596,NaN,NaN,NaN,raw
810,0.32987606795092994,17.2788390436747,0.013013175344004507,NaN,NaN,NaN,raw
810,0.3300158469613611,17.27812048192771,0.02960155507395917,NaN,NaN,NaN,raw
550,0.3300196489362861,19.081,0.029,6080.81313,0.3300196489362861,0.5110058228419803,raw
810,0.3301752664410742,17.305,0.012,7182.85503,0.3301752664410742,0.715510350662953,raw
810,0.3301774481195899,17.277874058734938,0.01179209615444866,NaN,NaN,NaN,raw
810,0.33047243731211534,17.27940530873494,0.013754729951459075,NaN,NaN,NaN,raw
810,0.330500797546847,17.286,0.009,6775.76019,0.330500797546847,0.9629639928243705,raw
810,0.3305591127822459,17.278096385542167,0.029618018454304878,NaN,NaN,NaN,raw
810,0.33076554865328944,17.251,0.011,5992.85863,0.33076554865328944,0.38136792659497587,raw
810,0.330773034279257,17.279820218373494,0.013870965031477224,NaN,NaN,NaN,raw
810,0.33083092393706065,17.278233109653804,0.013575436242483908,NaN,NaN,NaN,raw
810,0.33083092393706065,17.278233109653804,0.013489785947427379,NaN,NaN,NaN,raw
810,0.3308309239370607,17.278233109653808,0.013532407810179252,NaN,NaN,NaN,raw
810,0.33105650698652117,17.279381024096384,0.01418041612772822,NaN,NaN,NaN,raw
810,0.3311029071127921,17.278090361445784,0.029617730621053485,NaN,NaN,NaN,raw
810,0.33134498733356754,17.279083960843373,0.014093336868373912,NaN,NaN,NaN,raw
810,0.33162370045398737,17.278911709337347,0.014146752277348188,NaN,NaN,NaN,raw
810,0.3316426489005958,17.27772891566265,0.029788018865107353,NaN,NaN,NaN,raw
550,0.331857492879083,19.054857142857145,0.03641609353200677,NaN,NaN,NaN,raw
810,0.3318951088127863,17.279224209337347,0.014416264798717885,NaN,NaN,NaN,raw
810,0.3319845428377448,17.254,0.012,6474.69817,0.3319845428377448,0.008546573444618843,raw
810,0.332066292365198,17.284,0.013,5693.88243,0.332066292365198,0.8884000216457935,raw
810,0.3321589348070394,17.279836031626502,0.014748909867545812,NaN,NaN,NaN,raw
810,0.33218495318047336,17.27734939759036,0.02950518546513255,NaN,NaN,NaN,raw
810,0.3324158550862035,17.279893260542167,0.014741994590058241,NaN,NaN,NaN,raw
810,0.3326602784728878,17.28050169427711,0.01504008462539716,NaN,NaN,NaN,raw
810,0.3326706405605364,17.29,0.017,5822.51213,0.3326706405605364,0.019961041296483018,raw
810,0.33272830079037585,17.277475903614455,0.029608905664226675,NaN,NaN,NaN,raw
550,0.3327686531499369,19.045619047619052,0.040792239491366934,NaN,NaN,NaN,raw
810,0.3329184295243035,17.281123493975905,0.014524957929654157,NaN,NaN,NaN,raw
810,0.3329520177157974,17.292,0.014,5312.86133,0.3329520177157974,0.906090147451323,raw
810,0.3331756895766883,17.280230421686746,0.015589527655148464,NaN,NaN,NaN,raw
810,0.33328046272842576,17.277795180722887,0.02974813833182779,NaN,NaN,NaN,raw
810,0.3334326283482877,17.279917921686746,0.016039787205535602,NaN,NaN,NaN,raw
810,0.33357086336400243,17.305,0.017,6431.59046,0.33357086336400243,0.8036238823224267,raw
810,0.3336910109259679,17.280475150602406,0.01566676653369611,NaN,NaN,NaN,raw
810,0.33384479737023537,17.27825301204819,0.030117081984086934,NaN,NaN,NaN,raw
810,0.3339348766483643,17.280578689759032,0.015658690262672796,NaN,NaN,NaN,raw
810,0.33416289527945947,17.283137424698793,0.021017063539035402,NaN,NaN,NaN,raw
810,0.3344016258915512,17.282325865963855,0.020643711391498624,NaN,NaN,NaN,raw
810,0.33440914552801293,17.27821084337349,0.030115295668875653,NaN,NaN,NaN,raw
810,0.33464043745330896,17.280794615963853,0.022126433640403103,NaN,NaN,NaN,raw
810,0.3348850563073759,17.2808266189759,0.022123145475862558,NaN,NaN,NaN,raw
810,0.3349758154893837,17.278120481927708,0.03018665070819311,NaN,NaN,NaN,raw
810,0.33512922451336635,17.319,0.013,6887.70422,0.33512922451336635,0.4048325560761441,raw
810,0.3351412869951954,17.281704066265057,0.021448537563238095,NaN,NaN,NaN,raw
550,0.3351966984890688,19.037452380952384,0.031579373057758375,NaN,NaN,NaN,raw
810,0.3353459959580505,17.29,0.013,5716.82829,0.3353459959580505,0.9682803349678579,raw
810,0.3353493326721946,17.263,0.014,6791.75365,0.3353493326721946,0.17205890562581772,raw
810,0.3353969024294666,17.281638742469877,0.021463076794994745,NaN,NaN,NaN,raw
810,0.3355376297466093,17.27849397590361,0.029970439373115547,NaN,NaN,NaN,raw
810,0.33564384793900126,17.28167639307229,0.021457052820991213,NaN,NaN,NaN,raw
810,0.3357299483468523,17.272,0.012,6855.72088,0.3357299483468523,0.9943001454266778,raw
810,0.33573921060815337,17.296,0.013,5643.8225,0.33573921060815337,0.8130769396957476,raw
810,0.33578871480676753,17.297,0.017,5635.82663,0.33578871480676753,0.7103689740361006,raw
810,0.3358820482490378,17.281270143072287,0.022111056611311,NaN,NaN,NaN,raw
810,0.33610401188681027,17.279054216867465,0.029719752848618785,NaN,NaN,NaN,raw
810,0.3361335956372928,17.28111502259036,0.022108699348465995,NaN,NaN,NaN,raw
810,0.33622697511600563,17.297,0.011,7906.65875,0.33622697511600563,0.8902114922384499,raw
810,0.336399279288884,17.281169615963854,0.022101256556915527,NaN,NaN,NaN,raw
550,0.33642881763444166,19.001,0.015,6421.85733,0.33642881763444166,0.9850162784223357,raw
810,0.33665926353236875,17.281607115963855,0.022417992152218395,NaN,NaN,NaN,raw
810,0.33667083381636304,17.278897590361442,0.02975142054526943,NaN,NaN,NaN,raw
550,0.3367765147965517,19.053100529100533,0.018708898882799627,NaN,NaN,NaN,raw
810,0.3369257926911124,17.28165097891566,0.02241102036250975,NaN,NaN,NaN,raw
550,0.3369764864809062,19.04421636432351,0.021201259470249353,NaN,NaN,NaN,raw
550,0.3369764864809062,19.044216364323507,0.019737298431519435,NaN,NaN,NaN,raw
550,0.3369764864809063,19.04421636432351,0.020430044823080144,NaN,NaN,NaN,raw
550,0.33710497232866715,19.041833333333333,0.03582713124621223,NaN,NaN,NaN,raw
810,0.3371612554292369,17.249,0.013,6432.63465,0.3371612554292369,0.037086486223415704,raw
810,0.33718958874669624,17.253,0.017,7108.8086,0.33718958874669624,0.33443759816509555,raw
810,0.33719227867558094,17.28152597891566,0.022362538285496274,NaN,NaN,NaN,raw
810,0.3372391272554282,17.2788313253012,0.029705144652719503,NaN,NaN,NaN,raw
810,0.3372742435167311,17.281,0.011,6340.85581,0.3372742435167311,0.7274043694742431,raw
550,0.33730378495368185,19.0565,0.035720603836743,NaN,NaN,NaN,raw
810,0.3373124431564065,17.36,0.015,6179.54749,0.3373124431564065,0.698146841412381,raw
810,0.337459225736009,17.281555158132527,0.02235812195479546,NaN,NaN,NaN,raw
550,0.3375823143978778,19.068,0.023,6434.72068,0.3375823143978778,0.49898517862493463,raw
810,0.3377347655566127,17.28072740963855,0.021948714918226166,NaN,NaN,NaN,raw
810,0.3378146460280107,17.279030120481924,0.029829906632142914,NaN,NaN,NaN,raw
550,0.3378724648117073,19.043166666666664,0.033549714355466616,NaN,NaN,NaN,raw
810,0.3380135698449523,17.281844503012046,0.02271502173564149,NaN,NaN,NaN,raw
810,0.33814276752309524,17.237,0.013,7862.85586,0.33814276752309524,0.19833859762729844,raw
810,0.3382805208150525,17.281851656626504,0.02271387649445698,NaN,NaN,NaN,raw
810,0.3383869161123869,17.27912048192771,0.02978545408278765,NaN,NaN,NaN,raw
810,0.33853077736712184,17.280816641566265,0.023625688917387384,NaN,NaN,NaN,raw
550,0.33873129508356215,19.005,0.015,7869.80901,0.33873129508356215,0.07072820518806111,raw
810,0.33879277358088694,17.279546121987952,0.022575937543615608,NaN,NaN,NaN,raw
810,0.338964930663514,17.27907831325301,0.029740695711097002,NaN,NaN,NaN,raw
810,0.339061992220233,17.278952371987952,0.022541955879241904,NaN,NaN,NaN,raw
810,0.3392826010094723,17.276,0.014,5763.76204,0.3392826010094723,0.35688344922346005,raw
810,0.3393344721323892,17.27943505271084,0.02235393888880035,NaN,NaN,NaN,raw
810,0.33954490520570385,17.278933734939756,0.029623114550341396,NaN,NaN,NaN,raw
810,0.33960194771869334,17.28010711596385,0.022646109202320384,NaN,NaN,NaN,raw
810,0.3396069527589134,17.241,0.013,6810.87573,0.3396069527589134,0.07309280637127813,raw
550,0.3397474776523138,19.041809523809523,0.0328149833041525,NaN,NaN,NaN,raw
810,0.339873819909672,17.281263365963852,0.02315761303843923,NaN,NaN,NaN,raw
810,0.3401158087893576,17.27903614457831,0.02971172435991512,NaN,NaN,NaN,raw
810,0.3401497218677201,17.27920086596385,0.024691101700037604,NaN,NaN,NaN,raw
810,0.34042586457927726,17.278625564759032,0.024476544436492245,NaN,NaN,NaN,raw
810,0.3406868300313933,17.279096385542168,0.02980323938375837,NaN,NaN,NaN,raw
810,0.3407033502035095,17.278623870481926,0.024476515684301897,NaN,NaN,NaN,raw
810,0.34098306962041725,17.278047816265058,0.02424591536795765,NaN,NaN,NaN,raw
810,0.34099013635204756,17.304,0.012,6804.61856,0.34099013635204756,0.6893645564778126,raw
810,0.3412572338701718,17.278879518072287,0.029868965383817194,NaN,NaN,NaN,raw
810,0.34126555185942875,17.278144766566264,0.024255623646995985,NaN,NaN,NaN,raw
810,0.34147956921879086,17.288,0.011,7866.68114,0.34147956921879086,0.3803934242896503,raw
810,0.34153332012423554,17.279057605421688,0.02366589746582922,NaN,NaN,NaN,raw
810,0.3418059653688851,17.278995105421686,0.02373946028304886,NaN,NaN,NaN,raw
810,0.34182276866212336,17.27872891566265,0.029875580502012614,NaN,NaN,NaN,raw
810,0.34207803424564254,17.277937876506023,0.024488505614243636,NaN,NaN,NaN,raw
810,0.3422113845684374,17.276610073030213,0.014904101956002763,NaN,NaN,NaN,raw
810,0.34235405845410305,17.278125376506026,0.024535632157039324,NaN,NaN,NaN,raw
810,0.34238813762332,17.278512048192773,0.02975572019401192,NaN,NaN,NaN,raw
810,0.34263438986453487,17.275580195783135,0.019469869443286644,NaN,NaN,NaN,raw
810,0.3427665345971036,17.314,0.013,5334.76652,0.3427665345971036,0.7600369352621783,raw
810,0.34289954462743966,17.275673004518076,0.01949390854012377,NaN,NaN,NaN,raw
550,0.3429288234755014,19.052428571428575,0.034082962776853055,NaN,NaN,NaN,raw
810,0.342951576571221,17.278439759036143,0.02968837111287048,NaN,NaN,NaN,raw
810,0.34298402515560156,17.245,0.01,6049.87703,0.34298402515560156,0.34045979140501004,raw
810,0.3431712619045063,17.276972138554214,0.018174053795708574,NaN,NaN,NaN,raw
550,0.34335185214400726,19.037261904761905,0.02795626443372882,NaN,NaN,NaN,raw
810,0.34343806182156805,17.276030873493973,0.018827448194709315,NaN,NaN,NaN,raw
810,0.34351310335384905,17.27834337349398,0.029732079166800075,NaN,NaN,NaN,raw
810,0.34370168340284,17.276031061746988,0.01882747967865548,NaN,NaN,NaN,raw
810,0.34396099241712363,17.271,0.013,5308.69339,0.34396099241712363,0.9911052066781849,raw
810,0.3439733109957347,17.27612989457831,0.018835610605009087,NaN,NaN,NaN,raw
810,0.3440686898611931,17.278445783132533,0.029787836855577475,NaN,NaN,NaN,raw
810,0.3440968485083431,17.3,0.016,6925.60089,0.3440968485083431,0.4636391500935133,raw
810,0.34425461179364725,17.276145707831326,0.01883825270374868,NaN,NaN,NaN,raw
810,0.3444298584581702,17.309,0.012,6038.75282,0.3444298584581702,0.5464117417686793,raw
810,0.34455167622604266,17.27734205572289,0.017716490789502062,NaN,NaN,NaN,raw
810,0.34456807326569105,17.23,0.012,7180.77415,0.34456807326569105,0.2646272132969898,raw
810,0.34462528157659855,17.278590361445783,0.02985359676602742,NaN,NaN,NaN,raw
810,0.34485055456746727,17.277354292168674,0.01771783378187074,NaN,NaN,NaN,raw
810,0.34498355186224217,17.279,0.013,5660.86043,0.34498355186224217,0.2562333603618754,raw
810,0.3451324345329615,17.276507530120483,0.018270751968841138,NaN,NaN,NaN,raw
810,0.34517799645705216,17.278566265060242,0.02984269578004346,NaN,NaN,NaN,raw
810,0.3454216934950204,17.275755647590362,0.017585079382098974,NaN,NaN,NaN,raw
810,0.3457102654647315,17.282,0.014,5649.73597,0.3457102654647315,0.46165057504367724,raw
810,0.34572037337998546,17.27578670933735,0.017591651924628113,NaN,NaN,NaN,raw
810,0.34572983990305345,17.278210843373497,0.03004437329280036,NaN,NaN,NaN,raw
810,0.3459142365754815,17.251,0.014,6924.55858,0.3459142365754815,0.23419775851652957,raw
810,0.34594533131166827,17.245,0.01,5984.86802,0.34594533131166827,0.28991079967090627,raw
810,0.3460197968445112,17.274505459337348,0.018157404653445633,NaN,NaN,NaN,raw
810,0.3461070181874675,17.287,0.012,6428.81364,0.3461070181874675,0.8641649449964461,raw
810,0.3462830482902239,17.27855421686747,0.030126099833884347,NaN,NaN,NaN,raw
810,0.3462995984409645,17.282,0.014,7198.85241,0.3462995984409645,0.932989918948806,raw
810,0.34631272644698885,17.27495143072289,0.018437582246468166,NaN,NaN,NaN,raw
810,0.3465903568698916,17.273654179216866,0.019602550148505687,NaN,NaN,NaN,raw
810,0.3468377203892279,17.278572289156624,0.03013692314331677,NaN,NaN,NaN,raw
810,0.34685971960390755,17.272591867469878,0.01821777545717067,NaN,NaN,NaN,raw
810,0.3469245134583616,17.249,0.015,7659.48526,0.3469245134583616,0.20027327132265782,raw
810,0.3471338507892952,17.272609375,0.018223844836316085,NaN,NaN,NaN,raw
550,0.34739295008460297,19.05059523809524,0.00494063396191083,NaN,NaN,NaN,raw
810,0.3474008212642182,17.2790843373494,0.03007997615218149,NaN,NaN,NaN,raw
810,0.3474142230131463,17.27369032379518,0.017546647794450955,NaN,NaN,NaN,raw
810,0.34768043819599437,17.27377334337349,0.01757563402812245,NaN,NaN,NaN,raw
810,0.34793664616211184,17.274273343373494,0.017721176750643126,NaN,NaN,NaN,raw
810,0.34797468398210185,17.279162650602405,0.03010190857069352,NaN,NaN,NaN,raw
810,0.34820054123088806,17.27430534638554,0.017729877488472625,NaN,NaN,NaN,raw
550,0.34839543787295824,19.054357142857146,0.03701061623758407,NaN,NaN,NaN,raw
810,0.34848110782819375,17.27366641566265,0.017132385110129843,NaN,NaN,NaN,raw
810,0.34854653073890374,17.27943975903614,0.030043493481079115,NaN,NaN,NaN,raw
810,0.34875378992784234,17.27276016566265,0.01592770771516282,NaN,NaN,NaN,raw
810,0.34902603875774374,17.27316641566265,0.014936859051030182,NaN,NaN,NaN,raw
810,0.34911301459556765,17.279283132530114,0.029877090926812015,NaN,NaN,NaN,raw
810,0.3493075735998774,17.273212914156623,0.014956591448571326,NaN,NaN,NaN,raw
810,0.3495954274843468,17.27325847138554,0.014976993655874014,NaN,NaN,NaN,raw
810,0.3496799157149446,17.27942771084337,0.029928868452536124,NaN,NaN,NaN,raw
810,0.34970698892720975,17.252,0.014,6506.68788,0.34970698892720975,0.43270404925351613,raw
810,0.34989186317439447,17.27180327560241,0.01661707852786413,NaN,NaN,NaN,raw
810,0.35017436918551925,17.271757718373493,0.016590198147497768,NaN,NaN,NaN,raw
810,0.35024642313793125,17.27993975903614,0.029908486440368462,NaN,NaN,NaN,raw
810,0.3504598170080952,17.27225112951807,0.017017600599999853,NaN,NaN,NaN,raw
810,0.35075342785190045,17.273169804216867,0.016622282102960878,NaN,NaN,NaN,raw
810,0.35081499018905377,17.279873493975902,0.029882633384980876,NaN,NaN,NaN,raw
550,0.3508545889053494,19.045,0.018,6837.64848,0.3508545889053494,0.3384716441432829,raw
550,0.3508929830487822,19.05745238095238,0.014254310721660123,NaN,NaN,NaN,raw
810,0.3510611200836138,17.247,0.013,5328.8594,0.3510611200836138,0.1250455862173112,raw
810,0.3510633128564109,17.274267131024096,0.01584345437237106,NaN,NaN,NaN,raw
810,0.3511965159414103,17.293,0.011,6461.8419,0.3511965159414103,0.5097213877379545,raw
810,0.35127231115620816,17.237,0.017,6807.75096,0.35127231115620816,0.38938874792074785,raw
810,0.3513743806665275,17.273329631024097,0.01595292399265395,NaN,NaN,NaN,raw
810,0.3513861420856137,17.280006024096384,0.029936396614793206,NaN,NaN,NaN,raw
810,0.3516831772823588,17.27271856174699,0.01611997593476903,NaN,NaN,NaN,raw
810,0.35172377450362546,17.279,0.023,5839.55347,0.35172377450362546,0.470411256656007,raw
810,0.35188077175500826,17.274763997097494,0.01585291286095627,NaN,NaN,NaN,raw
810,0.35188077175500826,17.27476399709749,0.015802982302724877,NaN,NaN,NaN,raw
810,0.3518807717550083,17.274763997097494,0.015903319706318714,NaN,NaN,NaN,raw
810,0.35195593631883587,17.27959036144578,0.030107700069997488,NaN,NaN,NaN,raw
810,0.35199662088419875,17.272281061746988,0.016049778490260357,NaN,NaN,NaN,raw
810,0.35203198920498835,17.281,0.015,7214.49853,0.35203198920498835,0.39914446568764106,raw
810,0.35215964733288274,17.287,0.009,6729.87828,0.35215964733288274,0.8241863943130738,raw
810,0.35229598844903715,17.272331890060244,0.016072903831653846,NaN,NaN,NaN,raw
810,0.3525133320620308,17.27946987951807,0.03013800071766741,NaN,NaN,NaN,raw
810,0.3525964843008121,17.27333189006024,0.015561785701885792,NaN,NaN,NaN,raw
550,0.35274060701704,19.057976190476193,0.014111858765701587,NaN,NaN,NaN,raw
810,0.3528866376734312,17.273141754518072,0.01552636369117608,NaN,NaN,NaN,raw
810,0.3530749796221255,17.27955421686747,0.030071733636896265,NaN,NaN,NaN,raw
810,0.3531556856469251,17.28,0.017,6833.82516,0.3531556856469251,0.16060914522131498,raw
810,0.35316773849325567,17.273160956325302,0.015534427932423843,NaN,NaN,NaN,raw
810,0.35328003582253587,17.243,0.01,6086.73122,0.35328003582253587,0.16946137358172564,raw
550,0.3534289223680389,19.073,0.019,6890.49176,0.3534289223680389,0.36722095941331645,raw
810,0.3534483223050052,17.273170557228916,0.015538528063978324,NaN,NaN,NaN,raw
810,0.35363439652487666,17.280078313253014,0.029642310253042665,NaN,NaN,NaN,raw
810,0.3537144706226901,17.27163045933735,0.017260110709087888,NaN,NaN,NaN,raw
550,0.3539383097777318,19.055928571428574,0.03754886925617848,NaN,NaN,NaN,raw
810,0.35396463995450206,17.270523343373494,0.017869307476423894,NaN,NaN,NaN,raw
810,0.35419487616526163,17.280457831325304,0.029748155513921605,NaN,NaN,NaN,raw
810,0.3542262887109706,17.271391942771086,0.01761358207707888,NaN,NaN,NaN,raw
550,0.35426953816985135,19.047534013605446,0.020570378641055893,NaN,NaN,NaN,raw
550,0.35426953816985135,19.047534013605443,0.01982211284448563,NaN,NaN,NaN,raw
550,0.3542695381698514,19.047534013605443,0.019149980342328135,NaN,NaN,NaN,raw
810,0.3544767704320779,17.269362575301205,0.020154712802966736,NaN,NaN,NaN,raw
810,0.3546639385385788,17.232,0.017,6923.51868,0.3546639385385788,0.009911218903653207,raw
810,0.35471274564061794,17.267804028614457,0.02121608386185902,NaN,NaN,NaN,raw
810,0.3547504578207254,17.2805421686747,0.02979802767718296,NaN,NaN,NaN,raw
810,0.35486417022548267,17.294,0.012,7916.747,0.35486417022548267,0.4684004366026784,raw
810,0.35494928945732307,17.26883094879518,0.0209704986848132,NaN,NaN,NaN,raw
810,0.35519880392445136,17.268434111445785,0.020615528635597576,NaN,NaN,NaN,raw
810,0.35530978357724874,17.280397590361446,0.029819838732582666,NaN,NaN,NaN,raw
810,0.3554580555647242,17.26862161144578,0.02034593270864817,NaN,NaN,NaN,raw
550,0.3555387236798803,19.064761904761905,0.008551265968255686,NaN,NaN,NaN,raw
810,0.3557193721453473,17.268634412650602,0.02035345406201063,NaN,NaN,NaN,raw
810,0.35586165145600335,17.280114457831328,0.02960659481215183,NaN,NaN,NaN,raw
810,0.35598770136679575,17.26868298192771,0.020380823295414636,NaN,NaN,NaN,raw
810,0.35606118811119813,17.257,0.013,6497.65126,0.35606118811119813,0.10389144266628136,raw
810,0.3561645399968256,17.259,0.01,7137.66992,0.3561645399968256,0.0671480428572977,raw
810,0.35625869349718187,17.26941453313253,0.021189070643125557,NaN,NaN,NaN,raw
810,0.3563297936998424,17.268,0.012,5769.67797,0.3563297936998424,0.01071888367550855,raw
810,0.35641748246405724,17.280198795180723,0.029508544192450296,NaN,NaN,NaN,raw
810,0.3565297683642825,17.27041453313253,0.02246987089258909,NaN,NaN,NaN,raw
810,0.3565403807151597,17.281,0.011,7221.80069,0.3565403807151597,0.018046473664071527,raw
810,0.35668572918802965,17.273,0.013,7868.77231,0.35668572918802965,0.8532862822976313,raw
810,0.3568019305533651,17.270204066265062,0.02234068018663497,NaN,NaN,NaN,raw
810,0.35696991021648566,17.279777108433738,0.02962316384920177,NaN,NaN,NaN,raw
810,0.3570705750178982,17.270658132530123,0.02268015990782971,NaN,NaN,NaN,raw
810,0.3573263153071942,17.271203313253014,0.02310657064587025,NaN,NaN,NaN,raw
810,0.3575252127148892,17.27974698795181,0.029637749627692583,NaN,NaN,NaN,raw
810,0.35758475904250164,17.271212914156628,0.0231104071308641,NaN,NaN,NaN,raw
810,0.35762976076148334,17.23,0.014,6826.87377,0.35762976076148334,0.29198407685544225,raw
810,0.3576853343329276,17.244,0.018,5465.48708,0.3576853343329276,0.3638277406753332,raw
810,0.3578567141868635,17.27235768072289,0.022568750992662544,NaN,NaN,NaN,raw
550,0.3579441790704247,19.036428571428573,0.04220449487619932,NaN,NaN,NaN,raw
810,0.3580797491342025,17.279795180722893,0.029661017794974705,NaN,NaN,NaN,raw
810,0.3581189328673633,17.27282398343374,0.022885347189169677,NaN,NaN,NaN,raw
810,0.358261838213366,17.215,0.018,6909.61404,0.358261838213366,0.26868264870427083,raw
810,0.3583640122992158,17.27562217620482,0.028607611725641417,NaN,NaN,NaN,raw
810,0.3583661968623346,17.23,0.012,7130.71774,0.3583661968623346,0.1968332097385428,raw
810,0.3586099489996509,17.277114269578313,0.02748203856760622,NaN,NaN,NaN,raw
810,0.3586305222181773,17.279861445783133,0.029709687559224478,NaN,NaN,NaN,raw
810,0.3588549865027072,17.278222326807228,0.028326549720248256,NaN,NaN,NaN,raw
810,0.3591120786720732,17.277769013554217,0.028181612821437434,NaN,NaN,NaN,raw
810,0.3591809788895152,17.280301204819278,0.02973080636350888,NaN,NaN,NaN,raw
550,0.3592489388938702,19.065357142857142,0.059917388182341914,NaN,NaN,NaN,raw
810,0.35937235629257813,17.276319088855423,0.0292165697888271,NaN,NaN,NaN,raw
810,0.3595683636449394,17.243,0.016,7214.50115,0.3595683636449394,0.40474849562815507,raw
810,0.3596155869207243,17.27629329819277,0.02921347548584502,NaN,NaN,NaN,raw
810,0.3597482726655548,17.2804156626506,0.029762323068045552,NaN,NaN,NaN,raw
810,0.3598699508918183,17.276982868975903,0.029003049554474643,NaN,NaN,NaN,raw
810,0.3601239349802493,17.278014118975904,0.028929604651931694,NaN,NaN,NaN,raw
810,0.3603103095899742,17.28055421686747,0.029446923186312035,NaN,NaN,NaN,raw
810,0.36037876133774016,17.277545368975904,0.029217192852787458,NaN,NaN,NaN,raw
810,0.36062768449119176,17.303,0.012,7109.85969,0.36062768449119176,0.5826589068674366,raw
810,0.36063941631199226,17.27752673192771,0.029215635857281513,NaN,NaN,NaN,raw
550,0.36064528853967204,18.988,0.014,7194.68563,0.36064528853967204,0.020486151735894964,raw
810,0.3607063849522092,17.313,0.015,5382.74808,0.3607063849522092,0.3898456260867533,raw
810,0.3608688373835255,17.28026506024096,0.029823962030697215,NaN,NaN,NaN,raw
810,0.3608963119363672,17.27705798192771,0.02927837771083881,NaN,NaN,NaN,raw
810,0.36110995492708753,17.294,0.011,5768.63669,0.36110995492708753,0.7834806031059998,raw
810,0.36116597258520183,17.277248870481927,0.02927097899325937,NaN,NaN,NaN,raw
810,0.3612586688796,17.297,0.012,7607.6908,0.3612586688796,0.41488986476906575,raw
810,0.361425885176763,17.28030722891566,0.029810038102432733,NaN,NaN,NaN,raw
810,0.3614441451528585,17.27721893825301,0.02926879989590582,NaN,NaN,NaN,raw
550,0.36162129080825944,19.04040476190476,0.045401066096745914,NaN,NaN,NaN,raw
810,0.36172229187444266,17.27719408885542,0.029266921825638992,NaN,NaN,NaN,raw
810,0.36198260044211455,17.27963253012048,0.029945666387273383,NaN,NaN,NaN,raw
810,0.3620149899939924,17.278721009036143,0.027971197534073827,NaN,NaN,NaN,raw
810,0.362025394300872,17.295,0.013,6472.62273,0.362025394300872,0.5692992845015397,raw
810,0.3620374179845385,17.37,0.016,6773.68527,0.3620374179845385,0.5248289540977567,raw
810,0.36232075968983457,17.280221009036143,0.02732882666220942,NaN,NaN,NaN,raw
810,0.36253391295250337,17.279746987951807,0.029697808662549972,NaN,NaN,NaN,raw
810,0.36259165791852865,17.316,0.016,5840.60019,0.36259165791852865,0.7092853856520378,raw
810,0.36261683140671874,17.28163365963855,0.028451388001478443,NaN,NaN,NaN,raw
810,0.3629075547195555,17.28362142319277,0.025738508067744,NaN,NaN,NaN,raw
810,0.36309111964519286,17.27949397590361,0.029925107931341628,NaN,NaN,NaN,raw
810,0.3631950183245465,17.28505892319277,0.02386338725545503,NaN,NaN,NaN,raw
810,0.3634768177842811,17.285750753012046,0.02402818841279233,NaN,NaN,NaN,raw
810,0.3636386674334062,17.234,0.009,6696.85578,0.3636386674334062,0.19095026166723983,raw
810,0.3636450315566819,17.2792891566265,0.029955332452081256,NaN,NaN,NaN,raw
810,0.3637437148582236,17.285428840361444,0.024172125740475104,NaN,NaN,NaN,raw
550,0.3637794621673016,19.03895238095238,0.04425905495577441,NaN,NaN,NaN,raw
810,0.3640114326330518,17.286549510542166,0.022941564527052916,NaN,NaN,NaN,raw
810,0.36420083518620583,17.279066265060237,0.02959896303305823,NaN,NaN,NaN,raw
810,0.36428164771342575,17.287411521084337,0.023220193026514718,NaN,NaN,NaN,raw
810,0.36429203082661843,17.292,0.011,7954.64383,0.36429203082661843,0.5275492614564428,raw
810,0.3644842371395498,17.253,0.011,6158.6981,0.3644842371395498,0.10249578253933578,raw
810,0.36454409321991466,17.28736332831325,0.023236478893352897,NaN,NaN,NaN,raw
810,0.3647584416401251,17.27960240963855,0.029547266605481834,NaN,NaN,NaN,raw
810,0.36476104069515713,17.266,0.014,7184.60529,0.36476104069515713,0.45921624432958197,raw
810,0.3647669587737941,17.279589761558192,0.014630905132192952,NaN,NaN,NaN,raw
810,0.3647669587737941,17.279589761558192,0.014619233087948026,NaN,NaN,NaN,raw
810,0.36481433794776685,17.286609374999998,0.023103786883204584,NaN,NaN,NaN,raw
550,0.36496964499123613,19.067857142857143,0.060937366511547505,NaN,NaN,NaN,raw
810,0.3650868726277603,17.286015624999997,0.022643242258065438,NaN,NaN,NaN,raw
810,0.3653148699507376,17.279108433734937,0.02983774792386834,NaN,NaN,NaN,raw
810,0.36535474416308317,17.28706984186747,0.023146588493323118,NaN,NaN,NaN,raw
810,0.3656275834509418,17.286604103915664,0.02315258576823081,NaN,NaN,NaN,raw
550,0.36572345297099673,19.061,0.018,7652.53885,0.36572345297099673,0.342300137725033,raw
810,0.36587143238149844,17.278819277108433,0.030022070499051492,NaN,NaN,NaN,raw
810,0.365896777819967,17.28688535391566,0.023336876494379717,NaN,NaN,NaN,raw
810,0.36617744580878747,17.28685768072289,0.023345452021851613,NaN,NaN,NaN,raw
810,0.36642590780558243,17.278951807228914,0.03004921361930078,NaN,NaN,NaN,raw
810,0.3664541007901731,17.285494164156624,0.024996852216589475,NaN,NaN,NaN,raw
810,0.3667338072542703,17.285004518072288,0.0249580737504643,NaN,NaN,NaN,raw
810,0.36699610058707527,17.278861445783132,0.029956515277882574,NaN,NaN,NaN,raw
810,0.36701440326613244,17.28316076807229,0.020202858858596847,NaN,NaN,NaN,raw
550,0.367173430455209,19.06445238095238,0.0034288194354747336,NaN,NaN,NaN,raw
810,0.36728912810434144,17.283231174698795,0.020194502245062446,NaN,NaN,NaN,raw
810,0.36746996459987713,17.292,0.014,5437.6787,0.36746996459987713,0.8832956487276533,raw
810,0.3675540440744953,17.325,0.01,7193.64509,0.3675540440744953,0.7948306887792569,raw
810,0.3675649842241428,17.278608433734938,0.030005206436375692,NaN,NaN,NaN,raw
810,0.3675650322220463,17.276,0.008,6405.87638,0.3675650322220463,0.8026795391087944,raw
810,0.36756882719305983,17.282088102409638,0.019295043805608845,NaN,NaN,NaN,raw
810,0.36764810492968536,17.302,0.017,6842.52138,0.36764810492968536,0.7613256482545694,raw
810,0.36772168525567395,17.27,0.011,5815.57137,0.36772168525567395,0.17407293409632985,raw
810,0.36785061266573393,17.282096385542168,0.01929395111718322,NaN,NaN,NaN,raw
810,0.3681329741164827,17.28353200301205,0.017194700849212603,NaN,NaN,NaN,raw
810,0.3681353324394417,17.278861445783132,0.029922507314021143,NaN,NaN,NaN,raw
810,0.368395155237522,17.308,0.014,7616.73211,0.368395155237522,0.7537341127354011,raw
810,0.36843284787010633,17.283553463855423,0.017189662324195557,NaN,NaN,NaN,raw
810,0.36870856579762074,17.27901204819277,0.029747622864398953,NaN,NaN,NaN,raw
810,0.36873299903173395,17.2835734186747,0.017184655181805886,NaN,NaN,NaN,raw
810,0.369047872344336,17.28319314759036,0.017126711998348816,NaN,NaN,NaN,raw
810,0.36927551578246054,17.278873493975905,0.029651137580864528,NaN,NaN,NaN,raw
810,0.3693591235300713,17.28525564759036,0.01734603394121025,NaN,NaN,NaN,raw
810,0.3694274947119993,17.294,0.013,7822.8873,0.3694274947119993,0.707877961340273,raw
810,0.36944072651385795,17.314,0.013,6786.89844,0.36944072651385795,0.787042798317998,raw
810,0.36967699649777075,17.285260165662653,0.01734453272288912,NaN,NaN,NaN,raw
810,0.3698408121385636,17.27909638554217,0.029586899008127263,NaN,NaN,NaN,raw
810,0.3698728886884055,17.306,0.023,6469.84428,0.3698728886884055,0.6263538705352403,raw
810,0.37000292851210503,17.28635391566265,0.017193701425747998,NaN,NaN,NaN,raw
810,0.3703209230857608,17.28636954066265,0.017187130534044744,NaN,NaN,NaN,raw
810,0.37040726081901876,17.27942168674699,0.029815440572488288,NaN,NaN,NaN,raw
810,0.37063900511801773,17.286394766566268,0.01717628035246698,NaN,NaN,NaN,raw
550,0.3708271934033941,19.0645,0.061450104838115846,NaN,NaN,NaN,raw
810,0.370835559846455,17.236,0.017,7644.54474,0.370835559846455,0.2433567112639139,raw
550,0.3709333902608618,19.0595,0.005894913061274866,NaN,NaN,NaN,raw
810,0.37095737770062637,17.285677522590362,0.017958504997939977,NaN,NaN,NaN,raw
810,0.3709760011519809,17.279331325301207,0.029833353015917035,NaN,NaN,NaN,raw
810,0.3710164903641271,17.311,0.015,6507.73823,0.3710164903641271,0.6793425403411675,raw
810,0.37125794206366813,17.285696347891566,0.017951443800942393,NaN,NaN,NaN,raw
810,0.371325107775192,17.282,0.017,5698.76314,0.371325107775192,0.3279591684386105,raw
810,0.3715420287575157,17.27942168674699,0.02983372932810261,NaN,NaN,NaN,raw
810,0.371547883035934,17.28529009789157,0.01795128548355144,NaN,NaN,NaN,raw
810,0.37184842334527934,17.2838640813253,0.016444272087447642,NaN,NaN,NaN,raw
810,0.3721082547707661,17.279759036144583,0.02998589177816828,NaN,NaN,NaN,raw
810,0.37216200328203075,17.282470067771083,0.018647369988933456,NaN,NaN,NaN,raw
810,0.3724796631130841,17.282578501506023,0.018618599556864034,NaN,NaN,NaN,raw
810,0.37267423385736653,17.27993975903615,0.029853114916949874,NaN,NaN,NaN,raw
810,0.372805405459688,17.281516001506024,0.01844384051011058,NaN,NaN,NaN,raw
810,0.3731356586903971,17.281825112951807,0.018327131076586914,NaN,NaN,NaN,raw
810,0.37324099167263813,17.27997590361446,0.029892119526467063,NaN,NaN,NaN,raw
550,0.37341556922159835,19.057369236583522,0.009011147546205548,NaN,NaN,NaN,raw
550,0.37341556922159835,19.057369236583522,0.00838892182700225,NaN,NaN,NaN,raw
550,0.3734155692215984,19.057369236583522,0.008683359049244388,NaN,NaN,NaN,raw
550,0.3734579168579169,19.062597883597885,0.02523870112388122,NaN,NaN,NaN,raw
810,0.3734704145146501,17.28185918674699,0.018322456287777022,NaN,NaN,NaN,raw
810,0.3737983393894459,17.28198418674699,0.018519136608947512,NaN,NaN,NaN,raw
810,0.37380567235829065,17.279704819277107,0.030185741782120207,NaN,NaN,NaN,raw
810,0.3741326099920145,17.28199774096386,0.018517049727867312,NaN,NaN,NaN,raw
810,0.37426846203248215,17.283024544906066,0.012924420106076312,NaN,NaN,NaN,raw
810,0.3742684620324822,17.283024544906066,0.013006480740680457,NaN,NaN,NaN,raw
810,0.3742684620324822,17.283024544906066,0.012965255658401275,NaN,NaN,NaN,raw
810,0.3743679768298841,17.279831325301206,0.030264618517181204,NaN,NaN,NaN,raw
810,0.37444427508307854,17.319,0.01,6487.57588,0.37444427508307854,0.5532306911754858,raw
810,0.374466549572089,17.282019766566265,0.018513632498078126,NaN,NaN,NaN,raw
550,0.3746530999097082,19.060333333333332,0.006370504951204931,NaN,NaN,NaN,raw
810,0.37481330878209,17.281564570783132,0.018388217914763635,NaN,NaN,NaN,raw
810,0.37493037660650697,17.279746987951807,0.030266830879341195,NaN,NaN,NaN,raw
810,0.3751689215631398,17.281658320783137,0.018565711219626108,NaN,NaN,NaN,raw
810,0.37519086515385425,17.301,0.011,6777.86161,0.37519086515385425,0.4577810137598135,raw
810,0.375490696307723,17.27960843373494,0.030414664345162764,NaN,NaN,NaN,raw
810,0.375520404008694,17.281662650602414,0.018565110608691506,NaN,NaN,NaN,raw
810,0.3758882661598902,17.280819465361446,0.018029098115705175,NaN,NaN,NaN,raw
810,0.3760500574137194,17.279626506024098,0.030405625812528165,NaN,NaN,NaN,raw
550,0.3762495244081947,19.053,0.017,6759.78432,0.3762495244081947,0.791493082551824,raw
810,0.3762570003249174,17.280814006024094,0.018029561470385404,NaN,NaN,NaN,raw
810,0.3766138304490596,17.256,0.016,7143.93468,0.3766138304490596,0.46711086803225044,raw
810,0.3766141602044112,17.27946385542169,0.03057759955821591,NaN,NaN,NaN,raw
810,0.3766301798951739,17.282162085843375,0.016077810274296677,NaN,NaN,NaN,raw
810,0.3767480757123849,17.279,0.01,6371.81014,0.3767480757123849,0.9369433267856948,raw
550,0.37688258191753576,19.0635,0.06266485949385582,NaN,NaN,NaN,raw
810,0.37701674621432396,17.282148343373493,0.016080495628489944,NaN,NaN,NaN,raw
810,0.3771713339735459,17.27936746987952,0.030521784007725334,NaN,NaN,NaN,raw
810,0.3774043391472764,17.283054593373496,0.01840771872089193,NaN,NaN,NaN,raw
810,0.377599542200187,17.234,0.01,6558.49702,0.377599542200187,0.24948713500816666,raw
810,0.3777301468157546,17.279469879518075,0.03057265062185485,NaN,NaN,NaN,raw
810,0.377789308192107,17.282867093373497,0.018449318095811587,NaN,NaN,NaN,raw
550,0.37791144907064983,19.051833333333335,0.01229159604499471,NaN,NaN,NaN,raw
810,0.37807186002100934,17.268,0.012,7093.87398,0.37807186002100934,0.39014080018387176,raw
810,0.37817610814934777,17.282842055722895,0.018454687581694836,NaN,NaN,NaN,raw
810,0.3782897886383646,17.27989156626506,0.030660214887144644,NaN,NaN,NaN,raw
810,0.3785541054262789,17.281818335843376,0.0195096768198497,NaN,NaN,NaN,raw
810,0.3788475188155381,17.279951807228915,0.03061883105044914,NaN,NaN,NaN,raw
810,0.3788887512309884,17.312,0.012,6559.54041,0.3788887512309884,0.48123858472899883,raw
810,0.37891823707907535,17.282195218373495,0.019588545137000767,NaN,NaN,NaN,raw
810,0.3792699460310898,17.282147402108436,0.01959600342737277,NaN,NaN,NaN,raw
810,0.3794052250798167,17.27944578313253,0.03123935086899729,NaN,NaN,NaN,raw
810,0.37962219808092923,17.282109563253012,0.019602040179624948,NaN,NaN,NaN,raw
810,0.3799615823448451,17.279578313253015,0.03133092981700751,NaN,NaN,NaN,raw
810,0.3799729788161206,17.283114834337347,0.02029408698053339,NaN,NaN,NaN,raw
810,0.3803233212836804,17.281853539156625,0.01921754342127394,NaN,NaN,NaN,raw
810,0.3805237894320304,17.279433734939754,0.03132863643884295,NaN,NaN,NaN,raw
550,0.3805348511517271,19.054785714285718,0.013695485625949865,NaN,NaN,NaN,raw
550,0.3806022408862191,19.039,0.015,6473.67213,0.3806022408862191,0.8139057799999136,raw
810,0.38066703066806784,17.281236445783133,0.01960059833672393,NaN,NaN,NaN,raw
810,0.3808203355074511,17.317,0.011,6172.60967,0.3808203355074511,0.8585472258218942,raw
810,0.38101209153176807,17.280544427710844,0.019268421317352985,NaN,NaN,NaN,raw
810,0.3810882503962986,17.279234939759032,0.03127006869287239,NaN,NaN,NaN,raw
810,0.38136598048865167,17.280535391566264,0.019268942216450598,NaN,NaN,NaN,raw
810,0.38164447752668307,17.279018072289155,0.03111707567695999,NaN,NaN,NaN,raw
810,0.38172035226292417,17.280984563253014,0.019414053439230066,NaN,NaN,NaN,raw
810,0.3820573381434258,17.281695406626504,0.018878797115019372,NaN,NaN,NaN,raw
810,0.3822067540998882,17.279246987951804,0.031337350499477924,NaN,NaN,NaN,raw
810,0.3824124926805826,17.281676016566266,0.01888148148646842,NaN,NaN,NaN,raw
810,0.38277730609466326,17.279138554216864,0.0314249286542921,NaN,NaN,NaN,raw
810,0.3827815242569026,17.281654743975906,0.01888497678325365,NaN,NaN,NaN,raw
810,0.3831403618782313,17.28273701054217,0.019723422400007493,NaN,NaN,NaN,raw
810,0.3833461233647847,17.27889156626506,0.031641749194338195,NaN,NaN,NaN,raw
810,0.38341946421860484,17.34,0.011,6744.83798,0.38341946421860484,0.8221278758355766,raw
810,0.38349477552723765,17.28392451054217,0.01773849224875916,NaN,NaN,NaN,raw
810,0.3836441172097693,17.276,0.012,6386.76137,0.3836441172097693,0.9167679634283559,raw
810,0.38385112573085556,17.283903426204823,0.01774435792773523,NaN,NaN,NaN,raw
810,0.3839196273892226,17.278620481927714,0.031687019650194215,NaN,NaN,NaN,raw
550,0.38411973065142646,19.061857142857143,0.06283905833752862,NaN,NaN,NaN,raw
810,0.3842041676325607,17.247,0.013,7217.63854,0.3842041676325607,0.11544601126661291,raw
810,0.38421463870779404,17.284231362951807,0.017536718357706576,NaN,NaN,NaN,raw
810,0.38432644674685434,17.292,0.012,6378.76572,0.38432644674685434,0.8145305651705712,raw
810,0.3844956781371015,17.278445783132533,0.03166500908403594,NaN,NaN,NaN,raw
810,0.3845811783068136,17.285078501506028,0.017969726883120117,NaN,NaN,NaN,raw
550,0.3846567103432574,19.072619047619046,0.040098178831191586,NaN,NaN,NaN,raw
810,0.38493831919012134,17.28503482680723,0.01798428154946895,NaN,NaN,NaN,raw
810,0.3850777379531507,17.27849397590362,0.03169948799662073,NaN,NaN,NaN,raw
810,0.38530605812709406,17.284378576807228,0.017340189514415547,NaN,NaN,NaN,raw
810,0.3855929603560071,17.312,0.012,5721.71282,0.3855929603560071,0.4160102429686958,raw
810,0.3856552340449931,17.278638554216872,0.03161878165028751,NaN,NaN,NaN,raw
810,0.38566343420802973,17.284330572289157,0.017356404703400784,NaN,NaN,NaN,raw
810,0.3859290769069048,17.26,0.011,5667.82761,0.3859290769069048,0.1586323343544791,raw
810,0.38602105984732804,17.284292545180723,0.017368481411158366,NaN,NaN,NaN,raw
810,0.38623281279226185,17.278855421686753,0.03156527917213853,NaN,NaN,NaN,raw
810,0.38637671698307297,17.285341490963855,0.018065194904866157,NaN,NaN,NaN,raw
810,0.38672477181608467,17.285716490963857,0.018851023324958794,NaN,NaN,NaN,raw
810,0.38681514292799757,17.27931927710844,0.032157197065519026,NaN,NaN,NaN,raw
810,0.3870648078525375,17.28569634789157,0.018858515424451387,NaN,NaN,NaN,raw
810,0.38731843729347,17.282589008789202,0.01366824740925203,NaN,NaN,NaN,raw
810,0.3873899541904393,17.294,0.015,7829.84649,0.3873899541904393,0.5931867829604016,raw
810,0.3873906750811459,17.28485203313253,0.019750854994523732,NaN,NaN,NaN,raw
810,0.38739737862511264,17.27874698795181,0.03155230131298366,NaN,NaN,NaN,raw
810,0.38770434838441775,17.284406814759038,0.02003974126633393,NaN,NaN,NaN,raw
810,0.3879791053934285,17.278843373493977,0.031448267063191884,NaN,NaN,NaN,raw
810,0.38800503610786025,17.28433998493976,0.020061431096808986,NaN,NaN,NaN,raw
550,0.3881162418005954,19.085619047619048,0.028349975104669967,NaN,NaN,NaN,raw
810,0.3882921640983903,17.284316641566267,0.020068408737733308,NaN,NaN,NaN,raw
810,0.38855708615462486,17.27831927710844,0.03221161829858375,NaN,NaN,NaN,raw
810,0.3885797238855724,17.28306664156627,0.017579591569724332,NaN,NaN,NaN,raw
810,0.38865413785606506,17.314,0.01,6721.89508,0.38865413785606506,0.7485788329795469,raw
810,0.3888619684794201,17.282472891566268,0.018137960871649435,NaN,NaN,NaN,raw
810,0.3889407789683901,17.272,0.014,6097.86833,0.3889407789683901,0.9911017843696754,raw
810,0.3891333533315282,17.2787951807229,0.032240482377075816,NaN,NaN,NaN,raw
810,0.38913692925705445,17.283234751506026,0.018479720100243128,NaN,NaN,NaN,raw
550,0.38924815949212643,19.117,0.03,5813.49297,0.38924815949212643,0.7284943746872159,raw
810,0.3894148195810686,17.285016001506026,0.01760059454897186,NaN,NaN,NaN,raw
810,0.3896890170250204,17.28458339608434,0.01759352415208967,NaN,NaN,NaN,raw
810,0.3897042752830411,17.27849397590362,0.03223714157340348,NaN,NaN,NaN,raw
810,0.3899592268961142,17.28494446536145,0.017582058567220307,NaN,NaN,NaN,raw
810,0.39001905580698804,17.307,0.012,5326.78706,0.39001905580698804,0.6924290197202936,raw
810,0.3902212737243922,17.283491528614462,0.01990051634875269,NaN,NaN,NaN,raw
810,0.39027602708138587,17.278554216867473,0.0322643448997067,NaN,NaN,NaN,raw
810,0.39047364476469837,17.282450489457833,0.01922080497816997,NaN,NaN,NaN,raw
550,0.39059390502847063,19.085690476190475,0.028260300030665736,NaN,NaN,NaN,raw
810,0.3906563972141157,17.291,0.013,5642.79865,0.3906563972141157,0.6231204308169254,raw
810,0.3907271749739155,17.28355553463856,0.019995470805060776,NaN,NaN,NaN,raw
810,0.39084125966975813,17.277909638554217,0.03261879404142726,NaN,NaN,NaN,raw
550,0.39098083525823313,19.078,0.018,5650.79465,0.39098083525823313,0.7261064590293245,raw
810,0.39098101793514417,17.284743034638556,0.01967726607163134,NaN,NaN,NaN,raw
810,0.39123110183899845,17.284747929216866,0.019675773751574647,NaN,NaN,NaN,raw
810,0.3914056028023912,17.27836144578313,0.03267955650945433,NaN,NaN,NaN,raw
810,0.3914806387732624,17.284735881024098,0.019679322864620284,NaN,NaN,NaN,raw
550,0.39148947752368085,19.124690476190477,0.0949992570683469,NaN,NaN,NaN,raw
550,0.39155272033505234,19.062071428571425,0.06263504092477645,NaN,NaN,NaN,raw
810,0.39172992034964776,17.284263930722894,0.0196310175499116,NaN,NaN,NaN,raw
810,0.39190481777586683,17.313,0.016,5342.77949,0.39190481777586683,0.8993208215160848,raw
550,0.3919348769777571,19.234,0.025,5747.78857,0.3919348769777571,0.19054600149138423,raw
810,0.39195809016382555,17.329,0.016,7471.77139,0.39195809016382555,0.6910566740680224,raw
810,0.39196940356278975,17.278590361445783,0.03276066974731757,NaN,NaN,NaN,raw
810,0.3919839933317427,17.2854905873494,0.020483052079143693,NaN,NaN,NaN,raw
810,0.392072228842153,17.252,0.014,6851.5687,0.392072228842153,0.1130249419966276,raw
810,0.3922327425808445,17.285508847891567,0.02047719458950896,NaN,NaN,NaN,raw
810,0.3922442998045881,17.265,0.009,6828.62404,0.3922442998045881,0.035711359945707954,raw
810,0.39239931324482313,17.277,0.014,6165.66075,0.39239931324482313,0.9952053459874151,raw
550,0.39241710749199843,19.09558405285191,0.046754538039276136,NaN,NaN,NaN,raw
550,0.39241710749199843,19.09558405285191,0.04505380018414457,NaN,NaN,NaN,raw
550,0.39241710749199843,19.095584052851912,0.04352610615439854,NaN,NaN,NaN,raw
810,0.392481308622289,17.285532191265062,0.02046915851070646,NaN,NaN,NaN,raw
810,0.3925342190617461,17.278144578313253,0.0329703751433591,NaN,NaN,NaN,raw
810,0.3926213774084317,17.3,0.013,5692.86054,0.3926213774084317,0.7026358405091742,raw
810,0.39267594421289687,17.257,0.013,5445.68335,0.39267594421289687,0.004783531510838657,raw
810,0.3927183722735208,17.303,0.011,6514.69872,0.3927183722735208,0.5674319875033689,raw
810,0.39274471402361494,17.28444578313253,0.019821827454257177,NaN,NaN,NaN,raw
810,0.393016957481831,17.28468392319277,0.019712957441929087,NaN,NaN,NaN,raw
810,0.39309665800101357,17.304,0.012,7170.70925,0.39309665800101357,0.7363825815627933,raw
810,0.39310076495331236,17.27815662650603,0.03298208216141125,NaN,NaN,NaN,raw
810,0.39314239401210216,17.29,0.011,6068.66742,0.39314239401210216,0.5320277797309245,raw
810,0.3932901134856458,17.28515907379518,0.01974964993114756,NaN,NaN,NaN,raw
810,0.3934632364580466,17.232,0.01,6380.85478,0.3934632364580466,0.2829102540254098,raw
810,0.3935558068139467,17.285201807228916,0.019736237949563595,NaN,NaN,NaN,raw
810,0.3936688336458049,17.278686746987955,0.03291050406539877,NaN,NaN,NaN,raw
810,0.3937682007399417,17.314,0.016,5641.75679,0.3937682007399417,0.39464156346548407,raw
810,0.3938169155809529,17.284858057228917,0.01943786647781627,NaN,NaN,NaN,raw
550,0.3940257914692622,19.11888095238095,0.09969884073316809,NaN,NaN,NaN,raw
810,0.3940520516662218,17.298,0.011,7211.73196,0.3940520516662218,0.48160969129276054,raw
810,0.3940802423503038,17.28546573795181,0.019538139441942527,NaN,NaN,NaN,raw
810,0.3942354977156005,17.279012048192776,0.03317939995289287,NaN,NaN,NaN,raw
810,0.394333256943126,17.285131777108433,0.01953182412903641,NaN,NaN,NaN,raw
810,0.39459589950906837,17.285884600903614,0.019707947168041872,NaN,NaN,NaN,raw
810,0.394800324824443,17.278933734939763,0.0331876456645174,NaN,NaN,NaN,raw
810,0.39484279438781167,17.285928087349397,0.019692340604982872,NaN,NaN,NaN,raw
810,0.3950871386768129,17.2861780873494,0.020093801994157123,NaN,NaN,NaN,raw
810,0.3953340770709602,17.28465286144578,0.01853005665947443,NaN,NaN,NaN,raw
810,0.3953669646347714,17.278897590361446,0.03322150262379315,NaN,NaN,NaN,raw
810,0.39552771405215026,17.318,0.013,5277.77071,0.39552771405215026,0.8492637866074801,raw
810,0.3955889418049861,17.2848844126506,0.018498123844886107,NaN,NaN,NaN,raw
810,0.39584963407274726,17.285762989457833,0.017528102157178795,NaN,NaN,NaN,raw
810,0.39593908136468753,17.279427710843375,0.03337905644672205,NaN,NaN,NaN,raw
810,0.3961149398020191,17.286950489457833,0.017362504207865174,NaN,NaN,NaN,raw
810,0.39638272768019456,17.28703821536145,0.017317640444432392,NaN,NaN,NaN,raw
810,0.3965111994808489,17.27906626506024,0.033620544862847955,NaN,NaN,NaN,raw
810,0.39664896739872607,17.28562744728916,0.019735561645387454,NaN,NaN,NaN,raw
810,0.396913334676747,17.284439947289158,0.01998453046185202,NaN,NaN,NaN,raw
810,0.39708311069849317,17.279234939759032,0.03370548353457311,NaN,NaN,NaN,raw
810,0.3971898715665388,17.285151167168674,0.01937207728978921,NaN,NaN,NaN,raw
810,0.3974748542085676,17.283901167168672,0.01947346590724735,NaN,NaN,NaN,raw
810,0.3976525696313061,17.27962048192771,0.03372357240156968,NaN,NaN,NaN,raw
810,0.3977530061123529,17.283744917168676,0.019326500717383073,NaN,NaN,NaN,raw
810,0.39787434545360156,17.294,0.012,6480.63108,0.39787434545360156,0.6987012553672685,raw
810,0.39803377540607937,17.283797816265057,0.01931302340436438,NaN,NaN,NaN,raw
810,0.3981398630649105,17.28288340466296,0.013622195497925324,NaN,NaN,NaN,raw
810,0.39813986306491056,17.282883404662957,0.013579018858416019,NaN,NaN,NaN,raw
810,0.39813986306491056,17.282883404662957,0.01353625018884835,NaN,NaN,NaN,raw
810,0.39820646178866875,17.279861445783133,0.03366787995890659,NaN,NaN,NaN,raw
810,0.39831769554877167,17.28473531626506,0.020325405275203774,NaN,NaN,NaN,raw
810,0.39837453635118436,17.296,0.013,7555.90426,0.39837453635118436,0.6464468845988449,raw
550,0.3985897770949772,19.060571428571432,0.0633229989640594,NaN,NaN,NaN,raw
810,0.39860480498731715,17.28701656626506,0.018201291750455175,NaN,NaN,NaN,raw
550,0.39868912382302196,19.11621428571429,0.10205718185089621,NaN,NaN,NaN,raw
810,0.39870248370061745,17.298,0.016,6560.59024,0.39870248370061745,0.7267648256001848,raw
810,0.3987528641844247,17.280313253012046,0.03372740193781591,NaN,NaN,NaN,raw
810,0.3988855419910539,17.287045557228915,0.01818833026065004,NaN,NaN,NaN,raw
810,0.39918064917237156,17.285969503012048,0.01754958077648829,NaN,NaN,NaN,raw
810,0.39924582177991397,17.302,0.012,5723.80345,0.39924582177991397,0.8877480719038431,raw
810,0.39930623892217565,17.27975301204819,0.03428321203207506,NaN,NaN,NaN,raw
810,0.39947649681420866,17.28490700301205,0.01782479475804969,NaN,NaN,NaN,raw
810,0.39972383502390585,17.321,0.012,6511.57233,0.39972383502390585,0.8802628418379754,raw
810,0.3997746455036454,17.28491076807229,0.017823522102599,NaN,NaN,NaN,raw
810,0.39986011877654054,17.280192771084337,0.03419957746729069,NaN,NaN,NaN,raw
550,0.39992107754505846,19.06048122710623,0.03714155841074378,NaN,NaN,NaN,raw
550,0.3999210775450585,19.060481227106226,0.036782694357985084,NaN,NaN,NaN,raw
810,0.4000628996800217,17.284912838855423,0.017822809109635233,NaN,NaN,NaN,raw
810,0.4001250750516192,17.286,0.01,6446.56243,0.4001250750516192,0.8278101910782425,raw
810,0.4003431149591673,17.284930534638555,0.017816924218486945,NaN,NaN,NaN,raw
810,0.40041438141051033,17.280114457831328,0.03421720507343642,NaN,NaN,NaN,raw
810,0.40063591819581323,17.28373230421687,0.016780371423024434,NaN,NaN,NaN,raw
810,0.40073408314128756,17.303,0.011,5738.7528,0.40073408314128756,0.8635514962224988,raw
810,0.40091728629752565,17.282906438253015,0.017627989171744272,NaN,NaN,NaN,raw
810,0.40096852534643623,17.27980722891566,0.03443745594071214,NaN,NaN,NaN,raw
810,0.40105389005475445,17.233,0.012,5309.75618,0.40105389005475445,0.26435214526281925,raw
810,0.4010811303051014,17.262,0.014,5705.72643,0.4010811303051014,0.2220376552304515,raw
810,0.4011970189054791,17.28293448795181,0.01762239480251099,NaN,NaN,NaN,raw
810,0.40146663850822745,17.28161464608434,0.019400332422029532,NaN,NaN,NaN,raw
810,0.40152512468623436,17.279759036144576,0.03443292658204852,NaN,NaN,NaN,raw
810,0.4017285267456875,17.281631777108434,0.019398756687880648,NaN,NaN,NaN,raw
810,0.40183781681844266,17.263,0.011,7138.72874,0.40183781681844266,0.3319033788229717,raw
810,0.4019975189221441,17.299,0.011,7494.7196,0.4019975189221441,0.775963502792365,raw
810,0.40200134575958985,17.28119672439759,0.019268098519271783,NaN,NaN,NaN,raw
810,0.4020853823525591,17.27984939759036,0.034453238836161214,NaN,NaN,NaN,raw
810,0.4022278385782556,17.32,0.03,6576.58324,0.4022278385782556,0.9348758247488149,raw
810,0.4022683423786598,17.280669804216867,0.01953450331342085,NaN,NaN,NaN,raw
810,0.4025312453492357,17.28073230421687,0.019588259480630678,NaN,NaN,NaN,raw
810,0.4026507384915021,17.305,0.013,6080.83838,0.4026507384915021,0.5650141266469291,raw
810,0.4026524177653815,17.279614457831325,0.03483687747385679,NaN,NaN,NaN,raw
810,0.4027862227217279,17.28101355421687,0.019906219216205424,NaN,NaN,NaN,raw
810,0.40304037448756486,17.28219126506024,0.020950869661912973,NaN,NaN,NaN,raw
810,0.4032116305421062,17.279566265060243,0.03490860544112963,NaN,NaN,NaN,raw
810,0.40328834382203527,17.28152014307229,0.020637491445186038,NaN,NaN,NaN,raw
810,0.403519176205009,17.264,0.013,7946.66158,0.403519176205009,0.45397369570855517,raw
810,0.4035528150908839,17.281552899096383,0.020635427907880685,NaN,NaN,NaN,raw
550,0.40375918616995304,19.073880952380954,0.028865480879321444,NaN,NaN,NaN,raw
810,0.4037762557775761,17.279132530120485,0.035174464251468994,NaN,NaN,NaN,raw
810,0.4038225915948988,17.28029254518072,0.019339349634209028,NaN,NaN,NaN,raw
810,0.4040244584684842,17.279,0.011,7161.67422,0.4040244584684842,0.41097089390859765,raw
810,0.4041066298183313,17.280305346385543,0.019339417035735083,NaN,NaN,NaN,raw
810,0.40433385356742974,17.27946385542169,0.03522372505661226,NaN,NaN,NaN,raw
810,0.4044008449338119,17.280142695783134,0.019311845671673867,NaN,NaN,NaN,raw
810,0.4046908122829137,17.280701618975904,0.019568123150660116,NaN,NaN,NaN,raw
810,0.40489741762481923,17.27965662650603,0.035198607729941815,NaN,NaN,NaN,raw
810,0.40494286061948515,17.253,0.019,7069.89566,0.40494286061948515,0.10188768112311664,raw
810,0.40497642864914096,17.278264118975905,0.021466840380112602,NaN,NaN,NaN,raw
810,0.40526268396517395,17.278295557228915,0.02146990961222482,NaN,NaN,NaN,raw
810,0.4054626429353601,17.27996385542169,0.035318617558700596,NaN,NaN,NaN,raw
550,0.4055427173963316,19.05407142857143,0.06653797560643303,NaN,NaN,NaN,raw
810,0.40555429149735034,17.27782680722892,0.022623498380635938,NaN,NaN,NaN,raw
810,0.4057109379864414,17.237,0.017,6226.50365,0.4057109379864414,0.13468366213419358,raw
810,0.4058452796878501,17.278201807228918,0.022451495872891056,NaN,NaN,NaN,raw
810,0.4060329932300269,17.280168674698796,0.03542309442777393,NaN,NaN,NaN,raw
810,0.4061255158311692,17.276271837349398,0.024840652962061283,NaN,NaN,NaN,raw
810,0.40639617001320083,17.275084337349398,0.026357550100054052,NaN,NaN,NaN,raw
810,0.4066045538984765,17.28007831325301,0.035460603998317866,NaN,NaN,NaN,raw
810,0.40666866829862824,17.27451204819277,0.02601815833853541,NaN,NaN,NaN,raw
810,0.406750353598909,17.263,0.01,7093.88395,0.406750353598909,0.4114660591494612,raw
810,0.4067874314096116,17.298,0.014,7925.80388,0.4067874314096116,0.8405480227920634,raw
810,0.4068617596203694,17.307,0.014,5425.52474,0.4068617596203694,0.8866713281349803,raw
810,0.4068857206912071,17.318,0.011,6023.8257,0.4068857206912071,0.6181570142252895,raw
810,0.4069570259188616,17.274520707831325,0.02602003812306041,NaN,NaN,NaN,raw
550,0.40714506401855033,19.107,0.016,7550.6926,0.40714506401855033,0.49900464300299063,raw
810,0.4071808404829667,17.28052409638554,0.03529197725077808,NaN,NaN,NaN,raw
810,0.4072461237233732,17.271770707831326,0.02570675728913944,NaN,NaN,NaN,raw
810,0.40752218298876175,17.270301957831325,0.02508204200550865,NaN,NaN,NaN,raw
810,0.407769319525332,17.280801204819277,0.035183884031034805,NaN,NaN,NaN,raw
810,0.4078116741755695,17.27032172439759,0.02508986572885291,NaN,NaN,NaN,raw
810,0.4080963015194127,17.271210278614458,0.025917653864022405,NaN,NaN,NaN,raw
550,0.40823770270712667,19.06502380952381,0.03771227898701633,NaN,NaN,NaN,raw
810,0.4083566831523825,17.280668674698795,0.03547348793270425,NaN,NaN,NaN,raw
810,0.40837758474541874,17.271708019578313,0.02592765733983815,NaN,NaN,NaN,raw
810,0.4086560806569547,17.273016378012052,0.027332684079616157,NaN,NaN,NaN,raw
810,0.40894052504222905,17.27302767319277,0.0273353111225759,NaN,NaN,NaN,raw
810,0.40894934192637955,17.280602409638554,0.035578829169430747,NaN,NaN,NaN,raw
810,0.40921701574709574,17.271200677710844,0.02880548637016084,NaN,NaN,NaN,raw
810,0.4094831716676105,17.269836408132534,0.029419360878514902,NaN,NaN,NaN,raw
810,0.40953995874699917,17.28079518072289,0.035460352264104864,NaN,NaN,NaN,raw
810,0.40969333658176765,17.298,0.015,5405.70983,0.40969333658176765,0.5037137393046578,raw
810,0.4097532802175089,17.271180158132534,0.02960696859999372,NaN,NaN,NaN,raw
810,0.40987380686055985,17.225,0.012,7956.74556,0.40987380686055985,0.02302935463740141,raw
810,0.4100116957945371,17.27113403614458,0.029593990627363623,NaN,NaN,NaN,raw
810,0.4101286954594918,17.280813253012052,0.03547249987716668,NaN,NaN,NaN,raw
810,0.4102811073019727,17.27243467620482,0.02895308435274356,NaN,NaN,NaN,raw
810,0.4103853310843988,17.218,0.02,7911.89924,0.4103853310843988,0.09931945259086206,raw
810,0.4103927524010942,17.274,0.014,5459.5954,0.4103927524010942,0.7618616673007637,raw
810,0.4104926812724443,17.218,0.015,6063.80639,0.4104926812724443,0.1345630257637822,raw
810,0.4104987506434554,17.225,0.011,6448.65192,0.4104987506434554,0.29710962530589313,raw
550,0.4105371078046682,19.06852380952381,0.036660141658135525,NaN,NaN,NaN,raw
810,0.41055915211216787,17.27236765813253,0.02893708250414193,NaN,NaN,NaN,raw
810,0.41071746405582255,17.280686746987953,0.03539437644456004,NaN,NaN,NaN,raw
810,0.41083800341402166,17.272314006024096,0.028923913665635324,NaN,NaN,NaN,raw
810,0.4111310378194357,17.272796498493975,0.028892292089719062,NaN,NaN,NaN,raw
810,0.4113128262000258,17.2801265060241,0.03591457401259296,NaN,NaN,NaN,raw
810,0.411425635990744,17.27292149849398,0.029013249932031988,NaN,NaN,NaN,raw
810,0.4114789683226263,17.232,0.013,7473.86406,0.4114789683226263,0.16715794616175117,raw
810,0.4114846349839354,17.258,0.015,6218.50977,0.4114846349839354,0.03623219249857357,raw
810,0.41173363816879516,17.27201656626506,0.028360297636827743,NaN,NaN,NaN,raw
810,0.41191613574323216,17.28024698795181,0.03600495534026383,NaN,NaN,NaN,raw
550,0.4120233795169026,19.05429221054519,0.025874982087267573,NaN,NaN,NaN,raw
550,0.4120233795169026,19.054292210545185,0.024997607581833173,NaN,NaN,NaN,raw
550,0.41202337951690265,19.054292210545185,0.026851737907127454,NaN,NaN,NaN,raw
550,0.41202532670649816,19.034,0.019,6770.92147,0.41202532670649816,0.6132190510488726,raw
810,0.4120440812437042,17.269954066265058,0.02728792873292031,NaN,NaN,NaN,raw
810,0.41231970554508734,17.308,0.013,6373.90839,0.41231970554508734,0.42497989928415336,raw
810,0.4123571879748847,17.270250188253012,0.027457222206178203,NaN,NaN,NaN,raw
550,0.41244093268895604,19.06457142857143,0.06690718517895904,NaN,NaN,NaN,raw
810,0.41252023943720323,17.279927710843374,0.03610818194277918,NaN,NaN,NaN,raw
810,0.4126557077528281,17.270137801204818,0.027419977026770546,NaN,NaN,NaN,raw
810,0.412688124946726,17.321,0.013,6476.81211,0.412688124946726,0.5301431572970614,raw
810,0.4129476149706117,17.269398155120484,0.027445961819426632,NaN,NaN,NaN,raw
810,0.41312667879726384,17.27936144578313,0.035417536595634305,NaN,NaN,NaN,raw
810,0.4131815561231633,17.221,0.011,6093.70499,0.4131815561231633,0.0859559801301657,raw
810,0.4132283348844239,17.269297439759036,0.02740940953723146,NaN,NaN,NaN,raw
810,0.41341440708129085,17.236,0.013,5403.62524,0.41341440708129085,0.04489512443069543,raw
810,0.41349189867073677,17.269522590361447,0.027536200928879543,NaN,NaN,NaN,raw
810,0.4135863342162338,17.296,0.01,6185.48401,0.4135863342162338,0.39602310657028283,raw
810,0.4137319414002629,17.27848795180723,0.036285857993506636,NaN,NaN,NaN,raw
810,0.41375401780086407,17.269241340361447,0.027280732055480535,NaN,NaN,NaN,raw
810,0.41402069974557265,17.27242884036145,0.027896716278164046,NaN,NaN,NaN,raw
810,0.41428367432488644,17.27231137048193,0.027868171410687745,NaN,NaN,NaN,raw
810,0.41433210622437994,17.27862048192771,0.03616235195835956,NaN,NaN,NaN,raw
550,0.4145078087201996,19.052261904761906,0.01613152784072931,NaN,NaN,NaN,raw
810,0.41454738270952307,17.27381137048193,0.026085339316382176,NaN,NaN,NaN,raw
550,0.41457346145457197,19.063824006240676,0.043169925373974745,NaN,NaN,NaN,raw
810,0.41481388667203023,17.27421762048193,0.026189394469003036,NaN,NaN,NaN,raw
810,0.41493042715627376,17.278024096385543,0.03675190397990588,NaN,NaN,NaN,raw
810,0.4150819834846772,17.27743637048193,0.025374011846621664,NaN,NaN,NaN,raw
810,0.415352615394604,17.279068335843373,0.02350312365429826,NaN,NaN,NaN,raw
810,0.4155277955577983,17.278361445783133,0.03677781884654332,NaN,NaN,NaN,raw
810,0.4156189265322959,17.278828125,0.02352531955978122,NaN,NaN,NaN,raw
810,0.41587207094565004,17.279917921686746,0.024379641296169235,NaN,NaN,NaN,raw
810,0.4161204333159074,17.279699171686747,0.024850322160072134,NaN,NaN,NaN,raw
810,0.41612745457215683,17.278439759036143,0.036765176012285114,NaN,NaN,NaN,raw
810,0.41621457289147656,17.302,0.012,6077.71427,0.41621457289147656,0.8827217703947099,raw
810,0.4163755635015858,17.28129292168675,0.02504840288076611,NaN,NaN,NaN,raw
810,0.41662107690157013,17.281198042168675,0.025058240812565122,NaN,NaN,NaN,raw
810,0.4167178293180067,17.2780421686747,0.036973922408890324,NaN,NaN,NaN,raw
810,0.41681989908829564,17.252,0.011,6017.91915,0.41681989908829564,0.9843848625296232,raw
810,0.41687302631454515,17.280232492469878,0.02458295666776025,NaN,NaN,NaN,raw
810,0.41711965964606934,17.27998475150602,0.024626036271694764,NaN,NaN,NaN,raw
810,0.4172002558807435,17.29,0.011,5722.76675,0.4172002558807435,0.6703061490097753,raw
810,0.41732195241952086,17.277204819277113,0.0374746003795037,NaN,NaN,NaN,raw
810,0.417379221249784,17.278597703313253,0.023463929022582448,NaN,NaN,NaN,raw
550,0.4175674520955086,19.036595238095234,0.04306819067036788,NaN,NaN,NaN,raw
810,0.41763848349277355,17.27724265813253,0.024640943652951823,NaN,NaN,NaN,raw
810,0.4176977141214593,17.257,0.013,7835.76703,0.4176977141214593,0.25688274337153416,raw
810,0.41790203903193257,17.27895764307229,0.022408929122808247,NaN,NaN,NaN,raw
810,0.4179323791683699,17.27737951807229,0.03753649459436773,NaN,NaN,NaN,raw
810,0.41797399990900885,17.288,0.009,6752.84588,0.41797399990900885,0.9505673224721249,raw
810,0.41808114874584135,17.289,0.013,7908.77309,0.41808114874584135,0.4126636531800614,raw
810,0.4181647604247334,17.279895143072288,0.02114571538467882,NaN,NaN,NaN,raw
810,0.4184076290912344,17.327,0.011,5805.50722,0.4184076290912344,0.6474325094059168,raw
810,0.4184349448396868,17.279277861445784,0.02094780695330481,NaN,NaN,NaN,raw
810,0.41854388199753445,17.27705421686747,0.037555818017435565,NaN,NaN,NaN,raw
810,0.41871244504669414,17.277887612951808,0.02242603654784732,NaN,NaN,NaN,raw
810,0.41882399939277093,17.266,0.014,7569.81726,0.41882399939277093,0.4055570159780473,raw
810,0.41892087920132326,17.287,0.021,5489.49603,0.41892087920132326,0.717596675398454,raw
810,0.4189728827308522,17.278211972891565,0.022511876379371527,NaN,NaN,NaN,raw
550,0.41905716676514465,19.058214285714286,0.07135305348587623,NaN,NaN,NaN,raw
810,0.41907177927714656,17.321,0.01,7193.663,0.41907177927714656,0.833139152980948,raw
810,0.4191589717611131,17.277222891566264,0.03758680885727082,NaN,NaN,NaN,raw
810,0.419220319142468,17.27815436746988,0.02251473095724921,NaN,NaN,NaN,raw
810,0.41923942046196316,17.273,0.011,6858.53109,0.41923942046196316,0.0051783803373837145,raw
810,0.41941344742735964,17.315,0.011,6458.73679,0.41941344742735964,0.8680689432567306,raw
810,0.41942656417086255,17.225,0.011,5301.76668,0.41942656417086255,0.1752692447626032,raw
810,0.41946206707358347,17.278924322289157,0.022939329807989718,NaN,NaN,NaN,raw
810,0.4195737488651748,17.274239784295407,0.01874341417206103,NaN,NaN,NaN,raw
810,0.41957374886517484,17.27423978429541,0.01868400541985189,NaN,NaN,NaN,raw
810,0.41957374886517496,17.27423978429541,0.018625158012514586,NaN,NaN,NaN,raw
810,0.4196488009256427,17.309,0.016,6922.49833,0.4196488009256427,0.8274410095636995,raw
810,0.41969152097657797,17.27884205572289,0.022945843192016438,NaN,NaN,NaN,raw
810,0.41977256454273115,17.27721084337349,0.03757720299249199,NaN,NaN,NaN,raw
810,0.41992438092392376,17.27943580572289,0.02379453986303546,NaN,NaN,NaN,raw
810,0.42015436131134515,17.279344314759037,0.02380569727850603,NaN,NaN,NaN,raw
810,0.4203820867602869,17.27710240963855,0.03755442588097113,NaN,NaN,NaN,raw
810,0.4203964817226031,17.279719314759035,0.023452962091052725,NaN,NaN,NaN,raw
810,0.42041250604597735,17.272,0.011,6348.8806,0.42041250604597735,0.8919705587377393,raw
810,0.4206291466086875,17.276906814759034,0.027266685340268562,NaN,NaN,NaN,raw
810,0.4208591993412835,17.276819653614453,0.02727015971590044,NaN,NaN,NaN,raw
810,0.4209940962655967,17.27661445783132,0.0375983014849441,NaN,NaN,NaN,raw
810,0.42108820660483953,17.278538403614455,0.0277103781602245,NaN,NaN,NaN,raw
550,0.421204256832425,18.987,0.018,5279.86552,0.421204256832425,0.3299423961343564,raw
810,0.42131790250677525,17.27842093373494,0.02772341397526192,NaN,NaN,NaN,raw
810,0.4214230705729278,17.236,0.013,6169.49496,0.4214230705729278,0.1963609311842447,raw
810,0.4215651103163496,17.277977597891564,0.027678686847376555,NaN,NaN,NaN,raw
810,0.4216153333762517,17.275879518072287,0.03820785183158707,NaN,NaN,NaN,raw
550,0.4218080523316443,19.034642857142856,0.04126068198116779,NaN,NaN,NaN,raw
810,0.42182127423643445,17.277321347891565,0.027657862870167655,NaN,NaN,NaN,raw
810,0.42182149165091687,17.266,0.013,6790.74077,0.42182149165091687,0.0055665984418737935,raw
810,0.4220736688537464,17.275674134036144,0.02613123110559601,NaN,NaN,NaN,raw
810,0.422232235494744,17.276246987951808,0.03811520602419083,NaN,NaN,NaN,raw
810,0.42234057994194546,17.27557643072289,0.02613174951074723,NaN,NaN,NaN,raw
810,0.4226045606931878,17.27576393072289,0.026082299113600355,NaN,NaN,NaN,raw
810,0.4226119480244961,17.234,0.018,5316.71662,0.4226119480244961,0.15233464528864715,raw
810,0.4226661121174402,17.289,0.012,7948.75412,0.4226661121174402,0.9297969052495318,raw
810,0.4228483923279782,17.27618072289157,0.038063947653776076,NaN,NaN,NaN,raw
810,0.42287149972305843,17.27563893072289,0.026036257339912165,NaN,NaN,NaN,raw
810,0.4231405771214529,17.27414363704819,0.024686096292245684,NaN,NaN,NaN,raw
810,0.42326372935349355,17.303,0.014,7083.80792,0.42326372935349355,0.8594149948876293,raw
810,0.4234254306576749,17.274004329819277,0.024680736586585008,NaN,NaN,NaN,raw
810,0.42346997946798043,17.27580722891566,0.03830988726918387,NaN,NaN,NaN,raw
810,0.42366609120654175,17.321,0.011,5677.9225,0.42366609120654175,0.7510238584072795,raw
810,0.42372057086542914,17.275723079819276,0.02645952111215854,NaN,NaN,NaN,raw
810,0.42401553814878196,17.274375376506022,0.025474411639191674,NaN,NaN,NaN,raw
810,0.42407720171549185,17.27511445783133,0.0385630397158796,NaN,NaN,NaN,raw
810,0.4243284214113484,17.275814006024095,0.023843785155992767,NaN,NaN,NaN,raw
810,0.42456775224854937,17.264,0.015,6582.50101,0.42456775224854937,0.59264691381577,raw
810,0.424645532235445,17.2,0.015,5625.77575,0.424645532235445,0.21211231930465146,raw
810,0.4246526333379005,17.274619164156626,0.023072680226628117,NaN,NaN,NaN,raw
810,0.4246836398625934,17.274415662650604,0.03913785420769093,NaN,NaN,NaN,raw
810,0.4249741458148421,17.273612575301208,0.0236513388874628,NaN,NaN,NaN,raw
810,0.4250259465552517,17.312,0.014,6955.52669,0.4250259465552517,0.47321134657613584,raw
550,0.42516273339736343,19.058714285714284,0.07133822858147609,NaN,NaN,NaN,raw
810,0.4252795060781772,17.272171875,0.024807773002014626,NaN,NaN,NaN,raw
810,0.4252826480303145,17.27362048192771,0.04081911987837469,NaN,NaN,NaN,raw
810,0.42559816692590174,17.272142131024097,0.024808556309563794,NaN,NaN,NaN,raw
810,0.42588464981538465,17.27381325301205,0.04092011514271643,NaN,NaN,NaN,raw
810,0.42590900387587816,17.271341679216867,0.025071435558069836,NaN,NaN,NaN,raw
550,0.42591089936810195,19.035095238095238,0.04165390280691158,NaN,NaN,NaN,raw
810,0.42621420807720695,17.2724327936747,0.024229370024387815,NaN,NaN,NaN,raw
810,0.4262783941885573,17.268,0.011,6022.7895,0.4262783941885573,0.40178456269313756,raw
810,0.4264842568452176,17.27428915662651,0.04091366523450046,NaN,NaN,NaN,raw
810,0.4265203895015324,17.27218655873494,0.02423325032661999,NaN,NaN,NaN,raw
810,0.4268315129297977,17.272340737951808,0.024208301989902006,NaN,NaN,NaN,raw
810,0.4270850368199049,17.273927710843378,0.041233344298040264,NaN,NaN,NaN,raw
810,0.4271480239833438,17.27217921686747,0.02419863933750021,NaN,NaN,NaN,raw
810,0.4272713834325259,17.272,0.011,7961.61867,0.4272713834325259,0.4463325367178186,raw
810,0.42746292815718334,17.283,0.017,6947.53165,0.42746292815718334,0.3722787033802888,raw
810,0.42746792887570856,17.274397966867472,0.023837364593859354,NaN,NaN,NaN,raw
810,0.4276822560257708,17.27315060240964,0.04172414713544613,NaN,NaN,NaN,raw
810,0.42778900301455747,17.273831325301206,0.02369414577642482,NaN,NaN,NaN,raw
810,0.4281070409629042,17.27373192771084,0.023690643411540892,NaN,NaN,NaN,raw
810,0.42827428492021585,17.272765060240967,0.04161204934393894,NaN,NaN,NaN,raw
810,0.42841341382039855,17.273294427710844,0.0232580288729748,NaN,NaN,NaN,raw
810,0.4286839071100985,17.328,0.013,6126.73687,0.4286839071100985,0.7392553955360199,raw
810,0.42872749066459476,17.273142695783136,0.023256944919795932,NaN,NaN,NaN,raw
810,0.42885240049465034,17.271873493975907,0.04174804247804259,NaN,NaN,NaN,raw
810,0.42904858300341714,17.274298945783134,0.026417924852646928,NaN,NaN,NaN,raw
810,0.4293575319772304,17.273982868975907,0.026468312001433344,NaN,NaN,NaN,raw
810,0.42943882857298926,17.271036144578318,0.04303879737621732,NaN,NaN,NaN,raw
810,0.4296552928727604,17.274181475903617,0.026414778498232844,NaN,NaN,NaN,raw
810,0.4299686516261641,17.27638290662651,0.0227084883506976,NaN,NaN,NaN,raw
810,0.4300235825753096,17.27076506024097,0.04333183009159959,NaN,NaN,NaN,raw
810,0.4300609638048627,17.245,0.017,6196.61445,0.4300609638048627,0.2033967693841987,raw
810,0.43015361518700956,17.231,0.01,6014.79496,0.43015361518700956,0.30192139086102543,raw
810,0.4302819569761931,17.275713667168674,0.023080851444411427,NaN,NaN,NaN,raw
810,0.4306007526265938,17.271869917168676,0.02678726086182474,NaN,NaN,NaN,raw
810,0.4306096531731618,17.271048192771087,0.043623986622445876,NaN,NaN,NaN,raw
810,0.4309121700925005,17.271753953313254,0.02678747033200479,NaN,NaN,NaN,raw
810,0.4309408786648419,17.251,0.014,6832.80926,0.4309408786648419,0.9876572310058691,raw
810,0.43118960501544873,17.270915662650605,0.04353214202814086,NaN,NaN,NaN,raw
810,0.43120537803967174,17.273197289156627,0.02811348137670174,NaN,NaN,NaN,raw
550,0.43120567018264583,19.0535,0.009783107056218722,NaN,NaN,NaN,raw
550,0.4313657078745174,19.059571428571427,0.07115499256575779,NaN,NaN,NaN,raw
810,0.4314131389546674,17.268,0.012,7133.87196,0.4314131389546674,0.9435291314384813,raw
810,0.4315017776057538,17.272759789156627,0.028305249704039203,NaN,NaN,NaN,raw
810,0.4315401930199975,17.272815748111494,0.020594673765937252,NaN,NaN,NaN,raw
810,0.43177744135540574,17.27093373493976,0.04352820549067471,NaN,NaN,NaN,raw
810,0.4317937393477811,17.272606174698794,0.028310020395378117,NaN,NaN,NaN,raw
810,0.4320845309391598,17.27335843373494,0.02866388432752642,NaN,NaN,NaN,raw
810,0.43236058920821785,17.271078313253014,0.04364498526699052,NaN,NaN,NaN,raw
810,0.43236997463009585,17.273270519578315,0.028672498068613,NaN,NaN,NaN,raw
810,0.4326553563835246,17.270895519578314,0.030901558310344752,NaN,NaN,NaN,raw
810,0.4328489045801689,17.305,0.014,5749.54103,0.4328489045801689,0.9389575691511709,raw
810,0.43293606666936557,17.272359563253012,0.03209847274074495,NaN,NaN,NaN,raw
810,0.4329404845606054,17.27086746987952,0.043520742831321166,NaN,NaN,NaN,raw
810,0.4330256066750735,17.273,0.018,7206.5308,0.4330256066750735,0.3566263483098737,raw
810,0.4330676607933128,17.289,0.013,5709.56167,0.4330676607933128,0.42539635143475607,raw
810,0.4332082679876176,17.272228350903617,0.03210534287287484,NaN,NaN,NaN,raw
810,0.43348539334802993,17.271634600903617,0.031203670356312583,NaN,NaN,NaN,raw
810,0.4335204384822602,17.270951807228915,0.043536513025403116,NaN,NaN,NaN,raw
810,0.43375772512044397,17.271535391566267,0.031207932862700193,NaN,NaN,NaN,raw
810,0.43394104604885797,17.358,0.016,5824.63322,0.43394104604885797,0.556851065630326,raw
810,0.4339635688775161,17.265,0.011,7865.67035,0.4339635688775161,0.21837150740248035,raw
810,0.43402076864425987,17.270128012048193,0.032229933477323,NaN,NaN,NaN,raw
810,0.4340961009055093,17.270355421686748,0.043717414193436624,NaN,NaN,NaN,raw
810,0.43427467757178295,17.270052899096385,0.03223120175009977,NaN,NaN,NaN,raw
810,0.4345376623421986,17.272115399096386,0.032684836018973006,NaN,NaN,NaN,raw
810,0.4346730123443633,17.27044578313253,0.04377580707583311,NaN,NaN,NaN,raw
810,0.43470941106352257,17.253,0.012,5457.51797,0.43470941106352257,0.31835788233547646,raw
810,0.4348057966486225,17.273291603915663,0.031823401529328374,NaN,NaN,NaN,raw
810,0.4350638536188193,17.27475884789157,0.03278449351316562,NaN,NaN,NaN,raw
810,0.43522740736807464,17.189,0.012,6394.77519,0.43522740736807464,0.057869950998792774,raw
810,0.4352480069393282,17.269909638554218,0.04379647450723064,NaN,NaN,NaN,raw
810,0.4352673041248636,17.32,0.015,7235.73395,0.4352673041248636,0.8204915846490621,raw
810,0.4353172570183027,17.277321347891565,0.03404784935093447,NaN,NaN,NaN,raw
810,0.4355713527490797,17.277246799698794,0.03406493440960247,NaN,NaN,NaN,raw
810,0.4357631803031836,17.254,0.011,7076.85932,0.4357631803031836,0.9967575767223025,raw
550,0.43578555794097373,19.048928571428572,0.00932163382368273,NaN,NaN,NaN,raw
810,0.43582317857963965,17.277278049698793,0.034056635749997635,NaN,NaN,NaN,raw
810,0.4358270325900918,17.269373493975902,0.043613095293174024,NaN,NaN,NaN,raw
810,0.4360772250279745,17.277198606927712,0.03407487244573233,NaN,NaN,NaN,raw
550,0.4362867738042926,19.0391768707483,0.013986112677790038,NaN,NaN,NaN,raw
550,0.4362867738042926,19.0391768707483,0.01347735540470414,NaN,NaN,NaN,raw
550,0.4362867738042926,19.0391768707483,0.013020362314124007,NaN,NaN,NaN,raw
810,0.43631522052428007,17.276383659638554,0.03453471593250818,NaN,NaN,NaN,raw
810,0.43639036774402484,17.298,0.009,6015.84007,0.43639036774402484,0.5373518220694677,raw
810,0.4364055815424774,17.269186746987952,0.04375407934875111,NaN,NaN,NaN,raw
810,0.436554124629415,17.275237763554216,0.03416089605729335,NaN,NaN,NaN,raw
810,0.43659514426690293,17.207,0.014,6051.64781,0.43659514426690293,0.12805678978475044,raw
810,0.4366649851726834,17.32,0.013,6133.69259,0.4366649851726834,0.6171420859009231,raw
810,0.4368033816268255,17.27717940512048,0.03563828531765921,NaN,NaN,NaN,raw
810,0.43698472710427694,17.268566265060237,0.04453713269160829,NaN,NaN,NaN,raw
810,0.4370550384641749,17.275741905120483,0.036723504410994215,NaN,NaN,NaN,raw
550,0.43708856927605666,19.042214285714287,0.08446226155138002,NaN,NaN,NaN,raw
810,0.43730573852579435,17.275090549698795,0.036665564397606855,NaN,NaN,NaN,raw
810,0.4375468767160336,17.276310805722893,0.03716969096918581,NaN,NaN,NaN,raw
810,0.4375519186432939,17.309,0.016,5458.5619,0.4375519186432939,0.5512643611273234,raw
810,0.43756701721190167,17.26869879518072,0.044595076488604224,NaN,NaN,NaN,raw
810,0.4377816782865474,17.27490455572289,0.034752050296510927,NaN,NaN,NaN,raw
810,0.43785622133509605,17.226,0.016,7934.85351,0.43785622133509605,0.19718827422912,raw
810,0.4380219757294193,17.275748305722892,0.034831496561955916,NaN,NaN,NaN,raw
810,0.4381486682560502,17.26836144578313,0.044568660905020915,NaN,NaN,NaN,raw
810,0.4382591196049731,17.275669051204822,0.03484704505949711,NaN,NaN,NaN,raw
810,0.43847647645816323,17.311,0.009,6450.74753,0.43847647645816323,0.7794993890092883,raw
810,0.4384807103998086,17.277280120481926,0.03577710112075356,NaN,NaN,NaN,raw
810,0.43871729474286547,17.277717432228915,0.035555586055550224,NaN,NaN,NaN,raw
810,0.4387339129925749,17.268638554216864,0.04464053825928694,NaN,NaN,NaN,raw
810,0.4388674762194569,17.318,0.015,6047.82448,0.4388674762194569,0.9501729014355078,raw
550,0.4389023966723471,19.045,0.015,7131.78868,0.4389023966723471,0.48751253153022844,raw
810,0.4389561770577254,17.280153049698793,0.03174786490754229,NaN,NaN,NaN,raw
810,0.4390497874483117,17.333,0.013,6362.79297,0.4390497874483117,0.6497331562004547,raw
810,0.43920019941612365,17.277968373493973,0.03473985750900168,NaN,NaN,NaN,raw
810,0.4393206684003143,17.268530120481927,0.04457838512767658,NaN,NaN,NaN,raw
810,0.43944860763037097,17.277655873493973,0.034392812059422434,NaN,NaN,NaN,raw
810,0.4394715655325854,17.269,0.014,7555.5709,0.4394715655325854,0.9334089378280623,raw
550,0.4395947055342428,19.031738095238097,0.020604924779530943,NaN,NaN,NaN,raw
810,0.4396888797741685,17.278036332831324,0.03418942309840899,NaN,NaN,NaN,raw
810,0.43990692770212153,17.26839156626506,0.044503152642343266,NaN,NaN,NaN,raw
810,0.43993589037268477,17.27793091114458,0.034222181590604195,NaN,NaN,NaN,raw
810,0.43997644508999656,17.245,0.019,7911.56188,0.43997644508999656,0.37772573492475203,raw
810,0.4401743127109553,17.27580591114458,0.03503730408923696,NaN,NaN,NaN,raw
810,0.4404126204232578,17.27569578313253,0.03506430834525112,NaN,NaN,NaN,raw
810,0.4404938359444845,17.268331325301205,0.044480487864424045,NaN,NaN,NaN,raw
810,0.44066137021927243,17.27794578313253,0.032747560628468675,NaN,NaN,NaN,raw
810,0.4409096270988091,17.27622439759036,0.03190251787115295,NaN,NaN,NaN,raw
810,0.44091670847774367,17.333,0.02,6818.55919,0.44091670847774367,0.507573675346066,raw
810,0.44107862547025434,17.227,0.01,5418.58369,0.44107862547025434,0.04016292754567985,raw
810,0.4410900627651343,17.268156626506023,0.04468054472626106,NaN,NaN,NaN,raw
810,0.44113364650145354,17.271612471945495,0.022309181779087375,NaN,NaN,NaN,raw
810,0.4411336465014536,17.271612471945495,0.02223891646509207,NaN,NaN,NaN,raw
810,0.44113364650145365,17.2716124719455,0.022380117353260048,NaN,NaN,NaN,raw
810,0.44116589986158583,17.27609205572289,0.03194406793175508,NaN,NaN,NaN,raw
810,0.44123686056991573,17.31,0.01,6404.85905,0.44123686056991573,0.6266689367967047,raw
810,0.4414225019952866,17.274675263554215,0.03143885590055658,NaN,NaN,NaN,raw
810,0.4414546963052999,17.313,0.012,5744.67696,0.4414546963052999,0.5349904292997962,raw
810,0.4416530870494171,17.292,0.02,5497.49982,0.4416530870494171,0.8372450674378342,raw
810,0.4416847049232307,17.26781927710843,0.04454351487085432,NaN,NaN,NaN,raw
810,0.4416909845279407,17.27549717620482,0.03162084393949305,NaN,NaN,NaN,raw
550,0.44175234337433805,19.032071428571427,0.020865580485085657,NaN,NaN,NaN,raw
810,0.44176391777909885,17.322,0.011,5657.76525,0.44176391777909885,0.6358206171407801,raw
810,0.44195608204284365,17.27664721385542,0.03040856489111987,NaN,NaN,NaN,raw
810,0.44223001116530025,17.276460090361446,0.030479538361718815,NaN,NaN,NaN,raw
810,0.44228011004134354,17.266993975903613,0.04524458741952515,NaN,NaN,NaN,raw
810,0.4425091185994533,17.273116340361447,0.032378182672505036,NaN,NaN,NaN,raw
810,0.442782714257225,17.27291152108434,0.03242811414654291,NaN,NaN,NaN,raw
550,0.44279315065432456,19.008,0.029,7116.8412,0.44279315065432456,0.5157089301064843,raw
810,0.4428716414435893,17.266939759036145,0.045188453713669974,NaN,NaN,NaN,raw
810,0.4430522699839566,17.269974021084337,0.032469489978803785,NaN,NaN,NaN,raw
810,0.44305672240807326,17.2,0.012,5354.61728,0.44305672240807326,0.21967562078134506,raw
810,0.4432163669807778,17.31,0.012,6171.58842,0.4432163669807778,0.6741519680308556,raw
810,0.4433341769542285,17.267737763554216,0.030386135233194715,NaN,NaN,NaN,raw
810,0.4434518889047029,17.26617469879518,0.045798500288727825,NaN,NaN,NaN,raw
550,0.4435614827963426,19.04321428571428,0.08499970911391783,NaN,NaN,NaN,raw
810,0.44362390479526514,17.266283697289154,0.03144195417552402,NaN,NaN,NaN,raw
810,0.443731371742615,17.266,0.009,6396.86403,0.443731371742615,0.525779072455407,raw
810,0.4439098690357125,17.267627447289158,0.0324640305851206,NaN,NaN,NaN,raw
810,0.4440198825686821,17.23,0.013,5739.81079,0.4440198825686821,0.12653150972801086,raw
810,0.44403142833615705,17.26566265060241,0.045937975868241304,NaN,NaN,NaN,raw
810,0.4441830335357392,17.26739796686747,0.03248440285217748,NaN,NaN,NaN,raw
810,0.4444721367715484,17.267894578313253,0.032251582448719666,NaN,NaN,NaN,raw
810,0.4445551377393713,17.279,0.013,7441.89201,0.4445551377393713,0.7807741988744965,raw
810,0.44460920531785536,17.2649156626506,0.0464146541173255,NaN,NaN,NaN,raw
810,0.4447603348208921,17.268602974397588,0.0325094095792035,NaN,NaN,NaN,raw
810,0.44503827266746043,17.26633377259036,0.030330696403467285,NaN,NaN,NaN,raw
810,0.4451854555131338,17.264331325301203,0.04655532890166308,NaN,NaN,NaN,raw
550,0.4452426723316551,19.025071428571426,0.017631575340267477,NaN,NaN,NaN,raw
810,0.44532197797306594,17.26920877259036,0.030838063679889213,NaN,NaN,NaN,raw
810,0.44561263778894866,17.268933734939758,0.03088695944017161,NaN,NaN,NaN,raw
810,0.4457631869217181,17.263662650602406,0.04653360521977541,NaN,NaN,NaN,raw
810,0.4459167583450466,17.26734807981928,0.0300004495497753,NaN,NaN,NaN,raw
810,0.4461584582568321,17.295,0.012,7456.8414,0.4461584582568321,0.756663180902251,raw
810,0.44622187813643854,17.267410579819277,0.030100540585420058,NaN,NaN,NaN,raw
810,0.4463393418119892,17.262801204819276,0.047432531973833146,NaN,NaN,NaN,raw
810,0.44653131467666973,17.266372929216868,0.029796324392074667,NaN,NaN,NaN,raw
810,0.446840067652527,17.266066076807228,0.029831489272252328,NaN,NaN,NaN,raw
810,0.44691440017466294,17.2623734939759,0.047387943958000854,NaN,NaN,NaN,raw
810,0.44716433127665023,17.26407435993976,0.02805108269969717,NaN,NaN,NaN,raw
810,0.44740791435106075,17.204,0.016,7202.71168,0.44740791435106075,0.18774740883236518,raw
810,0.44748897404126886,17.262084337349396,0.047713591182152994,NaN,NaN,NaN,raw
810,0.44749065945124056,17.26380704066265,0.028063119134505026,NaN,NaN,NaN,raw
810,0.44749325947486795,17.224,0.013,7160.64639,0.44749325947486795,0.21250139298535942,raw
810,0.44781633733696774,17.26496517319277,0.02894735917953086,NaN,NaN,NaN,raw
550,0.44784089152554296,19.030714285714286,0.0108352693194231,NaN,NaN,NaN,raw
810,0.4480708104970126,17.261439759036143,0.04843207662285596,NaN,NaN,NaN,raw
810,0.4481364065709105,17.266795368975902,0.026451246859754925,NaN,NaN,NaN,raw
810,0.4484695759835038,17.265189194277106,0.02527758997614427,NaN,NaN,NaN,raw
810,0.4485919593134895,17.222,0.012,6135.78262,0.4485919593134895,0.08759654920140747,raw
810,0.44862242122690077,17.312,0.01,6442.75517,0.44862242122690077,0.6842991123176034,raw
810,0.4486481917029745,17.261048192771085,0.04868150133748655,NaN,NaN,NaN,raw
810,0.44881365782636573,17.264922628012048,0.025311816298114072,NaN,NaN,NaN,raw
810,0.4491673535848245,17.264651167168672,0.025346446667944986,NaN,NaN,NaN,raw
810,0.44922774863589,17.26089156626506,0.04860041452577746,NaN,NaN,NaN,raw
550,0.4493733835442981,19.024,0.027,6115.61935,0.4493733835442981,0.9595168727282726,raw
810,0.4495221339847272,17.266526167168674,0.024916035165343353,NaN,NaN,NaN,raw
810,0.44971617352348403,17.291,0.011,6125.70124,0.44971617352348403,0.5241021413603448,raw
810,0.44981071956793034,17.260385542168674,0.04841821128091852,NaN,NaN,NaN,raw
810,0.4498843038811057,17.266243787650602,0.024977266481126515,NaN,NaN,NaN,raw
810,0.4501571952496306,17.319,0.01,5737.72704,0.4501571952496306,0.6695096067396662,raw
810,0.4502345870862424,17.2635562876506,0.028003793258522845,NaN,NaN,NaN,raw
550,0.4502437594557618,19.010309523809525,0.024521162594094405,NaN,NaN,NaN,raw
810,0.4503911768733815,17.259355421686745,0.049274741831372135,NaN,NaN,NaN,raw
550,0.4505878082359881,19.02492857142857,0.06627270500418288,NaN,NaN,NaN,raw
810,0.4505965553096173,17.263304216867468,0.028027455863151217,NaN,NaN,NaN,raw
550,0.45077008658699924,18.982,0.02,7635.5337,0.45077008658699924,0.969258259579874,raw
810,0.45095787086688965,17.26188761295181,0.029098985069635392,NaN,NaN,NaN,raw
810,0.45096871836505165,17.259259036144577,0.04928124982708836,NaN,NaN,NaN,raw
810,0.4512185296298412,17.315,0.014,6533.49201,0.4512185296298412,0.7652029097316699,raw
810,0.45130163349749985,17.261658132530123,0.029113487252212154,NaN,NaN,NaN,raw
810,0.45155505633681375,17.258795180722892,0.04945638030013298,NaN,NaN,NaN,raw
810,0.45156480015066336,17.258,0.014,5770.75402,0.45156480015066336,0.31232820279365114,raw
810,0.45165107685418976,17.26045011295181,0.028480507151105124,NaN,NaN,NaN,raw
810,0.4520033085434335,17.260831325301204,0.028594404575519854,NaN,NaN,NaN,raw
810,0.4521403537510415,17.258265060240966,0.04998765528513454,NaN,NaN,NaN,raw
810,0.45234730449806226,17.26065512048193,0.028601966836129134,NaN,NaN,NaN,raw
550,0.45268450170866953,19.009785714285716,0.024095579237186877,NaN,NaN,NaN,raw
810,0.45268949401099723,17.263842620481928,0.027755544715125237,NaN,NaN,NaN,raw
810,0.452722611628234,17.258439759036147,0.04996355626947604,NaN,NaN,NaN,raw
810,0.4530317751954296,17.264777484939756,0.028194747570470417,NaN,NaN,NaN,raw
810,0.4532933337868599,17.304,0.013,6119.79248,0.4532933337868599,0.8856029262442462,raw
810,0.4532989378942411,17.258566265060242,0.050001743671677125,NaN,NaN,NaN,raw
810,0.4533758823645182,17.26578576807229,0.027250559797545874,NaN,NaN,NaN,raw
810,0.45371998930617574,17.265608810240963,0.0272980365065591,NaN,NaN,NaN,raw
810,0.4538777881837643,17.258602409638556,0.05003258084162362,NaN,NaN,NaN,raw
810,0.454065883200768,17.266658509036144,0.026190399579534826,NaN,NaN,NaN,raw
810,0.45441955975195336,17.263189759036145,0.027317845809742322,NaN,NaN,NaN,raw
810,0.45446250787628456,17.257644578313254,0.050618958606703505,NaN,NaN,NaN,raw
550,0.454491215167779,19.027919375157474,0.03681868168409357,NaN,NaN,NaN,raw
550,0.4544912151677791,19.027919375157474,0.038208551694175745,NaN,NaN,NaN,raw
550,0.4544912151677791,19.02791937515747,0.035570225838814966,NaN,NaN,NaN,raw
810,0.4547817164464232,17.263012236445782,0.027350649656240122,NaN,NaN,NaN,raw
550,0.45489533317547853,19.046476190476195,0.07928408406732522,NaN,NaN,NaN,raw
810,0.455049636013296,17.257313253012047,0.050401040804751863,NaN,NaN,NaN,raw
810,0.45514388170210074,17.26280986445783,0.02739077572108277,NaN,NaN,NaN,raw
810,0.4552665452451017,17.257286323824005,0.029294183064012113,NaN,NaN,NaN,raw
810,0.4552665452451017,17.257286323824005,0.029270813149591044,NaN,NaN,NaN,raw
810,0.4553728553655674,17.29,0.013,7189.8515,0.4553728553655674,0.6805589570685697,raw
810,0.45550889857599974,17.26167375753012,0.02693395562996296,NaN,NaN,NaN,raw
810,0.4556208650202685,17.256626506024098,0.05061948620918411,NaN,NaN,NaN,raw
810,0.4557642003037472,17.193,0.01,5411.63585,0.4557642003037472,0.17913110585141112,raw
810,0.4558713152473724,17.263442959337347,0.028651267014763337,NaN,NaN,NaN,raw
810,0.4561921884658506,17.256849397590365,0.050560808570188694,NaN,NaN,NaN,raw
810,0.45624074890255506,17.261426769578314,0.02682763548192784,NaN,NaN,NaN,raw
550,0.45643614800926685,19.017490299823635,0.04530562881788715,NaN,NaN,NaN,raw
810,0.456613106109639,17.260884412650604,0.02704540915849513,NaN,NaN,NaN,raw
550,0.4566956103030212,19.022428571428573,0.0635424924884787,NaN,NaN,NaN,raw
810,0.45674755334584916,17.219,0.014,5648.73163,0.45674755334584916,0.3134248387286789,raw
810,0.4567635911012459,17.256319277108435,0.05142455953249017,NaN,NaN,NaN,raw
810,0.45697560100155454,17.26073814006024,0.027067132331647595,NaN,NaN,NaN,raw
550,0.457220302636415,19.135,0.02,6898.52373,0.457220302636415,0.5471447574400372,raw
810,0.4573345954429534,17.25951939006024,0.025369884933128268,NaN,NaN,NaN,raw
810,0.4573406456709081,17.256343373493976,0.051433830849191994,NaN,NaN,NaN,raw
550,0.457422214325691,19.043142857142858,0.08345095101009817,NaN,NaN,NaN,raw
810,0.45761075586779043,17.275,0.012,6007.85156,0.45761075586779043,0.45038647486580885,raw
810,0.45769428899543957,17.25677579066265,0.029809527617241403,NaN,NaN,NaN,raw
810,0.4579222707227829,17.256734939759035,0.051387555229068765,NaN,NaN,NaN,raw
810,0.45805612445778265,17.256646084337348,0.02981305882315557,NaN,NaN,NaN,raw
550,0.4583507300376368,18.972,0.015,7163.77899,0.4583507300376368,0.9129533729719697,raw
810,0.45835797876497963,17.306,0.013,6789.71053,0.45835797876497963,0.8019422455527092,raw
810,0.4584038017854636,17.25657530120482,0.029811779865984895,NaN,NaN,NaN,raw
810,0.45844197194310254,17.292,0.013,5760.67464,0.45844197194310254,0.7531116804020712,raw
810,0.45850468888570556,17.256265060240963,0.052032061057343676,NaN,NaN,NaN,raw
810,0.4587441359696123,17.25453030873494,0.031854268811986435,NaN,NaN,NaN,raw
810,0.45906770028229227,17.25468655873494,0.03211594084672771,NaN,NaN,NaN,raw
810,0.4590822326300517,17.25577710843373,0.052637281004894,NaN,NaN,NaN,raw
550,0.45909949664443656,19.055666666666667,0.08158635506831606,NaN,NaN,NaN,raw
810,0.45939320703591197,17.254510730421686,0.03210941638570063,NaN,NaN,NaN,raw
810,0.45966056394044275,17.255590361445776,0.05268431683023487,NaN,NaN,NaN,raw
810,0.4597184352118743,17.2543313253012,0.032101854826439825,NaN,NaN,NaN,raw
810,0.4599400708648318,17.201,0.012,6211.57367,0.4599400708648318,0.20031155839569692,raw
810,0.4600259954994492,17.254998682228916,0.0323936053822548,NaN,NaN,NaN,raw
810,0.460237205926008,17.255367469879513,0.05253931193891144,NaN,NaN,NaN,raw
810,0.4603323417148307,17.254849774096385,0.032393574563956855,NaN,NaN,NaN,raw
810,0.4606464137450297,17.25366490963855,0.03175350537022608,NaN,NaN,NaN,raw
810,0.460817036817575,17.2544156626506,0.052773749172097366,NaN,NaN,NaN,raw
810,0.46095426710098863,17.2527078313253,0.03212079138222772,NaN,NaN,NaN,raw
550,0.4612567461597012,19.01692857142857,0.04402938490024324,NaN,NaN,NaN,raw
810,0.4612739411874107,17.254522590361443,0.030223023201588754,NaN,NaN,NaN,raw
810,0.4613967134882513,17.25464457831325,0.052710302030287544,NaN,NaN,NaN,raw
810,0.46140805305185495,17.317,0.011,6370.79663,0.46140805305185495,0.7691034856852639,raw
810,0.46159833737762124,17.254302522590358,0.03023117165148972,NaN,NaN,NaN,raw
550,0.4617274572592578,19.06,0.02,6039.83654,0.4617274572592578,0.8644267515865067,raw
810,0.4619234571874395,17.25527390813253,0.029552013212176355,NaN,NaN,NaN,raw
810,0.46197907221547607,17.25448192771084,0.05280974690701163,NaN,NaN,NaN,raw
810,0.4622661794717003,17.255049510542168,0.029571075921676765,NaN,NaN,NaN,raw
810,0.4623066075000679,17.242,0.013,6094.76501,0.4623066075000679,0.35327804736698454,raw
810,0.4625685549063494,17.254578313253013,0.052900505922293554,NaN,NaN,NaN,raw
810,0.46259423676091693,17.25285128012048,0.031987615722201955,NaN,NaN,NaN,raw
810,0.46270635175460484,17.276,0.014,6890.52975,0.46270635175460484,0.4484793935316702,raw
810,0.4629288590281597,17.25202259036145,0.031737829539674245,NaN,NaN,NaN,raw
810,0.46306525001637056,17.171,0.01,6455.62314,0.46306525001637056,0.20814992790656106,raw
810,0.4631435349456406,17.25384939759036,0.05307645913949442,NaN,NaN,NaN,raw
810,0.4632660282368306,17.256,0.011,7936.60058,0.4632660282368306,0.9340709406023961,raw
810,0.4632717840846663,17.253530873493975,0.03308717072272937,NaN,NaN,NaN,raw
810,0.4636014656421601,17.251741340361445,0.031676337398724747,NaN,NaN,NaN,raw
810,0.4636133055209939,17.193,0.014,7797.88944,0.4636133055209939,0.23888717654699576,raw
810,0.4636473917926196,17.309,0.018,7917.82776,0.4636473917926196,0.780084175952652,raw
550,0.46369205118220896,19.018785714285716,0.06428563492058606,NaN,NaN,NaN,raw
810,0.4637151540100713,17.252939759036142,0.05438612777618061,NaN,NaN,NaN,raw
810,0.4639363282242819,17.250366340361445,0.03081570548084121,NaN,NaN,NaN,raw
810,0.46427985377282643,17.25011125753012,0.03079908208038057,NaN,NaN,NaN,raw
810,0.46428508981455935,17.252861445783132,0.05434178108261067,NaN,NaN,NaN,raw
550,0.4642877973359472,19.043261904761906,0.021669400664761997,NaN,NaN,NaN,raw
810,0.4643044370786811,17.279,0.014,6441.71768,0.4643044370786811,0.4651674246706534,raw
810,0.46461561481594144,17.251430722891563,0.0319331990824481,NaN,NaN,NaN,raw
810,0.46485271490550384,17.252548192771084,0.05446751127592415,NaN,NaN,NaN,raw
810,0.4649415339857899,17.251200112951807,0.03192883647284922,NaN,NaN,NaN,raw
810,0.46526376792707996,17.254481362951807,0.03199869633631213,NaN,NaN,NaN,raw
810,0.4654231603319357,17.252084337349398,0.05449163512548646,NaN,NaN,NaN,raw
810,0.46547217241095495,17.226,0.011,6737.91356,0.46547217241095495,0.011190092758624814,raw
810,0.46558786095521265,17.25512612951807,0.032224202972327386,NaN,NaN,NaN,raw
810,0.46573654859435054,17.25118841851302,0.02528540282310726,NaN,NaN,NaN,raw
810,0.46573654859435065,17.25118841851302,0.025445946676127804,NaN,NaN,NaN,raw
810,0.46573654859435065,17.251188418513024,0.02536529371040172,NaN,NaN,NaN,raw
810,0.46589624569623955,17.254921498493978,0.03224964135156427,NaN,NaN,NaN,raw
810,0.4659937710692532,17.251072289156628,0.05535511432560446,NaN,NaN,NaN,raw
810,0.46619742041208445,17.25424510542169,0.03248178425252322,NaN,NaN,NaN,raw
810,0.46650583332227336,17.252066641566266,0.030408721919730954,NaN,NaN,NaN,raw
810,0.46657286655258706,17.249807228915664,0.05600518543769784,NaN,NaN,NaN,raw
810,0.46681477089739876,17.251825677710844,0.03041951449061881,NaN,NaN,NaN,raw
550,0.4668347179540866,18.981261904761904,0.0942776601899116,NaN,NaN,NaN,raw
810,0.4671317681581194,17.251978350903613,0.030380844889698954,NaN,NaN,NaN,raw
810,0.46715138726003386,17.2500843373494,0.056199256938747257,NaN,NaN,NaN,raw
550,0.467443883566375,19.051,0.035,5695.66773,0.467443883566375,0.7070544683901971,raw
810,0.46745769610033117,17.249772778614457,0.03266224941288793,NaN,NaN,NaN,raw
810,0.4677307041975914,17.24913855421687,0.05689106087597613,NaN,NaN,NaN,raw
810,0.46778039190283116,17.248869164156623,0.032311353543398515,NaN,NaN,NaN,raw
810,0.4678384789258416,17.186,0.01,6726.78967,0.4678384789258416,0.21782650479508447,raw
810,0.4680983938247001,17.252806664156626,0.030118891421643507,NaN,NaN,NaN,raw
810,0.46831866841956027,17.248481927710845,0.05668527924897384,NaN,NaN,NaN,raw
810,0.4684157372539305,17.254248870481927,0.03125397584970451,NaN,NaN,NaN,raw
810,0.46873918467179077,17.253956513554215,0.03128081184558574,NaN,NaN,NaN,raw
810,0.4688958725309931,17.305,0.013,5725.5659,0.4688958725309931,0.6575276773837686,raw
810,0.46890778860478055,17.24873493975904,0.05688874508432302,NaN,NaN,NaN,raw
550,0.4689840057871628,18.975571428571428,0.09135007791290536,NaN,NaN,NaN,raw
810,0.46907009675791445,17.255610692771086,0.02928958387411861,NaN,NaN,NaN,raw
810,0.4691575745709997,17.248,0.012,7472.84117,0.4691575745709997,0.979254822299481,raw
550,0.4693682191136759,18.874,0.017,5682.80545,0.4693682191136759,0.195374236904172,raw
810,0.4694095086711312,17.252829442771084,0.028263987968473733,NaN,NaN,NaN,raw
810,0.46949750643913163,17.248102409638555,0.05673101118896169,NaN,NaN,NaN,raw
810,0.4697555057008663,17.252603539156624,0.028291953000393742,NaN,NaN,NaN,raw
810,0.4698265860097308,17.298,0.011,6758.77391,0.4698265860097308,0.6302839638974547,raw
550,0.470007234259761,19.00675850340136,0.05126029083368845,NaN,NaN,NaN,raw
550,0.470007234259761,19.006758503401358,0.04952214577268136,NaN,NaN,NaN,raw
550,0.47000723425976104,19.00675850340136,0.05319531777324922,NaN,NaN,NaN,raw
810,0.4700899773755934,17.248210843373492,0.05670378216672757,NaN,NaN,NaN,raw
810,0.47009794564947327,17.2510766189759,0.029567365792409872,NaN,NaN,NaN,raw
550,0.4701399146814375,19.001714285714286,0.09685788842139041,NaN,NaN,NaN,raw
810,0.47025155698611343,17.306,0.013,5311.86612,0.47025155698611343,0.7773929582144774,raw
810,0.4704436760472178,17.250026167168674,0.02913730869432403,NaN,NaN,NaN,raw
810,0.47060818282625405,17.276,0.015,7093.90615,0.47060818282625405,0.458950587641084,raw
810,0.4706853485304346,17.247867469879516,0.056505676000083105,NaN,NaN,NaN,raw
810,0.4707876411305679,17.247915286144575,0.03131418368807993,NaN,NaN,NaN,raw
810,0.4710343043952889,17.233,0.014,6161.51632,0.4710343043952889,0.13050694867524726,raw
810,0.47111660649254034,17.24771592620482,0.031307092083805575,NaN,NaN,NaN,raw
810,0.47127726617789845,17.247289156626504,0.05674793390882865,NaN,NaN,NaN,raw
810,0.4714471381762844,17.24452842620482,0.0380547476597411,NaN,NaN,NaN,raw
810,0.4717765926587831,17.24434186746988,0.03803626113046102,NaN,NaN,NaN,raw
810,0.471865074619489,17.24677108433735,0.057242032723622334,NaN,NaN,NaN,raw
550,0.47191273033950853,18.953166666666664,0.06914390249111432,NaN,NaN,NaN,raw
810,0.472092452205078,17.24625414156627,0.03981647053020478,NaN,NaN,NaN,raw
810,0.47240398759469904,17.246090926204822,0.039810967785124586,NaN,NaN,NaN,raw
810,0.4724505198431301,17.246885542168673,0.05729968138370389,NaN,NaN,NaN,raw
810,0.47269785024953875,17.24808659638554,0.04153210867168522,NaN,NaN,NaN,raw
810,0.4729982490571274,17.184,0.017,6165.68877,0.4729982490571274,0.055138521138360375,raw
810,0.473006251479445,17.24992206325301,0.03996816462479937,NaN,NaN,NaN,raw
810,0.4730326174346034,17.247084337349396,0.057311949109852885,NaN,NaN,NaN,raw
810,0.4732413115161762,17.297,0.015,5348.71777,0.4732413115161762,0.6009616258706956,raw
810,0.4732985246810131,17.3,0.014,7188.81479,0.4732985246810131,0.4630956447490462,raw
810,0.47330258483568044,17.24865700301205,0.04065006170193796,NaN,NaN,NaN,raw
810,0.47358793692548473,17.244844503012047,0.04091550567444117,NaN,NaN,NaN,raw
810,0.4736163456083602,17.24664457831325,0.057268428560779586,NaN,NaN,NaN,raw
810,0.47388148273983355,17.244687123493975,0.04090974381323409,NaN,NaN,NaN,raw
810,0.474185701503517,17.244529743975903,0.04090627494292678,NaN,NaN,NaN,raw
810,0.47420249227695194,17.245933734939758,0.05729700775329235,NaN,NaN,NaN,raw
810,0.4744856898018356,17.2446827936747,0.040929228826914146,NaN,NaN,NaN,raw
810,0.47450857301555516,17.22,0.012,5651.86663,0.47450857301555516,0.019010281255759764,raw
810,0.474784441788242,17.2413702936747,0.04076402675762178,NaN,NaN,NaN,raw
810,0.47478705896159534,17.24571084337349,0.05707475801894199,NaN,NaN,NaN,raw
810,0.4750778156365941,17.24120143072289,0.040745964136102285,NaN,NaN,NaN,raw
810,0.4752431681699818,17.204,0.011,5410.59968,0.4752431681699818,0.9628228226047213,raw
810,0.47536780980650534,17.245385542168673,0.05712375323491687,NaN,NaN,NaN,raw
810,0.47538446007007656,17.239239269578313,0.03899926472019996,NaN,NaN,NaN,raw
810,0.47569816121218855,17.238222326807225,0.038429899964233724,NaN,NaN,NaN,raw
810,0.47585959757270757,17.185,0.011,7812.84253,0.47585959757270757,0.22269024665729376,raw
810,0.475950051915054,17.24570481927711,0.057016559856290325,NaN,NaN,NaN,raw
550,0.47599053214902853,19.025833333333335,0.057998959057044046,NaN,NaN,NaN,raw
810,0.4760202183898008,17.234757718373494,0.042331789258765455,NaN,NaN,NaN,raw
810,0.47604918629076565,17.124,0.013,7175.60515,0.47604918629076565,0.20843226834767847,raw
550,0.47623005722341205,18.983785714285712,0.11049899308377163,NaN,NaN,NaN,raw
810,0.47633882173514364,17.23509017319277,0.04235930589385379,NaN,NaN,NaN,raw
810,0.4765363145092102,17.245102409638555,0.056839873916870474,NaN,NaN,NaN,raw
810,0.4766511987926385,17.233674887048192,0.042693839519083614,NaN,NaN,NaN,raw
810,0.4766803720340249,17.311,0.014,5364.71074,0.4766803720340249,0.8090084567393205,raw
810,0.476955857897977,17.23655704066265,0.04654575724802654,NaN,NaN,NaN,raw
810,0.47712051972790637,17.244861445783137,0.056827000264919596,NaN,NaN,NaN,raw
810,0.47713430915246136,17.313,0.014,6823.78649,0.47713430915246136,0.6884689811595308,raw
810,0.47724818339110775,17.236420368975903,0.046520865762505186,NaN,NaN,NaN,raw
810,0.4775252683010611,17.239732868975903,0.04644166520145053,NaN,NaN,NaN,raw
810,0.4777073182828414,17.24473493975904,0.05678958170295285,NaN,NaN,NaN,raw
810,0.4778013358190947,17.208,0.012,6021.76447,0.4778013358190947,0.2093041014013579,raw
810,0.47781737030391935,17.23956946536145,0.046424160487567145,NaN,NaN,NaN,raw
810,0.4780271394047304,17.183,0.013,5830.55855,0.4780271394047304,0.23079256169694418,raw
810,0.47812128626835587,17.237824736445784,0.04522993713853076,NaN,NaN,NaN,raw
810,0.4783012546639433,17.243698795180727,0.057649775408064034,NaN,NaN,NaN,raw
810,0.4784403920389421,17.236668486445787,0.04404668083398044,NaN,NaN,NaN,raw
810,0.478750799780647,17.236471009036144,0.04401466575159602,NaN,NaN,NaN,raw
810,0.4788925750088705,17.242963855421692,0.05734540657584246,NaN,NaN,NaN,raw
810,0.4789903449706223,17.241758036852353,0.02833488226736136,NaN,NaN,NaN,raw
810,0.479061142498336,17.236277484939762,0.04398532226246919,NaN,NaN,NaN,raw
810,0.479097131985327,17.253,0.011,7125.89265,0.479097131985327,0.876242057302079,raw
810,0.4793637651465139,17.23933998493976,0.04617269608005631,NaN,NaN,NaN,raw
810,0.4793866495747352,17.192,0.011,7092.86626,0.4793866495747352,0.2346854374573013,raw
810,0.4794779405228618,17.242807228915666,0.057375310460653535,NaN,NaN,NaN,raw
810,0.4796741146817608,17.23915681475904,0.046158231287856614,NaN,NaN,NaN,raw
810,0.4799764146249613,17.24150056475904,0.046219584007447266,NaN,NaN,NaN,raw
810,0.48006417885755076,17.243210843373493,0.057527206764037275,NaN,NaN,NaN,raw
810,0.48028408087985447,17.24276976656627,0.04688259428872539,NaN,NaN,NaN,raw
810,0.4805791279324173,17.24448606927711,0.045689629815911556,NaN,NaN,NaN,raw
550,0.4806315423426159,19.017309523809526,0.06479663372040675,NaN,NaN,NaN,raw
810,0.480646619373837,17.2434578313253,0.05764873805127669,NaN,NaN,NaN,raw
810,0.48088003312464517,17.243307793674703,0.04614113401197782,NaN,NaN,NaN,raw
810,0.48099117821402615,17.137,0.011,6813.70606,0.48099117821402615,0.12700656890774553,raw
810,0.4811875345235202,17.246922251506028,0.0407034956684118,NaN,NaN,NaN,raw
810,0.48122961144625986,17.24363855421687,0.0577730309973808,NaN,NaN,NaN,raw
810,0.4812733320177358,17.202,0.011,5990.82507,0.4812733320177358,0.031699558971013175,raw
810,0.48149651519710324,17.24882530120482,0.042018040960221784,NaN,NaN,NaN,raw
550,0.4816016245422361,19.092,0.038,6053.74934,0.4816016245422361,0.6231090944220341,raw
810,0.48161416599032236,17.339,0.011,6377.7566,0.48161416599032236,0.656080682629181,raw
810,0.48180283892371023,17.246596950301207,0.040476915427519224,NaN,NaN,NaN,raw
810,0.4818049356233121,17.24251204819277,0.058389158183307,NaN,NaN,NaN,raw
810,0.48186496617563535,17.29,0.011,6830.74108,0.48186496617563535,0.5639386662442121,raw
810,0.4821138579713088,17.246401920180723,0.040500575883668025,NaN,NaN,NaN,raw
810,0.4823798815260675,17.241855421686743,0.0586565003305962,NaN,NaN,NaN,raw
810,0.4824332208271708,17.243620670180725,0.03879981983510726,NaN,NaN,NaN,raw
810,0.4827444486902348,17.243443335843374,0.03880753011205456,NaN,NaN,NaN,raw
810,0.4829666223781441,17.241168674698795,0.05876843499849499,NaN,NaN,NaN,raw
810,0.483065542826844,17.244443335843375,0.03827337266145571,NaN,NaN,NaN,raw
810,0.4833806745622635,17.245630835843375,0.036869238938603166,NaN,NaN,NaN,raw
810,0.483509909339773,17.263,0.012,6024.89528,0.483509909339773,0.9059273739094351,raw
810,0.48354939334291547,17.24032530120482,0.05808220056640419,NaN,NaN,NaN,raw
810,0.4836920008061009,17.245467243975902,0.0368896963544974,NaN,NaN,NaN,raw
810,0.48398855980780237,17.242937123493977,0.03973379408526573,NaN,NaN,NaN,raw
550,0.48406294526219945,18.976142857142857,0.11237975258563589,NaN,NaN,NaN,raw
810,0.4841334592429997,17.23974096385542,0.058319904676616206,NaN,NaN,NaN,raw
810,0.48419249775724893,17.318,0.013,5680.72472,0.48419249775724893,0.7448119409473293,raw
810,0.4842935119002868,17.242472891566266,0.03969919833813435,NaN,NaN,NaN,raw
810,0.48459578757328015,17.245816641566265,0.03981685360628149,NaN,NaN,NaN,raw
810,0.48471824408949604,17.239849397590365,0.05836142535384035,NaN,NaN,NaN,raw
810,0.4848988347674749,17.24585391566265,0.039814503730643394,NaN,NaN,NaN,raw
810,0.48491676635239855,17.279,0.011,7878.89866,0.48491676635239855,0.5129689444765972,raw
810,0.4851920204154893,17.24568034638554,0.039838497187869706,NaN,NaN,NaN,raw
810,0.4852131299630855,17.286,0.015,5831.60399,0.4852131299630855,0.46692884400545154,raw
810,0.48530110325471865,17.23992168674699,0.05830546426535212,NaN,NaN,NaN,raw
550,0.48532266764574333,19.015380952380955,0.0663605386388267,NaN,NaN,NaN,raw
810,0.4854788938874318,17.247541039156623,0.04110179928495627,NaN,NaN,NaN,raw
810,0.4855790180663462,17.208,0.01,6401.74564,0.4855790180663462,0.9672632677011279,raw
810,0.4857614719729364,17.25067206325301,0.03589597621982713,NaN,NaN,NaN,raw
810,0.4858892310547666,17.239662650602412,0.05804246660766088,NaN,NaN,NaN,raw
550,0.48593278834328757,18.970680402930405,0.0795944004424413,NaN,NaN,NaN,raw
550,0.48593278834328757,18.9706804029304,0.07882535438347438,NaN,NaN,NaN,raw
810,0.48603928942643626,17.251964608433735,0.036376006726578765,NaN,NaN,NaN,raw
810,0.4863249884915388,17.254433358433737,0.03554696595373923,NaN,NaN,NaN,raw
810,0.4864236960638664,17.306,0.011,7098.77871,0.4864236960638664,0.8810773512268497,raw
810,0.4864827312854489,17.23969277108434,0.058051248587584994,NaN,NaN,NaN,raw
810,0.48660483212447736,17.252589608433738,0.032410942740509534,NaN,NaN,NaN,raw
810,0.4868803792662569,17.252411332831326,0.032483770012976816,NaN,NaN,NaN,raw
810,0.4870731292510601,17.23862048192771,0.05860898112795728,NaN,NaN,NaN,raw
810,0.4871724641954543,17.250724021084338,0.03186472229107021,NaN,NaN,NaN,raw
810,0.4873539205400448,17.224,0.012,6835.61005,0.4873539205400448,0.978386625447456,raw
810,0.48746682308075767,17.250525414156627,0.03194149533899581,NaN,NaN,NaN,raw
810,0.4876666099008912,17.239060240963855,0.058644145001627346,NaN,NaN,NaN,raw
810,0.48776143709110176,17.25033245481928,0.03201840115810493,NaN,NaN,NaN,raw
810,0.4880404051956687,17.248457454819278,0.03299458067557833,NaN,NaN,NaN,raw
810,0.48807634819058876,17.24,0.017,5359.84764,0.48807634819058876,0.40711609132995363,raw
810,0.4881113549381553,17.221,0.014,5404.69415,0.4881113549381553,0.3312323924910743,raw
810,0.48826369446673945,17.23846385542169,0.05831852365075114,NaN,NaN,NaN,raw
810,0.4883194491219507,17.249009789156627,0.03300199352519371,NaN,NaN,NaN,raw
810,0.4883824630633171,17.162,0.013,7568.7985,0.4883824630633171,0.22648772556931362,raw
810,0.48859306918538675,17.246549134036144,0.036468783108903495,NaN,NaN,NaN,raw
810,0.48885559894482955,17.238144578313253,0.058074587887525786,NaN,NaN,NaN,raw
810,0.48886780877957103,17.24393486445783,0.03410334850388496,NaN,NaN,NaN,raw
550,0.48900689045066903,19.008714285714287,0.05481490189161745,NaN,NaN,NaN,raw
810,0.4890594711105223,17.299,0.014,7440.86454,0.4890594711105223,0.5830747173313284,raw
810,0.48914458478753,17.243766378012047,0.03413748505681543,NaN,NaN,NaN,raw
810,0.48917545073709334,17.244,0.011,5279.88915,0.48917545073709334,0.38048561272262305,raw
810,0.4893868234312597,17.234695749403976,0.029121024447104307,NaN,NaN,NaN,raw
810,0.4893868234312598,17.234695749403976,0.029305921697954946,NaN,NaN,NaN,raw
810,0.48938682343125983,17.234695749403976,0.029213034232286637,NaN,NaN,NaN,raw
810,0.4894197460522971,17.244703878012047,0.03552023357296172,NaN,NaN,NaN,raw
810,0.489446119594011,17.237656626506023,0.058515857871947546,NaN,NaN,NaN,raw
810,0.48969964746384753,17.243057417168675,0.03475718851903356,NaN,NaN,NaN,raw
810,0.48982657047599787,17.303,0.012,6785.89735,0.48982657047599787,0.6457686258600006,raw
810,0.4899775949870896,17.24077861445783,0.037269139066642344,NaN,NaN,NaN,raw
810,0.490033676950172,17.237192771084338,0.0582354589120649,NaN,NaN,NaN,raw
810,0.49011976995825535,17.285,0.014,7147.79826,0.49011976995825535,0.7310872010566527,raw
810,0.4902588157341593,17.24087236445783,0.03718770937835706,NaN,NaN,NaN,raw
550,0.49030343313279445,18.978,0.015,6363.85373,0.49030343313279445,0.9186380410519632,raw
810,0.4904157021010178,17.281,0.015,6819.61934,0.4904157021010178,0.7751738051392749,raw
810,0.49053144797190185,17.238820406626502,0.03902290903803913,NaN,NaN,NaN,raw
810,0.49056916224435554,17.28,0.012,6087.82189,0.49056916224435554,0.5023420353372785,raw
810,0.49062244416025746,17.236807228915662,0.05790817346011424,NaN,NaN,NaN,raw
810,0.49079244522112575,17.236511483433734,0.037056054428921514,NaN,NaN,NaN,raw
810,0.4910555896870848,17.23542733433735,0.03746522134601014,NaN,NaN,NaN,raw
810,0.49121168390995235,17.236006024096383,0.05748775859026646,NaN,NaN,NaN,raw
810,0.4913153299822335,17.235218373493975,0.037465484719206736,NaN,NaN,NaN,raw
550,0.49131553867487315,18.99414495513305,0.04251762557339868,NaN,NaN,NaN,raw
550,0.49131553867487315,18.994144955133052,0.04097100917303463,NaN,NaN,NaN,raw
550,0.4913155386748732,18.99414495513305,0.03958175530653522,NaN,NaN,NaN,raw
810,0.49157387149188536,17.234780873493975,0.03768182943663011,NaN,NaN,NaN,raw
810,0.4917993658557763,17.235499999999995,0.05756521992882988,NaN,NaN,NaN,raw
810,0.4918270020211266,17.231778990963853,0.04100927611612104,NaN,NaN,NaN,raw
550,0.49190359020589575,19.005309523809526,0.05807016925946525,NaN,NaN,NaN,raw
810,0.49207447968463125,17.231518072289155,0.04098183528963526,NaN,NaN,NaN,raw
810,0.4923270551973493,17.231861822289158,0.04093687378523228,NaN,NaN,NaN,raw
810,0.49239427070915553,17.234993975903613,0.05784970045106725,NaN,NaN,NaN,raw
810,0.4924368886859156,17.203,0.011,5999.86778,0.4924368886859156,0.37353832675034937,raw
810,0.49247879898393876,17.258,0.013,5307.70208,0.49247879898393876,0.8707498940693768,raw
810,0.4925823507424929,17.23019107680723,0.04174182390346891,NaN,NaN,NaN,raw
550,0.49265429295701324,19.072,0.016,6015.85963,0.49265429295701324,0.5791895417678461,raw
550,0.4927530445278795,18.965928571428574,0.11417965889550746,NaN,NaN,NaN,raw
810,0.4928391603757727,17.232359563253013,0.03984434200912585,NaN,NaN,NaN,raw
810,0.49288930127295316,17.161,0.011,7854.91377,0.49288930127295316,0.21066297171273618,raw
810,0.4929841647711448,17.23434337349397,0.0573459162219809,NaN,NaN,NaN,raw
810,0.49310007079996676,17.232106362951807,0.03983213635316433,NaN,NaN,NaN,raw
810,0.493369024263968,17.227606362951807,0.04016385962139048,NaN,NaN,NaN,raw
810,0.49357507634418235,17.234457831325297,0.05735013169091527,NaN,NaN,NaN,raw
810,0.4936348882099376,17.226168862951805,0.0403807941420638,NaN,NaN,NaN,raw
810,0.4937219268249464,17.309,0.016,7090.78536,0.4937219268249464,0.7837595212349697,raw
810,0.4938964046170241,17.225908885542168,0.04033119835074555,NaN,NaN,NaN,raw
810,0.49415819834546537,17.22497138554217,0.03880105606525567,NaN,NaN,NaN,raw
810,0.4941699751327003,17.233313253012046,0.05772808312137982,NaN,NaN,NaN,raw
810,0.4941954239984625,17.167,0.009,6519.60106,0.4941954239984625,0.05325646543496987,raw
810,0.4944203725413041,17.22470048945783,0.03874319573346396,NaN,NaN,NaN,raw
810,0.4945780819725769,17.211,0.012,6210.54277,0.4945780819725769,0.9952755033082212,raw
810,0.49461346266252804,17.174,0.009,6387.84289,0.49461346266252804,0.23007729925120657,raw
810,0.49469791139563823,17.22316923945783,0.037221528804015976,NaN,NaN,NaN,raw
810,0.49477560803903126,17.232114457831326,0.0581281147905058,NaN,NaN,NaN,raw
810,0.49490335419613984,17.205,0.011,7877.85919,0.49490335419613984,0.2896021502347139,raw
810,0.4949663785548688,17.218575489457834,0.03888783853031536,NaN,NaN,NaN,raw
810,0.4952310949200097,17.216965361445784,0.037296661991345924,NaN,NaN,NaN,raw
810,0.4953848186958194,17.23193373493976,0.05798726459367261,NaN,NaN,NaN,raw
810,0.49550511428444727,17.217315135542172,0.03754043197145411,NaN,NaN,NaN,raw
810,0.49562724884890486,17.21,0.01,6814.75409,0.49562724884890486,0.3686827128731238,raw
810,0.4957667868366116,17.143,0.012,5697.76346,0.4957667868366116,0.18970090522270766,raw
810,0.4957688013933329,17.217064570783133,0.037438274212549326,NaN,NaN,NaN,raw
810,0.49599563342273695,17.23165060240964,0.05765864727597689,NaN,NaN,NaN,raw
810,0.4960331863407392,17.216811370481928,0.037336832271887124,NaN,NaN,NaN,raw
550,0.496093380868236,18.995952380952378,0.06634327601278713,NaN,NaN,NaN,raw
810,0.4961937713451334,17.232,0.019,5846.55664,0.4961937713451334,0.4497907793174818,raw
810,0.49629804233862373,17.216547251506025,0.03723381197416335,NaN,NaN,NaN,raw
810,0.49643315191133297,17.185,0.009,6372.89469,0.49643315191133297,0.25673365906550316,raw
810,0.49657678212284495,17.216516001506026,0.03724596649777722,NaN,NaN,NaN,raw
810,0.49660037132827095,17.231391566265064,0.05789779648252558,NaN,NaN,NaN,raw
810,0.49685794732229976,17.215528990963854,0.03652265303084573,NaN,NaN,NaN,raw
810,0.4971455047431719,17.217535015060243,0.035168825666614306,NaN,NaN,NaN,raw
810,0.49720473251903946,17.230042168674697,0.05865991893800921,NaN,NaN,NaN,raw
810,0.49743044432473876,17.215368034638555,0.03622037228538031,NaN,NaN,NaN,raw
810,0.49766598195856204,17.155,0.015,5845.51421,0.49766598195856204,0.2200927146113827,raw
810,0.49768309700812097,17.198,0.011,6719.8471,0.49768309700812097,0.3680669112618489,raw
810,0.49770515273899557,17.21635372740964,0.03717329127661254,NaN,NaN,NaN,raw
810,0.4978146446207783,17.229337349397593,0.05892754197002203,NaN,NaN,NaN,raw
810,0.49797698358059345,17.21557247740964,0.035382981253929545,NaN,NaN,NaN,raw
550,0.49811017382822725,18.951025708859042,0.07837237347011371,NaN,NaN,NaN,raw
810,0.49820396978611825,17.273,0.012,6857.5156,0.49820396978611825,0.8331034326383815,raw
810,0.4982435789384194,17.21530967620482,0.03527803902977987,NaN,NaN,NaN,raw
810,0.498423251217013,17.22852409638554,0.05984279423544507,NaN,NaN,NaN,raw
810,0.49851486504691955,17.21959092620482,0.037471003258548304,NaN,NaN,NaN,raw
810,0.49878776355389887,17.22001656626506,0.03744762089700976,NaN,NaN,NaN,raw
810,0.49900101329694735,17.236,0.01,6486.57624,0.49900101329694735,0.4150579856686818,raw
810,0.499006651196396,17.134,0.01,6504.6539,0.499006651196396,0.0821373256840161,raw
810,0.4990400859288643,17.228475903614456,0.059805107900552504,NaN,NaN,NaN,raw
810,0.4990784182417132,17.22158094879518,0.03649682584698358,NaN,NaN,NaN,raw
810,0.499364343883579,17.218952371987953,0.03867760338174924,NaN,NaN,NaN,raw
810,0.49939106382225873,17.248,0.012,6736.88241,0.49939106382225873,0.8056193019911007,raw
810,0.4996496713942924,17.227987951807226,0.05958909682166628,NaN,NaN,NaN,raw
810,0.49965952004729675,17.220764871987953,0.03935572547330337,NaN,NaN,NaN,raw
810,0.49994491170490224,17.219266942771085,0.03982630753338031,NaN,NaN,NaN,raw
810,0.5002229362248589,17.219671686746988,0.03979489258679943,NaN,NaN,NaN,raw
810,0.5002596841727773,17.227397590361445,0.06030929166243896,NaN,NaN,NaN,raw
810,0.5005025209745644,17.22339043674699,0.03791469417251646,NaN,NaN,NaN,raw
810,0.5007878970259727,17.22309017319277,0.0378852032940667,NaN,NaN,NaN,raw
810,0.5008696626414623,17.226542168674698,0.06135575371598197,NaN,NaN,NaN,raw
810,0.5010705344389381,17.21990267319277,0.04125265106591141,NaN,NaN,NaN,raw
810,0.5013565617809945,17.202,0.013,6809.88902,0.5013565617809945,0.9625766302960983,raw
810,0.5013608169985899,17.22103030873494,0.04075803010997239,NaN,NaN,NaN,raw
810,0.5014760853664922,17.226415662650602,0.0613868172244838,NaN,NaN,NaN,raw
810,0.5016602994872381,17.222486822289156,0.041955441733083375,NaN,NaN,NaN,raw
550,0.5018671162209406,18.966285714285714,0.01653860665848669,NaN,NaN,NaN,raw
810,0.5019450684998186,17.222214043674697,0.04193310523951878,NaN,NaN,NaN,raw
810,0.5020911387408591,17.22519277108434,0.06169277897557463,NaN,NaN,NaN,raw
810,0.5021022313812864,17.165,0.015,7522.91383,0.5021022313812864,0.08180664513929514,raw
810,0.5022339357365722,17.224284638554217,0.04010306621581085,NaN,NaN,NaN,raw
810,0.5023657456004003,17.266,0.014,7264.612,0.5023657456004003,0.5889865411299979,raw
810,0.5024205137560784,17.284,0.017,6446.94564,0.5024205137560784,0.6474744326824293,raw
810,0.5025264152014328,17.226940888554218,0.041108339830801456,NaN,NaN,NaN,raw
810,0.5027010265831308,17.22490361445783,0.06149463922589666,NaN,NaN,NaN,raw
810,0.5028190877348031,17.22436784638554,0.04346289068930752,NaN,NaN,NaN,raw
550,0.5028728051198154,18.94992857142857,0.12675625567067023,NaN,NaN,NaN,raw
810,0.5028765794704668,17.304,0.012,6841.52545,0.5028765794704668,0.6310884202557645,raw
810,0.5031049396128644,17.22055534638554,0.04440006480570093,NaN,NaN,NaN,raw
810,0.5033108341959162,17.22462048192771,0.06116609728220398,NaN,NaN,NaN,raw
810,0.5033882015282345,17.220507718373494,0.044392057699704446,NaN,NaN,NaN,raw
810,0.503654007132333,17.22001110692771,0.04430195331591085,NaN,NaN,NaN,raw
810,0.5039144126725856,17.224060240963855,0.06075781020204438,NaN,NaN,NaN,raw
810,0.503925228578737,17.148,0.01,6379.85024,0.503925228578737,0.13425672916673648,raw
810,0.503936370380849,17.224292356927712,0.042296183213590875,NaN,NaN,NaN,raw
810,0.5042194988366365,17.22401073042169,0.04229743181399106,NaN,NaN,NaN,raw
810,0.5043489914351085,17.263,0.016,7660.58293,0.5043489914351085,0.5481265321504907,raw
810,0.5045102035920472,17.223108810240966,0.04207653441723554,NaN,NaN,NaN,raw
810,0.5045173517391959,17.184,0.016,6082.61203,0.5045173517391959,0.35874989064723195,raw
810,0.5045240334875197,17.222951807228917,0.0618042665222272,NaN,NaN,NaN,raw
810,0.5047134988271864,17.262,0.014,7821.89139,0.5047134988271864,0.5776835121941986,raw
810,0.5048005280155649,17.22107793674699,0.043381562139259845,NaN,NaN,NaN,raw
810,0.5050824774670262,17.220805534638554,0.04336796500997561,NaN,NaN,NaN,raw
810,0.5051276670677995,17.222042168674697,0.06171531438150294,NaN,NaN,NaN,raw
810,0.5052381685600267,17.13,0.01,7084.87936,0.5052381685600267,0.15116378804123087,raw
810,0.5053492968674624,17.221819841867468,0.043882974163157375,NaN,NaN,NaN,raw
810,0.505615112326982,17.222319841867467,0.043740784512845805,NaN,NaN,NaN,raw
810,0.5057221938201899,17.221084337349392,0.061887817339220996,NaN,NaN,NaN,raw
810,0.505884170778048,17.221775602409636,0.043796489501558435,NaN,NaN,NaN,raw
810,0.506145729547137,17.22152560240964,0.04379918712372391,NaN,NaN,NaN,raw
810,0.5061838109650125,17.278,0.011,5650.8347,0.5061838109650125,0.8117711151626281,raw
810,0.5063173409216141,17.221313253012045,0.061853576405914226,NaN,NaN,NaN,raw
810,0.5064255904648127,17.223125564759037,0.04258605995473861,NaN,NaN,NaN,raw
810,0.5067091753179631,17.224563064759035,0.044798858935171576,NaN,NaN,NaN,raw
810,0.5069097335346823,17.221259036144577,0.06185956046468112,NaN,NaN,NaN,raw
810,0.5069977414396308,17.222418862951805,0.04348504564021148,NaN,NaN,NaN,raw
810,0.5070424398836622,17.283,0.016,7197.86535,0.5070424398836622,0.8217251129190117,raw
810,0.5071801656886237,17.147,0.01,6695.86274,0.5071801656886237,0.06689457814172783,raw
810,0.5072777487155896,17.221046875,0.04409247540675947,NaN,NaN,NaN,raw
810,0.5073512298840797,17.151,0.011,7091.83304,0.5073512298840797,0.024687035247552558,raw
810,0.5074876325088553,17.227,0.011,6067.66423,0.5074876325088553,0.3862618275506975,raw
810,0.507506792628104,17.220108433734936,0.06262548847896457,NaN,NaN,NaN,raw
810,0.507553751350381,17.214703125,0.04631964260140074,NaN,NaN,NaN,raw
810,0.5078193377638137,17.216339984939758,0.04758950709229122,NaN,NaN,NaN,raw
810,0.5080422751489095,17.271,0.014,6774.77897,0.5080422751489095,0.8641906123084482,raw
810,0.5080696210933654,17.215744352409637,0.047609038430882517,NaN,NaN,NaN,raw
810,0.5081001965140621,17.219463855421683,0.06228581642778671,NaN,NaN,NaN,raw
550,0.5081075499855224,18.893642857142854,0.12720971356185623,NaN,NaN,NaN,raw
810,0.5083298759056861,17.2178452560241,0.04597859378135546,NaN,NaN,NaN,raw
810,0.5085898430701109,17.216220256024094,0.04524427259990989,NaN,NaN,NaN,raw
810,0.5086936159953998,17.219138554216865,0.062045233414116496,NaN,NaN,NaN,raw
810,0.5088487549264032,17.214251506024095,0.04797952900338281,NaN,NaN,NaN,raw
810,0.5089400529468548,17.163,0.01,7159.62481,0.5089400529468548,0.027400284094255767,raw
810,0.5091090752067537,17.21401939006024,0.04795404098815118,NaN,NaN,NaN,raw
810,0.5092820666195402,17.218680722891566,0.06245891150301078,NaN,NaN,NaN,raw
810,0.5093823899746727,17.212523531626506,0.04714889331710245,NaN,NaN,NaN,raw
810,0.5094078834554239,17.259,0.013,7843.7948,0.5094078834554239,0.42782298195379553,raw
810,0.5096616212024103,17.21224887048193,0.047117244299747334,NaN,NaN,NaN,raw
810,0.5098626564856193,17.217999999999996,0.061994916702659594,NaN,NaN,NaN,raw
810,0.5099522246638046,17.211842620481928,0.047898840111552446,NaN,NaN,NaN,raw
550,0.5099754990151268,18.983,0.017,7155.80105,0.5099754990151268,0.8485966503722011,raw
810,0.510085955800605,17.209,0.012,7183.61287,0.510085955800605,0.3364867052932823,raw
810,0.5102315783260027,17.21157605421687,0.0478694759640967,NaN,NaN,NaN,raw
810,0.5104610193517058,17.217192771084335,0.06255043208073528,NaN,NaN,NaN,raw
810,0.5105026603842506,17.212638554216866,0.0497324428136648,NaN,NaN,NaN,raw
810,0.510776727569071,17.20978501506024,0.051795536678903874,NaN,NaN,NaN,raw
810,0.5110373014744924,17.20951035391566,0.051756018042792014,NaN,NaN,NaN,raw
810,0.5110577807469112,17.21619879518072,0.06292017259791757,NaN,NaN,NaN,raw
810,0.5111663090745767,17.217381660343907,0.03177428327601198,NaN,NaN,NaN,raw
810,0.5111663090745767,17.217381660343907,0.03167357214065323,NaN,NaN,NaN,raw
810,0.5111663090745768,17.217381660343907,0.0315738126105255,NaN,NaN,NaN,raw
810,0.5113121317709064,17.20728670933735,0.04999539829309146,NaN,NaN,NaN,raw
550,0.5114193571350066,18.882523809523807,0.12114322214679896,NaN,NaN,NaN,raw
810,0.5114404609012126,17.312,0.015,5790.59073,0.5114404609012126,0.7419147430264275,raw
550,0.5114743458216253,18.748,0.014,6828.66549,0.5114743458216253,0.1243705358938314,raw
810,0.5116011108177762,17.209290662650602,0.048771185820571265,NaN,NaN,NaN,raw
810,0.5116546296494452,17.215385542168676,0.06436380148203975,NaN,NaN,NaN,raw
810,0.5116612594138132,17.181,0.011,7115.8222,0.5116612594138132,0.3361262934449769,raw
810,0.5117086637837929,17.101,0.017,6203.59578,0.5117086637837929,0.13606178293230187,raw
810,0.5118095994257601,17.277,0.012,6388.89181,0.5118095994257601,0.473657102242214,raw
810,0.5118924423877732,17.2111969126506,0.047597351330249726,NaN,NaN,NaN,raw
810,0.5119234792182397,17.205,0.013,6104.86403,0.5119234792182397,0.9545034048751404,raw
810,0.5121904510437496,17.21068109939759,0.047509926293092,NaN,NaN,NaN,raw
810,0.512253382573001,17.21522891566265,0.0642959681663901,NaN,NaN,NaN,raw
810,0.5124881566243877,17.213646460843375,0.05095385533727213,NaN,NaN,NaN,raw
810,0.5126679406967014,17.211,0.011,6416.70389,0.5126679406967014,0.9621032822706184,raw
810,0.5127776670237856,17.211740210843374,0.049868453910642055,NaN,NaN,NaN,raw
810,0.5128025311405509,17.121,0.009,5659.87583,0.5128025311405509,0.15023035343619995,raw
550,0.5128082265682679,18.916571428571427,0.13545576302344492,NaN,NaN,NaN,raw
810,0.5128542824587352,17.215524096385547,0.06430577539520484,NaN,NaN,NaN,raw
810,0.5130752089018286,17.21141905120482,0.0498501976759376,NaN,NaN,NaN,raw
810,0.5133590565152071,17.21216472138554,0.05014697150656678,NaN,NaN,NaN,raw
810,0.5134595714005912,17.214132530120484,0.06476844931204517,NaN,NaN,NaN,raw
810,0.5136491240590506,17.213592996987952,0.04934598173172143,NaN,NaN,NaN,raw
810,0.5139365723718552,17.21463422439759,0.049806180237704334,NaN,NaN,NaN,raw
810,0.5140630663554037,17.21325301204819,0.06487346067509803,NaN,NaN,NaN,raw
810,0.5142260396240286,17.21204047439759,0.04958190463556284,NaN,NaN,NaN,raw
810,0.5145060336926437,17.211741340361446,0.04957366496619397,NaN,NaN,NaN,raw
810,0.5145374793246447,17.117,0.009,6756.70357,0.5145374793246447,0.20194528284991975,raw
810,0.5146615110105298,17.21255421686747,0.06535826729131045,NaN,NaN,NaN,raw
810,0.5147845748200299,17.209897590361447,0.05076183889124581,NaN,NaN,NaN,raw
810,0.5148584368289448,17.312,0.017,5451.63583,0.5148584368289448,0.7367973225573223,raw
810,0.5150515866770182,17.21201656626506,0.052462940315758225,NaN,NaN,NaN,raw
810,0.5150874908358674,17.13,0.009,5983.88388,0.5150874908358674,0.18489170639986696,raw
810,0.5152480985081682,17.212469879518075,0.06540175835823556,NaN,NaN,NaN,raw
810,0.5153072856602106,17.21360410391566,0.05335462655667024,NaN,NaN,NaN,raw
810,0.5155564974798035,17.2103687876506,0.050243875131865116,NaN,NaN,NaN,raw
550,0.5157989351293856,18.8595,0.096570873836107,NaN,NaN,NaN,raw
810,0.5158036962082917,17.210387989457832,0.050245971613263926,NaN,NaN,NaN,raw
810,0.5158370093689093,17.211843373493977,0.06500694264605074,NaN,NaN,NaN,raw
810,0.51606450877696,17.21123682228916,0.04996212411327507,NaN,NaN,NaN,raw
810,0.5163412404193328,17.213861822289154,0.046035870683995735,NaN,NaN,NaN,raw
810,0.5164274951884543,17.211126506024097,0.06526144824094868,NaN,NaN,NaN,raw
810,0.5166160450591615,17.211665286144576,0.04457999602756352,NaN,NaN,NaN,raw
810,0.5166738401239854,17.212,0.01,7100.87511,0.5166738401239854,0.36515687968494603,raw
810,0.5168904413603836,17.21413403614458,0.04635122260958464,NaN,NaN,NaN,raw
810,0.5170239095001,17.210493975903614,0.06492230759990272,NaN,NaN,NaN,raw
810,0.5170333712085267,17.315,0.014,6114.59993,0.5170333712085267,0.7790358801230468,raw
810,0.5171629104207152,17.21397063253012,0.04635645482752522,NaN,NaN,NaN,raw
810,0.5173066079296404,17.21,0.018,5823.61926,0.5173066079296404,0.3880487003043527,raw
810,0.5174295116863755,17.213806664156625,0.046376576511989086,NaN,NaN,NaN,raw
810,0.5176215366114358,17.209186746987953,0.06517181073287949,NaN,NaN,NaN,raw
810,0.5176949864086874,17.217931664156627,0.04364554183374399,NaN,NaN,NaN,raw
810,0.517776739623514,17.243,0.012,7536.82517,0.517776739623514,0.8373661315963545,raw
810,0.5179742653972357,17.21761238704819,0.04370105592267944,NaN,NaN,NaN,raw
810,0.5182222143498456,17.20870481927711,0.06497022796703392,NaN,NaN,NaN,raw
810,0.518251951828004,17.217545745481928,0.04370815909676285,NaN,NaN,NaN,raw
810,0.5184804126292875,17.252,0.014,7547.60248,0.5184804126292875,0.8894149499683408,raw
810,0.5185119720329164,17.21727296686747,0.04376301761865136,NaN,NaN,NaN,raw
810,0.5186708355249721,17.176,0.013,5788.50736,0.5186708355249721,0.28570563827270234,raw
810,0.5187756476239662,17.220021649096388,0.03984910230703048,NaN,NaN,NaN,raw
810,0.5188224666813022,17.208427710843374,0.06496407550518331,NaN,NaN,NaN,raw
810,0.5189992718769645,17.15,0.012,7827.80636,0.5189992718769645,0.229465561631514,raw
810,0.5190053987753345,17.285,0.011,5665.78799,0.5190053987753345,0.7960019738147821,raw
810,0.5190442397952659,17.220504329819278,0.03984927884248159,NaN,NaN,NaN,raw
810,0.5192401482090645,17.267,0.011,6102.78069,0.5192401482090645,0.4983584684050584,raw
810,0.519316420406312,17.217146837349397,0.03625578658060143,NaN,NaN,NaN,raw
810,0.5194152391281878,17.20846987951807,0.06495039363015954,NaN,NaN,NaN,raw
810,0.519564988961065,17.216,0.011,6012.74016,0.519564988961065,0.906821879758354,raw
810,0.5196004397636405,17.219472891566266,0.03269746892037387,NaN,NaN,NaN,raw
550,0.5198804835036153,18.878030612244903,0.05875425724585121,NaN,NaN,NaN,raw
550,0.5198804835036153,18.8780306122449,0.05661701894474308,NaN,NaN,NaN,raw
550,0.5198804835036153,18.8780306122449,0.05469723678496113,NaN,NaN,NaN,raw
810,0.5198951849212523,17.220676957831326,0.033137729329196466,NaN,NaN,NaN,raw
810,0.5200072616111991,17.20816265060241,0.06464901079342276,NaN,NaN,NaN,raw
550,0.5200289506088406,18.87483333333333,0.07001619103323675,NaN,NaN,NaN,raw
810,0.5201748466136061,17.220431099397594,0.03323442685210985,NaN,NaN,NaN,raw
810,0.520455411212726,17.2201984186747,0.033327605596601445,NaN,NaN,NaN,raw
810,0.5205640763397241,17.185,0.011,5324.74656,0.5205640763397241,0.3279163895840611,raw
810,0.520603347900278,17.206710843373497,0.06527713045544,NaN,NaN,NaN,raw
810,0.520704160857349,17.284,0.012,5390.79959,0.520704160857349,0.611564364957303,raw
810,0.5207477118507648,17.21991434487952,0.03343829833159463,NaN,NaN,NaN,raw
810,0.5209723925036087,17.21,0.014,7311.55085,0.5209723925036087,0.9884982632847823,raw
810,0.5210299761607649,17.21680515813253,0.03857374983749796,NaN,NaN,NaN,raw
810,0.5211991811978345,17.205753012048195,0.06624037373146911,NaN,NaN,NaN,raw
810,0.5212977222545305,17.253,0.01,5736.70883,0.5212977222545305,0.49161673482922197,raw
810,0.521330711645076,17.213306664156626,0.03421060195776824,NaN,NaN,NaN,raw
810,0.5216287265337751,17.21318166415663,0.03423037567714438,NaN,NaN,NaN,raw
810,0.5217912100922796,17.205307228915665,0.06650073279729768,NaN,NaN,NaN,raw
810,0.5219290422373997,17.213488328313254,0.0342373882995479,NaN,NaN,NaN,raw
810,0.5222260467142721,17.212242281626505,0.033852100447121766,NaN,NaN,NaN,raw
810,0.5223455371851742,17.212,0.014,7439.83317,0.5223455371851742,0.3770333591637609,raw
810,0.5223837129126012,17.20452409638554,0.0674992885984715,NaN,NaN,NaN,raw
810,0.5225150143516325,17.215032756024097,0.03707777464450997,NaN,NaN,NaN,raw
810,0.5228008140934784,17.216282756024096,0.03898923841115303,NaN,NaN,NaN,raw
810,0.5229750982382402,17.204957831325302,0.06720942866841684,NaN,NaN,NaN,raw
810,0.5230894025360545,17.21711615210843,0.038380690405757166,NaN,NaN,NaN,raw
550,0.5231142329982633,18.913928571428574,0.13464966753405996,NaN,NaN,NaN,raw
810,0.5232564604921208,17.228,0.013,6784.86603,0.5232564604921208,0.4398342148269876,raw
810,0.5233821324202905,17.219915286144577,0.04090957072008693,NaN,NaN,NaN,raw
810,0.5235682163824182,17.204560240963854,0.06677210892918296,NaN,NaN,NaN,raw
810,0.5236744276107244,17.21891528614458,0.04301086156325149,NaN,NaN,NaN,raw
810,0.5239700909781346,17.21513403614458,0.04232704030933744,NaN,NaN,NaN,raw
810,0.5240247234667094,17.208068760757314,0.03321603590007453,NaN,NaN,NaN,raw
550,0.5241643922599906,18.794,0.015,5765.56455,0.5241643922599906,0.21234910026396392,raw
810,0.5241761102703774,17.20443373493976,0.06658504569047054,NaN,NaN,NaN,raw
810,0.524260436125046,17.213094691265063,0.04130732149400571,NaN,NaN,NaN,raw
810,0.5245650461807845,17.212837161144577,0.0413627368849514,NaN,NaN,NaN,raw
810,0.524679943551746,17.251,0.013,7173.88382,0.524679943551746,0.5266059877139924,raw
810,0.5247861835242332,17.203975903614456,0.066821240662861,NaN,NaN,NaN,raw
810,0.5248844751870427,17.212306475903617,0.04142973363060705,NaN,NaN,NaN,raw
810,0.5252095198954243,17.211979292168678,0.041504788373549685,NaN,NaN,NaN,raw
810,0.5254055623602883,17.203680722891566,0.06702238786126452,NaN,NaN,NaN,raw
810,0.5255189750797462,17.21166679216868,0.041751388634160114,NaN,NaN,NaN,raw
810,0.525833902526641,17.212019578313253,0.041755856253068074,NaN,NaN,NaN,raw
810,0.5260274605412326,17.202909638554218,0.06718764517462263,NaN,NaN,NaN,raw
810,0.5260563674200966,17.111,0.01,7099.83543,0.5260563674200966,0.14134090747211303,raw
810,0.5261531008839584,17.208394578313253,0.040315745600442876,NaN,NaN,NaN,raw
810,0.5264673869064767,17.207991152108434,0.040363725129656115,NaN,NaN,NaN,raw
810,0.5266569067064896,17.203048192771085,0.06718872625752084,NaN,NaN,NaN,raw
810,0.5267939532948841,17.207707266566267,0.04041189133855888,NaN,NaN,NaN,raw
810,0.5268430843680108,17.206,0.01,6734.80607,0.5268430843680108,0.3644469645932986,raw
550,0.5270109741655428,18.864595238095237,0.0627277211988675,NaN,NaN,NaN,raw
810,0.5271216399613646,17.208269766566268,0.04118062620431255,NaN,NaN,NaN,raw
810,0.5272316391274217,17.219,0.011,7845.88688,0.5272316391274217,0.9026622778401361,raw
810,0.5272808828834289,17.2031265060241,0.0671188156509396,NaN,NaN,NaN,raw
810,0.5274401030458256,17.208135165662654,0.04119765743874724,NaN,NaN,NaN,raw
810,0.5274691787453776,17.298,0.01,7131.81947,0.5274691787453776,0.5533705780308082,raw
810,0.5276260043683578,17.292,0.02,6201.51543,0.5276260043683578,0.6863122852100787,raw
810,0.5277502623934682,17.20766001506024,0.04123930558009854,NaN,NaN,NaN,raw
810,0.5279056656874059,17.2026686746988,0.06738522349975343,NaN,NaN,NaN,raw
810,0.5280785721110539,17.2073953313253,0.04128723492214298,NaN,NaN,NaN,raw
810,0.5281898229768558,17.298,0.012,6735.84948,0.5281898229768558,0.5962411931704992,raw
810,0.5283527179708472,17.118,0.012,6885.68551,0.5283527179708472,0.08692748791690974,raw
810,0.5283886165077598,17.209646649096385,0.04307547295284987,NaN,NaN,NaN,raw
810,0.5284666265324631,17.164,0.011,5675.87305,0.5284666265324631,0.3673676908856578,raw
810,0.5285311929102322,17.201740963855425,0.06655186455261035,NaN,NaN,NaN,raw
810,0.5287089475489553,17.208643637048194,0.04300795872474326,NaN,NaN,NaN,raw
810,0.5290388069640771,17.2083608810241,0.043065376406117774,NaN,NaN,NaN,raw
810,0.5291627609118135,17.200228915662656,0.06738065998960883,NaN,NaN,NaN,raw
810,0.5293546853492666,17.21006607680723,0.043975534886154334,NaN,NaN,NaN,raw
810,0.5296583255518834,17.205972326807228,0.04608873230072289,NaN,NaN,NaN,raw
810,0.5297867171613294,17.19901807228916,0.06804850969281344,NaN,NaN,NaN,raw
810,0.529969472784737,17.205707454819276,0.04612491716627631,NaN,NaN,NaN,raw
810,0.5302728280903178,17.208092432228916,0.0479536074080378,NaN,NaN,NaN,raw
810,0.530408692279411,17.19769277108434,0.0678592719966175,NaN,NaN,NaN,raw
810,0.5304666422380251,17.175,0.017,7278.52766,0.5304666422380251,0.3537862601588131,raw
810,0.5305644937315602,17.207851468373498,0.04799984168598855,NaN,NaN,NaN,raw
810,0.5306810262009094,17.218,0.011,6117.7335,0.5306810262009094,0.4815626345534838,raw
810,0.530868389221666,17.211288968373495,0.04466292422714484,NaN,NaN,NaN,raw
810,0.5309185082915064,17.168,0.013,6907.58818,0.5309185082915064,0.935484140059998,raw
810,0.5310295452241939,17.197090361445788,0.06757638302616431,NaN,NaN,NaN,raw
810,0.5311543628247837,17.2129437123494,0.045323790341547765,NaN,NaN,NaN,raw
810,0.531436849222634,17.2110374623494,0.04688127652784507,NaN,NaN,NaN,raw
810,0.5316493056268728,17.1966686746988,0.06723575785242929,NaN,NaN,NaN,raw
810,0.5317101207620697,17.210260353915665,0.046951081873737525,NaN,NaN,NaN,raw
810,0.5317836955819075,17.271,0.017,5268.77925,0.5317836955819075,0.617045833478187,raw
810,0.5319820287950279,17.201,0.013,7220.81874,0.5319820287950279,0.9177116649589152,raw
810,0.5319829368463653,17.21122515060241,0.047116677113352,NaN,NaN,NaN,raw
810,0.5322682122697358,17.207940700301208,0.0444610160752444,NaN,NaN,NaN,raw
810,0.5322706363097397,17.19679518072289,0.06727695071750746,NaN,NaN,NaN,raw
810,0.5325487381674008,17.206753200301208,0.042612510917164316,NaN,NaN,NaN,raw
810,0.5328286731739713,17.20666980421687,0.042623372542772875,NaN,NaN,NaN,raw
810,0.5328896238753446,17.196054216867466,0.06674213207735777,NaN,NaN,NaN,raw
810,0.5328965189328301,17.277,0.013,7882.73946,0.5328965189328301,0.7282201622292632,raw
810,0.5331048277227997,17.20313855421687,0.03936948752914508,NaN,NaN,NaN,raw
810,0.5333819042285863,17.205438253012048,0.03626257498201687,NaN,NaN,NaN,raw
810,0.5335070538103756,17.19590361445783,0.06670688746554859,NaN,NaN,NaN,raw
810,0.533674800268442,17.20627541415663,0.035577831556125414,NaN,NaN,NaN,raw
550,0.5337542972383744,18.885857142857144,0.14258646884925993,NaN,NaN,NaN,raw
810,0.5337959318589452,17.200630028329865,0.031667151824006055,NaN,NaN,NaN,raw
810,0.5337959318589452,17.200630028329865,0.03146735707348172,NaN,NaN,NaN,raw
810,0.5337959318589454,17.200630028329865,0.03156678025036363,NaN,NaN,NaN,raw
810,0.5339851450330252,17.205917545180725,0.03568235580474865,NaN,NaN,NaN,raw
810,0.5341237176663164,17.195512048192775,0.06663721209489096,NaN,NaN,NaN,raw
550,0.5341837363462002,18.845190476190478,0.04682410275317111,NaN,NaN,NaN,raw
810,0.5342841415904982,17.204691641566264,0.036547485893341274,NaN,NaN,NaN,raw
810,0.53428421859644,17.259,0.015,7844.84639,0.53428421859644,0.6771137620198715,raw
810,0.5343964300354855,17.12,0.017,5632.76685,0.5343964300354855,0.1656748032764881,raw
810,0.5345670292657057,17.20550357680723,0.03670564027592671,NaN,NaN,NaN,raw
810,0.5347428949755494,17.1955,0.0666327565272835,NaN,NaN,NaN,raw
810,0.5348382210276257,17.205259600903617,0.036785092709147864,NaN,NaN,NaN,raw
810,0.535110199288765,17.207478350903614,0.0370414065764096,NaN,NaN,NaN,raw
810,0.5351129321388726,17.28,0.014,7486.76999,0.5351129321388726,0.7722030275872385,raw
810,0.5353607610609891,17.195198795180726,0.06689758974500598,NaN,NaN,NaN,raw
810,0.5353924346661393,17.206597138554216,0.03711836650994005,NaN,NaN,NaN,raw
810,0.5356759206402762,17.205097138554216,0.039614388231875346,NaN,NaN,NaN,raw
810,0.5357810231034819,17.221,0.012,6152.5,0.5357810231034819,0.8451148794047185,raw
810,0.5358080620062537,17.256,0.012,6423.66488,0.5358080620062537,0.8512622007965547,raw
810,0.5358826490992215,17.145,0.01,6020.74172,0.5358826490992215,0.02170042952093354,raw
810,0.5359668541277762,17.20483847891566,0.039695294228039246,NaN,NaN,NaN,raw
810,0.5359763283893655,17.194132530120484,0.06664319667190796,NaN,NaN,NaN,raw
810,0.5360109975808882,17.234,0.012,7652.59805,0.5360109975808882,0.46892554703845235,raw
810,0.5362582452743162,17.204560052710843,0.039785590229397975,NaN,NaN,NaN,raw
810,0.536565186837436,17.20193844126506,0.03798983319245943,NaN,NaN,NaN,raw
810,0.5365979922932298,17.192897590361447,0.06760595540542019,NaN,NaN,NaN,raw
810,0.5366028330936388,17.254,0.011,7226.73035,0.5366028330936388,0.5623068668392079,raw
810,0.5368635858976631,17.2,0.009,7193.70395,0.5368635858976631,0.9207288575671555,raw
810,0.5368779283987241,17.19921969126506,0.04104906888097191,NaN,NaN,NaN,raw
810,0.5370267685393628,17.185,0.01,6776.87493,0.5370267685393628,0.34732900596645777,raw
810,0.5371893407365709,17.19893091114458,0.04109915004644033,NaN,NaN,NaN,raw
810,0.5372191661560234,17.191590361445783,0.06756205428539384,NaN,NaN,NaN,raw
810,0.5374984792428491,17.20099171686747,0.04257701838169967,NaN,NaN,NaN,raw
810,0.537810031922779,17.198178840361447,0.04030629938680855,NaN,NaN,NaN,raw
810,0.5378392998078438,17.190789156626504,0.0672354353038376,NaN,NaN,NaN,raw
810,0.5381116603176863,17.200650602409638,0.042526400661311206,NaN,NaN,NaN,raw
810,0.538402894600824,17.199447100903612,0.04321587163362856,NaN,NaN,NaN,raw
810,0.538462225376894,17.190289156626505,0.06686812532693703,NaN,NaN,NaN,raw
810,0.5386908895476094,17.197197477409638,0.041868494333410076,NaN,NaN,NaN,raw
810,0.5387306507509493,17.161,0.011,6844.66674,0.5387306507509493,0.3501278125222598,raw
810,0.5388391227679676,17.225,0.011,5741.58199,0.5388391227679676,0.9150268640496506,raw
810,0.5389766362542613,17.19613497740964,0.04425417742774866,NaN,NaN,NaN,raw
810,0.5390868286608511,17.189885542168675,0.06652467417847875,NaN,NaN,NaN,raw
810,0.5391699465944839,17.246,0.008,6727.85741,0.5391699465944839,0.5016612098661426,raw
810,0.5392700884151851,17.19584770331325,0.04428825643992671,NaN,NaN,NaN,raw
810,0.5395719207844488,17.192919804216867,0.04155836472900955,NaN,NaN,NaN,raw
810,0.5397125582768865,17.18980120481928,0.06651682128372588,NaN,NaN,NaN,raw
810,0.5398724213960198,17.19147609186747,0.04227295546607354,NaN,NaN,NaN,raw
810,0.5399900594638893,17.12,0.012,7842.76249,0.5399900594638893,0.21977101762604434,raw
810,0.5401620324722747,17.187538591867472,0.04520096196148012,NaN,NaN,NaN,raw
810,0.5403394168241935,17.188813253012047,0.06671537058113386,NaN,NaN,NaN,raw
810,0.540462079188205,17.185345067771085,0.043440355664852284,NaN,NaN,NaN,raw
810,0.5407797513709782,17.186585843373493,0.04281333081607925,NaN,NaN,NaN,raw
810,0.5409738223161513,17.18775903614458,0.06851588453055792,NaN,NaN,NaN,raw
810,0.5411147511977454,17.186266378012046,0.04279333830211102,NaN,NaN,NaN,raw
810,0.5414565856454268,17.187422628012047,0.04458694683544653,NaN,NaN,NaN,raw
810,0.5416058256017435,17.187108433734938,0.06786734155433788,NaN,NaN,NaN,raw
810,0.5417923491307444,17.187150414156626,0.04457903281644173,NaN,NaN,NaN,raw
810,0.5419897587562446,17.114,0.01,6070.80505,0.5419897587562446,0.10429591673710092,raw
810,0.5421281870190024,17.185900414156627,0.043183041886930756,NaN,NaN,NaN,raw
810,0.5422358311208377,17.18755421686747,0.06797740319949432,NaN,NaN,NaN,raw
810,0.5424759004542551,17.185378576807228,0.04310799335280519,NaN,NaN,NaN,raw
810,0.5427820560762484,17.262,0.012,6532.4809,0.5427820560762484,0.6024965311680717,raw
810,0.5428386751097403,17.18529141566265,0.0431116030810263,NaN,NaN,NaN,raw
810,0.5428662046905881,17.186987951807225,0.06817215177918122,NaN,NaN,NaN,raw
810,0.5431591624474095,17.275,0.019,5861.5218,0.5431591624474095,0.4594108881174179,raw
810,0.5431965147792258,17.18261671686747,0.045307353020647416,NaN,NaN,NaN,raw
810,0.5434432147267216,17.157,0.017,6165.71326,0.5434432147267216,0.1075212284722511,raw
810,0.5435000568935698,17.18701204819277,0.06816824000126738,NaN,NaN,NaN,raw
810,0.5435374643251232,17.17921705572289,0.048633763674215735,NaN,NaN,NaN,raw
810,0.5435403246483475,17.086,0.008,6760.88542,0.5435403246483475,0.1466829169257835,raw
550,0.5436134666586527,18.880857142857142,0.02305317721251823,NaN,NaN,NaN,raw
810,0.5438748363967348,17.179551769578314,0.0487491446469156,NaN,NaN,NaN,raw
810,0.5441333641251128,17.186307228915663,0.06858471122701278,NaN,NaN,NaN,raw
810,0.5442044668578712,17.180214608433737,0.048632822901954885,NaN,NaN,NaN,raw
810,0.5445509150486066,17.178888177710842,0.047945915916379096,NaN,NaN,NaN,raw
550,0.5446325195402356,18.85571428571429,0.14943093520286976,NaN,NaN,NaN,raw
810,0.5447715679553098,17.186307228915663,0.06858471122701278,NaN,NaN,NaN,raw
810,0.5449103738637235,17.178642131024098,0.04790784693606718,NaN,NaN,NaN,raw
810,0.5449767806312593,17.149,0.013,6797.73653,0.5449767806312593,0.969096555510987,raw
810,0.5450485775436391,17.095,0.013,5807.63713,0.5450485775436391,0.20318800857421593,raw
810,0.5452713530755149,17.174360881024096,0.047815650154337266,NaN,NaN,NaN,raw
810,0.5454095569160248,17.185807228915664,0.06920211204191987,NaN,NaN,NaN,raw
810,0.5456227592337551,17.176023343373494,0.0492724199668268,NaN,NaN,NaN,raw
810,0.5459744368975695,17.177964796686748,0.04820618697129064,NaN,NaN,NaN,raw
810,0.546048158947964,17.18470481927711,0.06991573006103236,NaN,NaN,NaN,raw
810,0.5463196194646887,17.18056438253012,0.05097362053357837,NaN,NaN,NaN,raw
810,0.5466458299159647,17.181634412650602,0.05148633335453931,NaN,NaN,NaN,raw
810,0.5466963228459188,17.183909638554216,0.07065904666942656,NaN,NaN,NaN,raw
810,0.5469496999066905,17.271,0.012,7199.61746,0.5469496999066905,0.569388050626003,raw
810,0.5469673314652748,17.181474021084334,0.05147672404978806,NaN,NaN,NaN,raw
810,0.5472972148258015,17.18356438253012,0.049984905743246204,NaN,NaN,NaN,raw
810,0.5473424238233889,17.184186746987955,0.07063517927043082,NaN,NaN,NaN,raw
810,0.5473496455178974,17.214,0.013,5686.65668,0.5473496455178974,0.43293462727888254,raw
810,0.5476261530854536,17.18001581325301,0.053593058952028004,NaN,NaN,NaN,raw
810,0.547952100511065,17.177465737951806,0.051465410116034144,NaN,NaN,NaN,raw
810,0.5479904158257495,17.183301204819276,0.07137850197359259,NaN,NaN,NaN,raw
810,0.5482842974930252,17.176403614457833,0.05161305847687313,NaN,NaN,NaN,raw
810,0.548619383023866,17.17342639307229,0.04838931808339686,NaN,NaN,NaN,raw
810,0.5486355575148881,17.182210843373493,0.07138243653270056,NaN,NaN,NaN,raw
810,0.548670035579562,17.106,0.014,7880.65906,0.548670035579562,0.27836371737066656,raw
810,0.5487496852765616,17.082,0.011,6195.61277,0.5487496852765616,0.06086062071517517,raw
810,0.548951291821855,17.17261389307229,0.048889723401199583,NaN,NaN,NaN,raw
810,0.5492581316684664,17.201,0.011,6825.5498,0.5492581316684664,0.4600880773832614,raw
810,0.5492788255073117,17.182210843373493,0.07138243653270056,NaN,NaN,NaN,raw
810,0.549296668643342,17.172395519578313,0.04883891723603556,NaN,NaN,NaN,raw
810,0.549640990346211,17.176926769578312,0.04726579033396603,NaN,NaN,NaN,raw
810,0.5498779866843235,17.182532453678352,0.04271341677621521,NaN,NaN,NaN,raw
810,0.5498779866843235,17.182532453678352,0.04267934144827347,NaN,NaN,NaN,raw
810,0.5499254648715008,17.18255421686747,0.0712861502995814,NaN,NaN,NaN,raw
810,0.5499832204396503,17.177667168674695,0.04760184547099268,NaN,NaN,NaN,raw
810,0.5503097977448151,17.177428087349398,0.04757625652375599,NaN,NaN,NaN,raw
810,0.5505895107445946,17.182012048192767,0.07112745605936188,NaN,NaN,NaN,raw
810,0.550651146342579,17.178362198795178,0.04729269509685688,NaN,NaN,NaN,raw
810,0.550721281371807,17.109,0.011,7465.91658,0.550721281371807,0.1679534189606784,raw
810,0.5509575553405739,17.243,0.012,6811.6445,0.5509575553405739,0.7174478049855679,raw
810,0.5510114159217795,17.180976844879517,0.0447814200606434,NaN,NaN,NaN,raw
550,0.5510502738404848,18.867380952380955,0.029565676919370325,NaN,NaN,NaN,raw
810,0.5512437447059492,17.18212650602409,0.07117508686431223,NaN,NaN,NaN,raw
810,0.5513649474361482,17.177795368975904,0.047932722222460436,NaN,NaN,NaN,raw
810,0.5513852589720045,17.272,0.012,7455.83504,0.5513852589720045,0.6041167802832206,raw
810,0.5514125567569863,17.222,0.011,6347.8832,0.5514125567569863,0.7585890849331918,raw
810,0.5517029119638371,17.178242093373495,0.04806562433252184,NaN,NaN,NaN,raw
810,0.5518938751796646,17.181975903614454,0.07123796670802507,NaN,NaN,NaN,raw
810,0.5520233270575631,17.179932417168676,0.04920886611291858,NaN,NaN,NaN,raw
810,0.5523452580805298,17.17706061746988,0.04631949371036926,NaN,NaN,NaN,raw
550,0.552453583197348,18.901,0.019,7170.76465,0.552453583197348,0.8548800085209223,raw
810,0.5525460262930999,17.180891566265057,0.0713211281625609,NaN,NaN,NaN,raw
810,0.5526665221633034,17.175211031626507,0.047199103198569466,NaN,NaN,NaN,raw
810,0.5527618554297078,17.074,0.01,5998.84581,0.5527618554297078,0.18760303019735147,raw
810,0.5529926573290249,17.174898531626507,0.04696653278519811,NaN,NaN,NaN,raw
810,0.5532123736958132,17.18039759036144,0.07088530039676971,NaN,NaN,NaN,raw
810,0.5533037979825833,17.17472138554217,0.046944502892042314,NaN,NaN,NaN,raw
810,0.5534965081133123,17.153,0.01,5991.89312,0.5534965081133123,0.31619733628758695,raw
810,0.5536163916586471,17.174542733433732,0.046925955976226515,NaN,NaN,NaN,raw
810,0.5538818994343153,17.17972891566265,0.07023280771853863,NaN,NaN,NaN,raw
810,0.553949546212334,17.17674359939759,0.045228399069584334,NaN,NaN,NaN,raw
810,0.5540642962623679,17.131,0.01,6006.84215,0.5540642962623679,0.2913162989370903,raw
810,0.5543018525968714,17.179675263554216,0.041799574592926776,NaN,NaN,NaN,raw
810,0.5545521151811571,17.18002409638554,0.070201610255833,NaN,NaN,NaN,raw
810,0.5545586191401526,17.231,0.01,7169.72244,0.5545586191401526,0.6256525112130475,raw
810,0.5546599340974063,17.178858998493975,0.04162438455386541,NaN,NaN,NaN,raw
810,0.5550389527733837,17.178586031626505,0.0416303353923911,NaN,NaN,NaN,raw
810,0.5550847271151724,17.21,0.011,7075.85786,0.5550847271151724,0.8546919954551413,raw
810,0.5552220417205838,17.178656626506026,0.07078398328122426,NaN,NaN,NaN,raw
810,0.5554048708483506,17.176256212349397,0.043447622558809504,NaN,NaN,NaN,raw
810,0.5557542218675413,17.174037085843374,0.04493229026849394,NaN,NaN,NaN,raw
810,0.5558999357597012,17.17889156626506,0.0708665005354294,NaN,NaN,NaN,raw
550,0.5560647187838705,18.845428571428574,0.15298904650872303,NaN,NaN,NaN,raw
810,0.5561101401174006,17.176035015060243,0.043340323079305826,NaN,NaN,NaN,raw
810,0.5564596592579142,17.16956626506024,0.048198633606692035,NaN,NaN,NaN,raw
810,0.5565772040780571,17.178668674698795,0.07066141105850063,NaN,NaN,NaN,raw
810,0.5567225653758214,17.084,0.01,6534.57163,0.5567225653758214,0.0744482543777849,raw
810,0.5568163864091998,17.171062311746986,0.049330750866217674,NaN,NaN,NaN,raw
810,0.556863023834012,17.199,0.011,6037.78373,0.556863023834012,0.47358373650604335,raw
810,0.5569496058451477,17.238,0.012,7904.6496,0.5569496058451477,0.5927547165265423,raw
810,0.5571738095144948,17.16796046686747,0.045771426233107974,NaN,NaN,NaN,raw
810,0.5572514926416261,17.179102409638556,0.07058179261469572,NaN,NaN,NaN,raw
810,0.557547251070616,17.16858546686747,0.04666103180665072,NaN,NaN,NaN,raw
810,0.5576228744721448,17.125,0.009,6104.53227,0.5576228744721448,0.24488776646649058,raw
810,0.5577859708209871,17.204,0.011,5683.87913,0.5577859708209871,0.49191426176366804,raw
810,0.5579109493400363,17.16826581325301,0.04660133954759155,NaN,NaN,NaN,raw
810,0.5579469167396164,17.177632530120484,0.0710488770873818,NaN,NaN,NaN,raw
810,0.5582728033977744,17.16505045180723,0.0491803475385434,NaN,NaN,NaN,raw
550,0.5583915285060357,18.858642857142858,0.03753698856067248,NaN,NaN,NaN,raw
810,0.5586312962693947,17.16806965361446,0.04629114697894549,NaN,NaN,NaN,raw
810,0.5586385551489265,17.176493975903615,0.07086425324331555,NaN,NaN,NaN,raw
810,0.558983553328199,17.166588478915664,0.04664093364029472,NaN,NaN,NaN,raw
810,0.5593309812975459,17.176427710843374,0.07089713558047243,NaN,NaN,NaN,raw
810,0.5593372244859671,17.165244728915663,0.047653488973826486,NaN,NaN,NaN,raw
810,0.5594331506167585,17.168768653476103,0.033477260143136504,NaN,NaN,NaN,raw
810,0.5594331506167585,17.168768653476103,0.03337115128622136,NaN,NaN,NaN,raw
810,0.5594331506167585,17.1687686534761,0.03326604503684249,NaN,NaN,NaN,raw
810,0.559682599498827,17.164934299698796,0.04758840214397155,NaN,NaN,NaN,raw
810,0.5600234895817551,17.17581325301205,0.07155778384881542,NaN,NaN,NaN,raw
810,0.5600309653510598,17.166215549698798,0.04719560967546556,NaN,NaN,NaN,raw
810,0.5603775894174364,17.165910768072287,0.047135012536923815,NaN,NaN,NaN,raw
810,0.5607167396855873,17.17487951807229,0.07189628853578532,NaN,NaN,NaN,raw
810,0.5607461963449177,17.163996046686748,0.0456259846363469,NaN,NaN,NaN,raw
810,0.5611077697292567,17.163714796686747,0.04536022212406588,NaN,NaN,NaN,raw
810,0.561407423138588,17.17347590361446,0.07228174687289125,NaN,NaN,NaN,raw
810,0.5614780194444682,17.163426957831323,0.04529152059576039,NaN,NaN,NaN,raw
810,0.5616348432704399,17.108,0.013,6825.90175,0.5616348432704399,0.21288896940859559,raw
810,0.561768743358698,17.111,0.011,6733.77527,0.561768743358698,0.1596248037785699,raw
810,0.5618304658462105,17.16186784638554,0.04559967875299295,NaN,NaN,NaN,raw
810,0.5621106653673024,17.172933734939757,0.07269714141703314,NaN,NaN,NaN,raw
810,0.5621421678370098,17.036,0.009,6710.83068,0.5621421678370098,0.08246094771857315,raw
810,0.5621807289181844,17.1615672063253,0.04551697627776863,NaN,NaN,NaN,raw
810,0.5625488219727973,17.164228162650602,0.043269561445616125,NaN,NaN,NaN,raw
810,0.5626590135470906,17.23,0.012,7828.86448,0.5626590135470906,0.4927236376897781,raw
810,0.562822798341443,17.17274096385542,0.07250972187464305,NaN,NaN,NaN,raw
810,0.5629228325324508,17.1640406626506,0.04312678844552668,NaN,NaN,NaN,raw
810,0.5633062153986029,17.16190267319277,0.040984652167841716,NaN,NaN,NaN,raw
810,0.563362686552864,17.242,0.013,6796.69998,0.563362686552864,0.7519754740278586,raw
810,0.5635322198011153,17.171746987951803,0.0731378678807724,NaN,NaN,NaN,raw
810,0.5636876580494229,17.159086972891565,0.042818921260679814,NaN,NaN,NaN,raw
550,0.5638603290562461,18.846675988914086,0.03122490245709444,NaN,NaN,NaN,raw
550,0.5638603290562461,18.846675988914082,0.030089068891870033,NaN,NaN,NaN,raw
550,0.5638603290562461,18.846675988914086,0.029068802216942493,NaN,NaN,NaN,raw
810,0.5640723280044451,17.16042243975903,0.04238573065947951,NaN,NaN,NaN,raw
810,0.5641253561407211,17.078,0.011,5829.54554,0.5641253561407211,0.06402219195842918,raw
810,0.5642336273215525,17.17061445783132,0.07240481004033507,NaN,NaN,NaN,raw
810,0.5644640378976102,17.160172439759034,0.04214330930933885,NaN,NaN,NaN,raw
810,0.564484599577554,17.133,0.009,6452.87722,0.564484599577554,0.33478432077936304,raw
550,0.5645852585281924,18.85197619047619,0.0263669487501789,NaN,NaN,NaN,raw
810,0.5648139851618907,17.11,0.01,6100.71065,0.5648139851618907,0.07066147017576441,raw
810,0.5648608883053338,17.159848268072288,0.042044452821823515,NaN,NaN,NaN,raw
810,0.5649338998458346,17.16979518072289,0.07305311625670484,NaN,NaN,NaN,raw
810,0.5652120035338157,17.172,0.01,6124.69845,0.5652120035338157,0.37919176626746776,raw
810,0.5652370644387135,17.160176581325302,0.04221928320176809,NaN,NaN,NaN,raw
810,0.5656127555344905,17.159861445783132,0.04213161263428336,NaN,NaN,NaN,raw
810,0.5656440853052074,17.170271084337347,0.07285929990783274,NaN,NaN,NaN,raw
810,0.5659682238363146,17.160336031626507,0.04240176436828305,NaN,NaN,NaN,raw
810,0.5663057333366425,17.162558546686746,0.044974521247668126,NaN,NaN,NaN,raw
810,0.566354040819555,17.16972891566265,0.07239365455219919,NaN,NaN,NaN,raw
810,0.5666386784142462,17.16227842620482,0.04493222528162216,NaN,NaN,NaN,raw
810,0.5666550754140189,17.201,0.012,6338.84967,0.5666550754140189,0.43638581136474386,raw
550,0.5666562835368885,18.8295,0.13600890807929822,NaN,NaN,NaN,raw
810,0.566970366082923,17.16074717620482,0.047597541766824895,NaN,NaN,NaN,raw
810,0.5670700326073497,17.169445783132527,0.07234676646868125,NaN,NaN,NaN,raw
810,0.5671782206154603,17.129,0.012,5997.80788,0.5671782206154603,0.9675302077539527,raw
810,0.5673141163292819,17.162420933734936,0.046725490906984336,NaN,NaN,NaN,raw
810,0.5676674361743642,17.15892300451807,0.049988891360870064,NaN,NaN,NaN,raw
810,0.5677856223812165,17.169048192771083,0.0722983555057468,NaN,NaN,NaN,raw
810,0.5680215575075767,17.162933923192767,0.04467450335500211,NaN,NaN,NaN,raw
810,0.5683609622294756,17.15980892319277,0.043308508211641734,NaN,NaN,NaN,raw
810,0.5685015431234381,17.169150602409637,0.07224190150437793,NaN,NaN,NaN,raw
810,0.5687157277759447,17.159533320783133,0.04325158207935517,NaN,NaN,NaN,raw
810,0.568831361742923,17.193,0.016,7293.48983,0.568831361742923,0.35701093021089036,raw
810,0.5690548646257334,17.153689570783133,0.04436845749907877,NaN,NaN,NaN,raw
810,0.569217857562017,17.169584337349395,0.0721429691350366,NaN,NaN,NaN,raw
810,0.569388831205287,17.15444747740964,0.04489093637718787,NaN,NaN,NaN,raw
810,0.5694576574678649,17.089,0.008,6424.71952,0.5694576574678649,0.10707675617231871,raw
810,0.569724811747763,17.157123493975902,0.042684920490327405,NaN,NaN,NaN,raw
810,0.5699323130328517,17.167734939759033,0.07240451757835233,NaN,NaN,NaN,raw
810,0.5700655728929513,17.159448042168677,0.04538346898940163,NaN,NaN,NaN,raw
810,0.5703206874022726,17.196,0.01,5385.60213,0.5703206874022726,0.4944951100569597,raw
810,0.5704123211211586,17.16041735692771,0.04513090527828043,NaN,NaN,NaN,raw
810,0.5706461297867715,17.16725903614458,0.07291189625035777,NaN,NaN,NaN,raw
810,0.5706761914170784,17.187,0.012,5379.69225,0.5706761914170784,0.8536002790897328,raw
810,0.5707709448802285,17.162057605421687,0.04418328436952436,NaN,NaN,NaN,raw
550,0.5710347732638184,18.881,0.016,6784.88264,0.5710347732638184,0.4753620534866059,raw
810,0.5711481293027884,17.16178407379518,0.04416092564285576,NaN,NaN,NaN,raw
810,0.5713530963624082,17.166343373493977,0.07330002388320107,NaN,NaN,NaN,raw
810,0.5713984752401302,17.191,0.011,7489.91143,0.5713984752401302,0.4915632612628542,raw
550,0.5714773462358217,18.840833333333332,0.03586897452302358,NaN,NaN,NaN,raw
810,0.5715170436960761,17.246,0.014,7181.89599,0.5715170436960761,0.664178719785923,raw
810,0.5715389416880317,17.161408509036143,0.0441223288437632,NaN,NaN,NaN,raw
810,0.5719264607270466,17.165212537650604,0.04979399788072613,NaN,NaN,NaN,raw
810,0.572061665621907,17.164512048192773,0.07336101994861238,NaN,NaN,NaN,raw
810,0.5722488486680959,17.059,0.01,6005.80553,0.5722488486680959,0.07404549146122008,raw
810,0.5723037158269428,17.164880835843377,0.04979829542542262,NaN,NaN,NaN,raw
810,0.5726917914689786,17.162724585843375,0.04967758991803341,NaN,NaN,NaN,raw
810,0.5727687512421817,17.164560240963855,0.07339370370114795,NaN,NaN,NaN,raw
810,0.5730688069742194,17.162360881024096,0.04966939865651356,NaN,NaN,NaN,raw
810,0.5734169004099385,17.061,0.018,5852.49349,0.5734169004099385,0.14837289557362965,raw
810,0.5734645662043869,17.163257718373494,0.04930535944178633,NaN,NaN,NaN,raw
810,0.5734740504998057,17.164349397590364,0.07321705940225748,NaN,NaN,NaN,raw
810,0.5735199646478577,17.13,0.009,6363.88266,0.5735199646478577,0.9805176540849061,raw
550,0.5736463164383061,18.821892416225747,0.058286473056112155,NaN,NaN,NaN,raw
810,0.573863432833136,17.162857115963856,0.04930887232887219,NaN,NaN,NaN,raw
810,0.5741752958284527,17.16392168674699,0.07290865941535143,NaN,NaN,NaN,raw
810,0.5742150657461025,17.055,0.01,7269.50404,0.5742150657461025,0.052779908995944425,raw
810,0.5742191503468348,17.196,0.014,5480.51119,0.5742191503468348,0.49953852310682123,raw
810,0.5742491354289623,17.161758659638554,0.04955506073217258,NaN,NaN,NaN,raw
810,0.5746373579597966,17.160573983433736,0.04923621784422655,NaN,NaN,NaN,raw
810,0.5748767334999542,17.16363253012048,0.07295563551611146,NaN,NaN,NaN,raw
810,0.5750354777166751,17.160111822289156,0.0492183196568827,NaN,NaN,NaN,raw
810,0.5751379839675792,17.245,0.011,7493.73685,0.5751379839675792,0.6739175399088708,raw
810,0.5754378081089941,17.161236822289155,0.047935165043589176,NaN,NaN,NaN,raw
810,0.5755805428801846,17.164018072289156,0.07305219992469206,NaN,NaN,NaN,raw
810,0.5757252576134976,17.156998587079197,0.03501019461987596,NaN,NaN,NaN,raw
810,0.57583531249327,17.160807605421688,0.04793659531385531,NaN,NaN,NaN,raw
810,0.5762423043352687,17.15947684487952,0.04751736487505098,NaN,NaN,NaN,raw
810,0.5762899454521285,17.162487951807233,0.07316281038655009,NaN,NaN,NaN,raw
810,0.576655697560913,17.160968750000002,0.048508706292038524,NaN,NaN,NaN,raw
550,0.5767409819067585,18.812,0.13110535986226982,NaN,NaN,NaN,raw
810,0.5770038013677505,17.1610421686747,0.07345576714035086,NaN,NaN,NaN,raw
810,0.5770733353906176,17.159913780120483,0.04829092284497014,NaN,NaN,NaN,raw
810,0.5774864018663534,17.159403049698795,0.04830715114798994,NaN,NaN,NaN,raw
810,0.5777179998616023,17.15998192771084,0.07392637392921439,NaN,NaN,NaN,raw
810,0.5779031516320332,17.158213478915663,0.04797149982573766,NaN,NaN,NaN,raw
810,0.5780446945536823,17.292,0.016,5820.51155,0.5780446945536823,0.7408350047389831,raw
550,0.5782801179071352,18.824119047619046,0.05189384441757349,NaN,NaN,NaN,raw
810,0.5783240964377159,17.154463478915662,0.04551513169202461,NaN,NaN,NaN,raw
810,0.5784262040162327,17.159114457831325,0.07447386465718703,NaN,NaN,NaN,raw
810,0.5787417799218046,17.154064006024097,0.04548017688632914,NaN,NaN,NaN,raw
810,0.5790734959591646,17.132,0.01,6217.52509,0.5790734959591646,0.9300580701565195,raw
810,0.5791345287750546,17.15780722891566,0.07417235584547997,NaN,NaN,NaN,raw
810,0.5791543685565357,17.1580015060241,0.04232957734328402,NaN,NaN,NaN,raw
810,0.5795717330449748,17.157575489457834,0.04233003987502993,NaN,NaN,NaN,raw
810,0.5798425159808241,17.15769879518072,0.07410872192398339,NaN,NaN,NaN,raw
810,0.5799869941083557,17.156887989457836,0.04409118011671203,NaN,NaN,NaN,raw
810,0.5804040287493686,17.156438629518075,0.044085958243273854,NaN,NaN,NaN,raw
810,0.5805493545011846,17.156228915662652,0.07462501413450237,NaN,NaN,NaN,raw
810,0.5808279875653548,17.15431362951807,0.046947423150802595,NaN,NaN,NaN,raw
810,0.5808440261898795,17.134,0.011,6573.51651,0.5808440261898795,0.37531600205147697,raw
810,0.581242521050678,17.15225357680723,0.04794788323620471,NaN,NaN,NaN,raw
810,0.5812544827296229,17.155090361445787,0.0752084636024719,NaN,NaN,NaN,raw
810,0.5816581705740397,17.155205195783132,0.04455507308874987,NaN,NaN,NaN,raw
810,0.5819576897821284,17.154795180722893,0.07501648449728095,NaN,NaN,NaN,raw
810,0.5820881457252746,17.154673945783134,0.044152498224312504,NaN,NaN,NaN,raw
810,0.5823322300220752,17.125,0.01,5658.85706,0.5823322300220752,0.9711396736020106,raw
810,0.5825011652036449,17.15631042921687,0.0454467665475461,NaN,NaN,NaN,raw
810,0.5826524533296767,17.154000000000003,0.07468941752958785,NaN,NaN,NaN,raw
810,0.5829097239468441,17.15332793674699,0.04247304382005296,NaN,NaN,NaN,raw
810,0.5833203292137831,17.155358621987954,0.044505442693280134,NaN,NaN,NaN,raw
810,0.5833444263462297,17.153415662650605,0.07540389505561532,NaN,NaN,NaN,raw
810,0.5837144721087661,17.1549390060241,0.04449935667787789,NaN,NaN,NaN,raw
810,0.5838747130073898,17.215,0.015,6106.62728,0.5838747130073898,0.7259941645352228,raw
810,0.5840406019676255,17.153240963855428,0.07531486880628414,NaN,NaN,NaN,raw
810,0.584094841814595,17.155625188253012,0.04476500606285464,NaN,NaN,NaN,raw
810,0.5844659673829417,17.155253012048195,0.044777122407509105,NaN,NaN,NaN,raw
810,0.5845712235859537,17.15,0.014,6147.6499,0.5845712235859537,0.4710287694215367,raw
810,0.5847344677418864,17.152933734939765,0.07514883297484298,NaN,NaN,NaN,raw
810,0.584834798482989,17.152346762048197,0.03814170962851835,NaN,NaN,NaN,raw
810,0.5849872774779215,17.126,0.013,7318.52605,0.5849872774779215,0.9080515579316852,raw
810,0.585205622903717,17.151990775602414,0.038129665719289045,NaN,NaN,NaN,raw
550,0.5854174384438964,18.78311904761905,0.027195844270371215,NaN,NaN,NaN,raw
810,0.5854275371127505,17.151728915662655,0.07440856912222614,NaN,NaN,NaN,raw
810,0.5854516849794891,17.185,0.012,7271.59383,0.5854516849794891,0.522721026041836,raw
810,0.5855609057886422,17.15333452560241,0.03816011500456028,NaN,NaN,NaN,raw
810,0.5859284138978846,17.155246799698798,0.03988570679146685,NaN,NaN,NaN,raw
810,0.5861244148722304,17.150927710843376,0.07360068891847055,NaN,NaN,NaN,raw
810,0.5862754675624311,17.1538187123494,0.04060667723773022,NaN,NaN,NaN,raw
810,0.5866018204675928,17.1535109186747,0.04062514328477702,NaN,NaN,NaN,raw
810,0.5867052544381295,17.039,0.01,6040.92293,0.5867052544381295,0.18815273847758363,raw
810,0.5868191590122138,17.149969879518075,0.07270425144492743,NaN,NaN,NaN,raw
810,0.5869268086373157,17.1531359186747,0.040865725177338066,NaN,NaN,NaN,raw
550,0.5870645985508288,18.779357142857144,0.11758571809068084,NaN,NaN,NaN,raw
810,0.5870866467594169,17.062,0.02,7529.89632,0.5870866467594169,0.016952832247625338,raw
810,0.587252988623431,17.152827936746988,0.04088765199353303,NaN,NaN,NaN,raw
810,0.5874403673587949,17.098,0.012,5822.6007,0.5874403673587949,0.209407198441113,raw
810,0.5875158504936789,17.14945180722892,0.07323789027867833,NaN,NaN,NaN,raw
810,0.5875784251545699,17.149209337349397,0.0455644582116935,NaN,NaN,NaN,raw
810,0.5878928029784855,17.14981419427711,0.04536073214311677,NaN,NaN,NaN,raw
810,0.5879629701529034,17.150499751571036,0.033486639081708056,NaN,NaN,NaN,raw
810,0.5879629701529034,17.150499751571036,0.03338050049749603,NaN,NaN,NaN,raw
810,0.5879629701529034,17.15049975157104,0.03327536480170929,NaN,NaN,NaN,raw
810,0.5879783551863511,17.179,0.013,6834.60209,0.5879783551863511,0.8224179164699308,raw
810,0.5880933568078035,17.216,0.014,7295.58241,0.5880933568078035,0.8329196974591468,raw
810,0.5882118637499547,17.149560240963858,0.07327287718419888,NaN,NaN,NaN,raw
810,0.5882143335525496,17.147689194277106,0.046730423556557876,NaN,NaN,NaN,raw
810,0.5885180063592441,17.147644954819278,0.04672549730032188,NaN,NaN,NaN,raw
810,0.5887199114222312,17.229,0.013,6785.93173,0.5887199114222312,0.7193054767412832,raw
810,0.5888061279209258,17.145422063253015,0.04508088873981365,NaN,NaN,NaN,raw
810,0.588902518091586,17.149060240963856,0.07338133680614407,NaN,NaN,NaN,raw
810,0.5891110602484257,17.145142695783136,0.0450585662099715,NaN,NaN,NaN,raw
810,0.5891756319542765,17.183,0.009,7512.86233,0.5891756319542765,0.5822238459168148,raw
810,0.5894001265914692,17.146642695783136,0.04601430607156207,NaN,NaN,NaN,raw
810,0.589594018048693,17.14807228915663,0.07355134807202973,NaN,NaN,NaN,raw
810,0.5896975903301985,17.148519766566267,0.04748098881988398,NaN,NaN,NaN,raw
810,0.5898472897551983,17.199,0.011,5409.59658,0.5898472897551983,0.8172493752681476,raw
810,0.5899948304378799,17.14904969879518,0.04731588494596247,NaN,NaN,NaN,raw
810,0.5902925854795275,17.147722891566268,0.0735938589751952,NaN,NaN,NaN,raw
810,0.590300223749264,17.14876844879518,0.047326193000382086,NaN,NaN,NaN,raw
810,0.5904425482767692,17.175,0.01,6757.7729,0.5904425482767692,0.48918090685583593,raw
810,0.5906268074875003,17.147423004518075,0.04687275887994424,NaN,NaN,NaN,raw
810,0.5908947882708162,17.219,0.02,6171.63976,0.5908947882708162,0.783965287526371,raw
810,0.5909450446773614,17.14861276355422,0.0474442926348861,NaN,NaN,NaN,raw
810,0.5909482332463085,17.112,0.01,7960.63263,0.5909482332463085,0.33724945227004355,raw
810,0.5909926474663603,17.14637951807229,0.07336488675280028,NaN,NaN,NaN,raw
810,0.5912436476210132,17.122,0.013,7609.50899,0.5912436476210132,0.30389413773627894,raw
810,0.5912522966585736,17.150331513554217,0.04423283438563676,NaN,NaN,NaN,raw
810,0.5915582508616624,17.150055534638554,0.044262703747433095,NaN,NaN,NaN,raw
810,0.5916922422853115,17.145234939759035,0.073987051993735,NaN,NaN,NaN,raw
810,0.5918779278559676,17.15249604668675,0.041305161567029375,NaN,NaN,NaN,raw
550,0.5919118782987338,18.769690476190476,0.010821448216233305,NaN,NaN,NaN,raw
810,0.5922088020312704,17.15379405120482,0.04017455196340909,NaN,NaN,NaN,raw
810,0.5923716587785748,17.039,0.011,5681.80527,0.5923716587785748,0.05604650232453423,raw
810,0.5923923203873714,17.144355421686747,0.07327557078220195,NaN,NaN,NaN,raw
550,0.5924467348741018,18.758,0.014,7270.55332,0.5924467348741018,0.29712973136702203,raw
810,0.5925427008576536,17.148686182228914,0.04994672371671817,NaN,NaN,NaN,raw
810,0.592875704515369,17.14937368222892,0.050525501224305866,NaN,NaN,NaN,raw
810,0.5929414316997281,17.086,0.01,6827.65087,0.5929414316997281,0.954156468365909,raw
810,0.5930619561604544,17.152,0.01,5447.49125,0.5930619561604544,0.8717780838360341,raw
810,0.593094602981204,17.143867469879517,0.07277549888807495,NaN,NaN,NaN,raw
810,0.593208588760255,17.146959525602412,0.04906380770882955,NaN,NaN,NaN,raw
810,0.5935387286483225,17.14981701807229,0.05180625591666673,NaN,NaN,NaN,raw
810,0.5937984364476265,17.14430120481927,0.07284691045045082,NaN,NaN,NaN,raw
810,0.5938213465633453,17.198,0.01,7463.84568,0.5938213465633453,0.7384169299893983,raw
810,0.5938668593711005,17.14631701807229,0.050037258622270354,NaN,NaN,NaN,raw
810,0.5941970286737457,17.145972703313255,0.05005567833445838,NaN,NaN,NaN,raw
810,0.5942533073812228,17.213,0.015,5283.7498,0.5942533073812228,0.6381948435646336,raw
810,0.594498960923725,17.142957831325297,0.07238402237976575,NaN,NaN,NaN,raw
810,0.5945300691863464,17.14581645331325,0.04994404763601943,NaN,NaN,NaN,raw
810,0.5948562672045834,17.14393919427711,0.05097486001280225,NaN,NaN,NaN,raw
550,0.5949957464200408,18.73257142857143,0.05633935080367543,NaN,NaN,NaN,raw
810,0.5951792334945449,17.142008471385545,0.04998249312723238,NaN,NaN,NaN,raw
810,0.5952001230770435,17.142728915662648,0.07219555938685387,NaN,NaN,NaN,raw
810,0.595510631176016,17.14167093373494,0.04997912892213836,NaN,NaN,NaN,raw
810,0.5958583354380421,17.14276468373494,0.05110238506864992,NaN,NaN,NaN,raw
810,0.5959023646030482,17.141945783132527,0.0716625303407405,NaN,NaN,NaN,raw
810,0.5961932750060684,17.140162650602413,0.04917906778676945,NaN,NaN,NaN,raw
550,0.596224301471271,18.771714285714285,0.10626340897934745,NaN,NaN,NaN,raw
810,0.5963080049477867,17.189,0.011,6064.91393,0.5963080049477867,0.5035276512880955,raw
550,0.5963162029147497,18.668,0.011,6775.8526,0.5963162029147497,0.16062369003157073,raw
810,0.5965284225394741,17.13853765060241,0.05096628158678787,NaN,NaN,NaN,raw
810,0.5965373178369191,17.094,0.011,7651.57615,0.5965373178369191,0.28313997647455835,raw
810,0.5966096935110519,17.141138554216866,0.0723790449020113,NaN,NaN,NaN,raw
810,0.5968787057013705,17.13549454066265,0.053335087111492624,NaN,NaN,NaN,raw
810,0.59722500173974,17.135902861445782,0.053278429514542834,NaN,NaN,NaN,raw
810,0.5973163105771887,17.140096385542172,0.072279275617747,NaN,NaN,NaN,raw
810,0.597579220527808,17.13557172439759,0.053251480224440664,NaN,NaN,NaN,raw
810,0.5979342539030534,17.1385297439759,0.0502589738484589,NaN,NaN,NaN,raw
810,0.5980283409684796,17.139536144578315,0.07174953418210246,NaN,NaN,NaN,raw
810,0.5982006129379442,16.986,0.013,6847.81624,0.5982006129379442,0.08672792455945455,raw
810,0.5982978801088182,17.13567488704819,0.0524636556062197,NaN,NaN,NaN,raw
550,0.5983497913568403,18.777979461015175,0.055478623272952166,NaN,NaN,NaN,raw
550,0.5983497913568403,18.777979461015175,0.053460539067486795,NaN,NaN,NaN,raw
550,0.5983497913568403,18.777979461015175,0.051647787512088685,NaN,NaN,NaN,raw
550,0.5983917748145315,18.79157142857143,0.1346030445117667,NaN,NaN,NaN,raw
810,0.5986344722332433,17.201,0.012,6837.73462,0.5986344722332433,0.5227201704656181,raw
810,0.598657195874308,17.137148531626504,0.051679766138656824,NaN,NaN,NaN,raw
810,0.598745652644155,17.138746987951812,0.07180087673534016,NaN,NaN,NaN,raw
810,0.598776340168115,17.241,0.013,7909.87885,0.598776340168115,0.7778209606549353,raw
810,0.5990277205011248,17.138679781626507,0.052846752798932695,NaN,NaN,NaN,raw
810,0.5992200945511286,17.117,0.012,6831.82482,0.5992200945511286,0.8819964549147699,raw
810,0.5994044308028691,17.138339984939762,0.05284727820476847,NaN,NaN,NaN,raw
810,0.5994679357762319,17.1380421686747,0.07191824924636518,NaN,NaN,NaN,raw
810,0.5997622849576296,17.135424322289154,0.05503622889248797,NaN,NaN,NaN,raw
810,0.5998329283575004,17.178,0.01,6061.78633,0.5998329283575004,0.8137703849261015,raw
810,0.6000323546322761,17.088,0.016,5860.49863,0.6000323546322761,0.2709088602914562,raw
810,0.6001209144457484,17.132111822289154,0.0543339175651279,NaN,NaN,NaN,raw
810,0.6001822110339677,17.13721686746988,0.072437400049183,NaN,NaN,NaN,raw
810,0.6004812329663118,17.13283057228916,0.0555763750753212,NaN,NaN,NaN,raw
810,0.60083626505818,17.132545745481927,0.05554614640989318,NaN,NaN,NaN,raw
810,0.6008973112866004,17.13692168674699,0.07217688633332711,NaN,NaN,NaN,raw
810,0.6011846607636409,17.13405421686747,0.05647922632018581,NaN,NaN,NaN,raw
550,0.6014554986806963,18.792261904761904,0.1344554841234981,NaN,NaN,NaN,raw
810,0.6015179762474576,17.133804781626505,0.056460872420939855,NaN,NaN,NaN,raw
810,0.6015690846616053,17.21,0.013,6864.50448,0.6015690846616053,0.781917463760692,raw
810,0.6016128544476586,17.135734939759033,0.07199184875363367,NaN,NaN,NaN,raw
810,0.6016729543152906,17.06,0.013,7179.82059,0.6016729543152906,0.22501698855194263,raw
810,0.6018607529314435,17.132073795180723,0.05555595201158641,NaN,NaN,NaN,raw
810,0.6022017086470441,17.049,0.01,5696.75752,0.6022017086470441,0.03805286054739554,raw
810,0.6022181752191336,17.133265625,0.05512019522456351,NaN,NaN,NaN,raw
810,0.6023251208488359,17.13506626506024,0.0726513580379168,NaN,NaN,NaN,raw
810,0.6025951106681582,17.13296159638554,0.05510219753591528,NaN,NaN,NaN,raw
550,0.602634820057574,18.935,0.029,6464.71049,0.602634820057574,0.6454710989273735,raw
810,0.6029715450726985,17.132676016566265,0.055087706445251204,NaN,NaN,NaN,raw
810,0.6030272435034887,17.134638554216867,0.07298436168124152,NaN,NaN,NaN,raw
810,0.6033338681285535,17.133253012048193,0.055258310326051475,NaN,NaN,NaN,raw
810,0.6037013302044251,17.140596762048194,0.05046500216539269,NaN,NaN,NaN,raw
810,0.6037327267864296,17.133656626506028,0.07235423916758632,NaN,NaN,NaN,raw
810,0.6040283589718456,17.053,0.02,7612.64226,0.6040283589718456,0.005779209346655989,raw
810,0.6040572495102005,17.138690512048193,0.049247149408260416,NaN,NaN,NaN,raw
810,0.6044107589798222,17.138464420180725,0.04926348672806064,NaN,NaN,NaN,raw
810,0.6044395361953989,17.133156626506025,0.07165497837219885,NaN,NaN,NaN,raw
810,0.6047809618005267,17.133620670180726,0.04639306603807348,NaN,NaN,NaN,raw
810,0.6049187442185939,17.201,0.009,6742.8291,0.6049187442185939,0.5252486146600859,raw
810,0.6051414070659247,17.13403463855422,0.046298981069145435,NaN,NaN,NaN,raw
810,0.6051493326370193,17.13299397590362,0.07163116783855049,NaN,NaN,NaN,raw
810,0.6052497693999612,17.051,0.014,7853.90989,0.6052497693999612,0.06342114905055496,raw
810,0.6052974901831476,17.092,0.013,6839.82282,0.6052974901831476,0.9892603685784707,raw
550,0.6054154730697648,18.773785714285715,0.10604801421375742,NaN,NaN,NaN,raw
810,0.6055156072933565,17.133797251506024,0.04629724488120709,NaN,NaN,NaN,raw
810,0.6057835000392515,17.236,0.014,6475.48865,0.6057835000392515,0.6993380186158902,raw
810,0.605859987863511,17.133843373493978,0.07190599619751227,NaN,NaN,NaN,raw
810,0.6058999997537537,17.13229329819277,0.04559131718120959,NaN,NaN,NaN,raw
550,0.6062462165827172,18.79192857142857,0.13491802121651203,NaN,NaN,NaN,raw
810,0.6062998365064057,17.13357831325301,0.044876513122677084,NaN,NaN,NaN,raw
810,0.6063487856517895,17.191,0.015,6031.89093,0.6063487856517895,0.8692220472785266,raw
810,0.606568460085185,17.133963855421687,0.07194828880111949,NaN,NaN,NaN,raw
810,0.6067014606180472,17.13560278614458,0.046478604434805296,NaN,NaN,NaN,raw
810,0.6070962082667033,17.135321159638554,0.04649765438614796,NaN,NaN,NaN,raw
810,0.6072768588353347,17.133608433734942,0.07228686741842069,NaN,NaN,NaN,raw
810,0.6074852322479596,17.134789909638553,0.045707300166396965,NaN,NaN,NaN,raw
810,0.6078793630457012,17.134567771084335,0.045719831000635903,NaN,NaN,NaN,raw
810,0.6079748310430002,17.13213855421687,0.071956207778739,NaN,NaN,NaN,raw
810,0.6082932580576961,17.1366937123494,0.043676653429581595,NaN,NaN,NaN,raw
810,0.6086716278798384,17.131409638554217,0.07173444904132549,NaN,NaN,NaN,raw
810,0.6086988622423031,17.141318712349396,0.041890530473396484,NaN,NaN,NaN,raw
810,0.6091123521214001,17.138222891566265,0.04584178946964951,NaN,NaN,NaN,raw
550,0.6091881974084288,18.772356227106226,0.06659254365754348,NaN,NaN,NaN,raw
550,0.6091881974084289,18.772356227106226,0.06724224239543021,NaN,NaN,NaN,raw
810,0.6093622115224798,17.130957831325297,0.07213055103660393,NaN,NaN,NaN,raw
810,0.6095055193745553,17.137993787650604,0.04587858594465134,NaN,NaN,NaN,raw
810,0.6096226787558408,17.158,0.011,6376.75816,0.6096226787558408,0.5204747083935217,raw
810,0.6098982190266256,17.137780120481928,0.04591534352398059,NaN,NaN,NaN,raw
810,0.6099593993658345,17.221,0.012,5306.69998,0.6099593993658345,0.7273153894584539,raw
550,0.6099734790433494,18.735,0.05908386464360975,NaN,NaN,NaN,raw
810,0.6100238900180557,17.14,0.015,7932.82748,0.6100238900180557,0.8636261453248153,raw
810,0.6100579556720501,17.13151204819277,0.07210554032021681,NaN,NaN,NaN,raw
810,0.6103032045626405,17.14004932228916,0.043310707742012934,NaN,NaN,NaN,raw
810,0.6106228304306569,17.086,0.01,7937.69475,0.6106228304306569,0.2744379018913605,raw
550,0.6106883566208126,18.667,0.014,5742.64991,0.6106883566208126,0.1992465788152913,raw
810,0.6106972116263059,17.142856927710845,0.04569583890618513,NaN,NaN,NaN,raw
810,0.6107543430438651,17.130246987951807,0.0727185889074505,NaN,NaN,NaN,raw
810,0.6110791271092957,17.14360692771084,0.04686296700209417,NaN,NaN,NaN,raw
810,0.6114423430540502,17.130445783132526,0.07270525853384965,NaN,NaN,NaN,raw
810,0.6114547751554038,17.145763365963855,0.04793428864961236,NaN,NaN,NaN,raw
810,0.6118428520753538,17.148085655120482,0.04489921028400737,NaN,NaN,NaN,raw
810,0.6121334870902129,17.1298734939759,0.07218596956655512,NaN,NaN,NaN,raw
810,0.6122506962799579,17.149105986445782,0.04394439233952399,NaN,NaN,NaN,raw
810,0.6126646336919326,17.145610504518075,0.04117073493203728,NaN,NaN,NaN,raw
810,0.6128271307171385,17.12912048192771,0.07134141516217717,NaN,NaN,NaN,raw
810,0.6130341826064978,17.202,0.014,7836.87788,0.6130341826064978,0.6329272693146777,raw
810,0.6130974149749566,17.145282567771083,0.04130904845381715,NaN,NaN,NaN,raw
810,0.6135292360435941,17.127909638554215,0.07146109959285614,NaN,NaN,NaN,raw
810,0.6135361792526637,17.143162462349398,0.04062225695840833,NaN,NaN,NaN,raw
550,0.6138166074394705,18.764214285714285,0.11005465675075927,NaN,NaN,NaN,raw
810,0.6139886483272898,17.142828878012047,0.04074387884794816,NaN,NaN,NaN,raw
810,0.6140178520618065,17.193,0.014,6581.52393,0.6140178520618065,0.5027287561806588,raw
810,0.6142250399753907,17.128626506024098,0.07151388266892547,NaN,NaN,NaN,raw
810,0.6144370030896666,17.13971611445783,0.04504858458459447,NaN,NaN,NaN,raw
550,0.6147479866175716,18.6867380952381,0.0697346403735407,NaN,NaN,NaN,raw
810,0.6148660843989553,17.139448795180723,0.045120323820524194,NaN,NaN,NaN,raw
810,0.6149175946991227,17.128030120481927,0.07172188919910333,NaN,NaN,NaN,raw
810,0.6151810425544681,17.197,0.012,7139.84585,0.6151810425544681,0.7213376862237055,raw
810,0.6152780465223713,17.138279743975904,0.045814627693962384,NaN,NaN,NaN,raw
810,0.6155567969799449,17.036,0.011,7567.79977,0.6155567969799449,0.09026145794086915,raw
810,0.6156085956044551,17.12730722891567,0.07229423596308839,NaN,NaN,NaN,raw
810,0.6156768182360262,17.13843731174699,0.045797300870346766,NaN,NaN,NaN,raw
810,0.6160732221831191,17.135031061746986,0.04828150934652116,NaN,NaN,NaN,raw
810,0.6162991156526738,17.126819277108435,0.07186218200067772,NaN,NaN,NaN,raw
810,0.6164608588750695,17.13201675451807,0.04568222407281562,NaN,NaN,NaN,raw
810,0.6167707003120796,17.128775132968585,0.03389119145313528,NaN,NaN,NaN,raw
810,0.6167707003120796,17.12877513296858,0.03378444727790236,NaN,NaN,NaN,raw
810,0.6167707003120797,17.128775132968585,0.033998953860063956,NaN,NaN,NaN,raw
810,0.6168528357415368,17.12989175451807,0.04686515043971992,NaN,NaN,NaN,raw
810,0.6169878961243257,17.12561445783133,0.07213519820453344,NaN,NaN,NaN,raw
810,0.6170477622326871,17.223,0.012,7470.8067,0.6170477622326871,0.6276400167953398,raw
810,0.6171400396742683,17.225,0.014,6113.59179,0.6171400396742683,0.622682161452758,raw
810,0.6171700701124792,17.202,0.012,6053.79647,0.6171700701124792,0.7239174650458153,raw
810,0.6172477661376299,17.12696950301205,0.049596701103556004,NaN,NaN,NaN,raw
810,0.617635272960378,17.128135542168675,0.049037896748809734,NaN,NaN,NaN,raw
810,0.6176682308383665,17.125313253012056,0.07241386569231971,NaN,NaN,NaN,raw
550,0.6179216227928486,18.718357142857144,0.07739452994434488,NaN,NaN,NaN,raw
810,0.6180391691220413,17.12787594126506,0.04904834606568394,NaN,NaN,NaN,raw
810,0.618348504730475,17.12465060240964,0.0722385666717332,NaN,NaN,NaN,raw
810,0.6184419516553731,17.127600903614457,0.049058146191278136,NaN,NaN,NaN,raw
810,0.6188435051221668,17.127317582831324,0.049070776280242714,NaN,NaN,NaN,raw
810,0.6190294972224453,17.124144578313253,0.07173218415156798,NaN,NaN,NaN,raw
810,0.6192439147770955,17.127075112951808,0.04908074894200127,NaN,NaN,NaN,raw
550,0.6192493952311057,18.729914328836948,0.039658568716823994,NaN,NaN,NaN,raw
550,0.6192493952311058,18.729914328836948,0.04260013641184891,NaN,NaN,NaN,raw
550,0.6192493952311058,18.729914328836948,0.04105051860643851,NaN,NaN,NaN,raw
810,0.619639042286687,17.123043862951807,0.0480144015053772,NaN,NaN,NaN,raw
810,0.6197089889202804,17.123349397590363,0.07245068270125102,NaN,NaN,NaN,raw
550,0.6197389957924315,18.629,0.013,5982.87732,0.6197389957924315,0.03191751723352354,raw
810,0.6200379935744491,17.12282548945783,0.04800744807325215,NaN,NaN,NaN,raw
550,0.6202092651466435,18.761857142857146,0.10721642895266842,NaN,NaN,NaN,raw
810,0.6203892425384152,17.123156626506027,0.07227715711531414,NaN,NaN,NaN,raw
810,0.6204419284320541,17.120564194277108,0.04626810277034438,NaN,NaN,NaN,raw
810,0.6208595833408785,17.120290474397592,0.04624477106791642,NaN,NaN,NaN,raw
810,0.621047470473223,17.123289156626505,0.07226936651344146,NaN,NaN,NaN,raw
810,0.6212565946678676,17.123383283132533,0.04994089093529923,NaN,NaN,NaN,raw
810,0.6216242112313921,17.034,0.013,7944.65152,0.6216242112313921,0.15457048212192603,raw
810,0.6216524970288599,17.118602033132532,0.049989554908455296,NaN,NaN,NaN,raw
810,0.6217054329402355,17.123584337349396,0.07231891991337432,NaN,NaN,NaN,raw
550,0.6217671783892694,18.715119047619048,0.0746719469403602,NaN,NaN,NaN,raw
810,0.6218544158291479,17.094,0.013,7948.47572,0.6218544158291479,0.33431525064224843,raw
810,0.622037413038667,17.12135203313253,0.047665388053490305,NaN,NaN,NaN,raw
810,0.6221229063594365,17.136,0.008,6751.87391,0.6221229063594365,0.8715791621634708,raw
810,0.6223076050628151,17.049,0.009,6013.81882,0.6223076050628151,0.21401383938791696,raw
810,0.6223637735082479,17.124542168674697,0.07220472597725298,NaN,NaN,NaN,raw
810,0.622421722502423,17.118779932228914,0.04951836800810565,NaN,NaN,NaN,raw
810,0.6225671497450094,17.072,0.016,7665.49109,0.6225671497450094,0.04639965674141422,raw
810,0.6226957283470256,17.038,0.01,6062.83722,0.6226957283470256,0.06156390508476761,raw
810,0.6227945005136128,17.11854518072289,0.04949682798140641,NaN,NaN,NaN,raw
810,0.623023048758596,17.123313253012046,0.07213496234829661,NaN,NaN,NaN,raw
810,0.6231657063114566,17.118342996987952,0.049480231269532444,NaN,NaN,NaN,raw
810,0.6235552665674261,17.115056664156626,0.045648962045153965,NaN,NaN,NaN,raw
810,0.6236790202170946,17.12193975903614,0.07203195408732559,NaN,NaN,NaN,raw
810,0.6239446231413451,17.113650414156627,0.04275416536352965,NaN,NaN,NaN,raw
810,0.624331384120666,17.12164457831325,0.07231295747590497,NaN,NaN,NaN,raw
550,0.6243338859722344,18.740444376611045,0.05201886754458612,NaN,NaN,NaN,raw
810,0.6243350026630635,17.113181664156627,0.04182643071944783,NaN,NaN,NaN,raw
810,0.6247253337308734,17.112929969879517,0.041775275070027644,NaN,NaN,NaN,raw
550,0.6248490617399511,18.760238095238098,0.005124139217575403,NaN,NaN,NaN,raw
810,0.6249831980276103,17.12080722891566,0.07298234868893551,NaN,NaN,NaN,raw
810,0.6251137590828004,17.113972138554217,0.04248702288142816,NaN,NaN,NaN,raw
550,0.6253532742287332,18.7545,0.10180958848601764,NaN,NaN,NaN,raw
810,0.6254818391954675,17.11376073042169,0.042451589897242674,NaN,NaN,NaN,raw
810,0.6256402396748602,17.121361445783133,0.07324861414566633,NaN,NaN,NaN,raw
810,0.625678262913425,17.073,0.016,6938.56173,0.625678262913425,0.18613357654612628,raw
810,0.6258489283904156,17.11443731174699,0.04278059669513924,NaN,NaN,NaN,raw
810,0.6261948075180952,17.11421310240964,0.04275221700174871,NaN,NaN,NaN,raw
810,0.6262956772519807,17.12092168674699,0.07316183729189385,NaN,NaN,NaN,raw
810,0.6265259920142231,17.11467281626506,0.0429316759416056,NaN,NaN,NaN,raw
810,0.6268537586339237,17.11722533885542,0.04032985505643303,NaN,NaN,NaN,raw
810,0.626943767505169,17.120638554216868,0.07294066967366371,NaN,NaN,NaN,raw
810,0.6271993400742075,17.11698569277108,0.04031363096822587,NaN,NaN,NaN,raw
810,0.6275606047407062,17.117679028614454,0.04009575935761403,NaN,NaN,NaN,raw
810,0.6275899970577736,17.119867469879523,0.0735259626105102,NaN,NaN,NaN,raw
810,0.6276219571627735,17.227,0.012,6856.51765,0.6276219571627735,0.6985455403355445,raw
810,0.6278499181062216,17.044,0.013,7803.85654,0.6278499181062216,0.0021723102290707175,raw
810,0.6278741092937707,17.124,0.01,7253.53092,0.6278741092937707,0.887191091218483,raw
810,0.627906498444645,17.045,0.012,6718.84943,0.627906498444645,0.23410792292270344,raw
810,0.6279144412959975,17.119335278614457,0.04192966814346031,NaN,NaN,NaN,raw
550,0.6279189761992582,18.74961904761905,0.01769098890495878,NaN,NaN,NaN,raw
810,0.6282280120107513,17.119307228915666,0.07331936497787897,NaN,NaN,NaN,raw
810,0.6282628925436436,17.117960278614454,0.044925032072192915,NaN,NaN,NaN,raw
810,0.6286134331210907,17.115662085843372,0.04643321852567901,NaN,NaN,NaN,raw
810,0.6288664816553269,17.119144578313254,0.07341688890499101,NaN,NaN,NaN,raw
810,0.6289716563065487,17.11528708584337,0.04684385432287277,NaN,NaN,NaN,raw
550,0.6289846458444767,18.764357142857143,0.10862681857757629,NaN,NaN,NaN,raw
810,0.6293269094897564,17.117722515060237,0.044671586460681846,NaN,NaN,NaN,raw
550,0.6294190085245646,18.73,0.013,6417.78742,0.6294190085245646,0.27971189297022647,raw
550,0.629429061817843,18.787785714285715,0.07240112892343392,NaN,NaN,NaN,raw
810,0.6295136904237081,17.11783734939759,0.07396996148862538,NaN,NaN,NaN,raw
810,0.6295994500396773,17.18,0.009,6765.7824,0.6295994500396773,0.6210426618545171,raw
810,0.6296622148074675,17.187,0.01,7229.54388,0.6296622148074675,0.5802863915978378,raw
810,0.629690435099967,17.114212725903613,0.04846891680265715,NaN,NaN,NaN,raw
550,0.6298835310844879,18.869,0.019,5796.54191,0.6298835310844879,0.4711479085308383,raw
810,0.6300343038711593,17.117214608433734,0.05182166766929998,NaN,NaN,NaN,raw
810,0.6301588250082796,17.117259036144578,0.07380103725335731,NaN,NaN,NaN,raw
550,0.6302639166400089,18.777333333333335,0.0793998320737095,NaN,NaN,NaN,raw
810,0.6303587559880887,17.117026920180724,0.05181598162182714,NaN,NaN,NaN,raw
810,0.6306672940618847,17.11975169427711,0.054256263027227226,NaN,NaN,NaN,raw
810,0.6307781159921433,17.158,0.011,7082.83712,0.6307781159921433,0.7829293975646578,raw
810,0.6308080608277923,17.117379518072287,0.0739383482066237,NaN,NaN,NaN,raw
810,0.6309562596090674,17.121615399096385,0.05532706839162984,NaN,NaN,NaN,raw
810,0.6312509854240917,17.123334149096387,0.054617849572771944,NaN,NaN,NaN,raw
550,0.6313254804542036,18.78852380952381,0.07135100550373853,NaN,NaN,NaN,raw
810,0.6314558431586192,17.145,0.01,6059.71144,0.6314558431586192,0.3756995144813118,raw
810,0.6314573746241592,17.11598192771084,0.0736846246773178,NaN,NaN,NaN,raw
550,0.6314892103109742,18.733,0.022,6031.89967,0.6314892103109742,0.8879164066947851,raw
810,0.6314911334726278,17.117265593298995,0.03632265356450752,NaN,NaN,NaN,raw
810,0.6315344890405115,17.123162085843376,0.05463436509199277,NaN,NaN,NaN,raw
810,0.6316453743493184,17.138,0.015,7621.69069,0.6316453743493184,0.3598527295162057,raw
810,0.6318122347120755,17.126079631024098,0.05693944194504467,NaN,NaN,NaN,raw
810,0.632075180407472,17.125890248493977,0.05697083994439456,NaN,NaN,NaN,raw
810,0.6321127430618102,17.115680722891565,0.07402039351721916,NaN,NaN,NaN,raw
810,0.6323568486983049,17.122360504518074,0.053921788102131045,NaN,NaN,NaN,raw
550,0.6326036999671487,18.763571428571428,0.10941432495562203,NaN,NaN,NaN,raw
810,0.6326354833111736,17.121954254518073,0.05457620539757139,NaN,NaN,NaN,raw
810,0.6327640390293172,17.115915662650597,0.07390759256019036,NaN,NaN,NaN,raw
810,0.632928754695816,17.121620105421687,0.054596006311737916,NaN,NaN,NaN,raw
550,0.6331156318386951,18.756408163265302,0.06376352150355101,NaN,NaN,NaN,raw
550,0.6331156318386952,18.756408163265302,0.06617053343937766,NaN,NaN,NaN,raw
550,0.6331156318386952,18.756408163265306,0.061601414184780615,NaN,NaN,NaN,raw
810,0.6332360588132435,17.121057605421687,0.05549618988842966,NaN,NaN,NaN,raw
810,0.6334148851571068,17.11618674698795,0.07404197052382366,NaN,NaN,NaN,raw
810,0.6334456761287584,17.189,0.012,6863.47262,0.6334456761287584,0.5748280236566643,raw
810,0.633458044987492,17.005,0.009,6484.5371,0.633458044987492,0.053454317636351334,raw
810,0.6335374979247514,17.12086314006024,0.05551342148238073,NaN,NaN,NaN,raw
810,0.6335810719865549,17.051,0.014,6953.51331,0.6335810719865549,0.1667068431415828,raw
550,0.6337592787507068,18.703857142857142,0.07845601913668336,NaN,NaN,NaN,raw
810,0.6338267309649117,17.11838987198795,0.05732591800043795,NaN,NaN,NaN,raw
810,0.6340302916796645,17.06,0.015,6233.53597,0.6340302916796645,0.1764133652250166,raw
810,0.634063830209673,17.11593373493976,0.07432354621331842,NaN,NaN,NaN,raw
810,0.6340958645769326,17.115988704819273,0.05893639950822278,NaN,NaN,NaN,raw
810,0.6343673214763732,17.11245745481928,0.05835981019777629,NaN,NaN,NaN,raw
810,0.6346428835095501,17.110134977409636,0.05675435035204461,NaN,NaN,NaN,raw
810,0.6346558682853356,17.011,0.01,7650.54646,0.6346558682853356,0.08069204208368319,raw
810,0.6346828208952502,17.218,0.011,7222.59268,0.6346828208952502,0.7120677223483654,raw
810,0.6347138518624023,17.11563855421687,0.07410059964804666,NaN,NaN,NaN,raw
810,0.6348564163890842,17.208,0.012,6803.67778,0.6348564163890842,0.6770900197570882,raw
810,0.6348871371847054,17.181,0.009,6426.82815,0.6348871371847054,0.6173155541564483,raw
810,0.6349034911237087,17.11247063253012,0.05856601056439245,NaN,NaN,NaN,raw
810,0.6351094889942033,17.128,0.01,7820.89378,0.6351094889942033,0.4438528604187013,raw
810,0.6351489536437785,17.10781438253012,0.06071317352937817,NaN,NaN,NaN,raw
810,0.6353677929774095,17.1154156626506,0.07376401024713927,NaN,NaN,NaN,raw
810,0.635407559408474,17.1076765813253,0.0606957649364932,NaN,NaN,NaN,raw
810,0.6356557150318274,17.1038640813253,0.062091299364876645,NaN,NaN,NaN,raw
550,0.6357968318203521,18.70447619047619,0.07880748091151754,NaN,NaN,NaN,raw
810,0.6358316289952199,17.214,0.013,6216.50188,0.6358316289952199,0.741470484621459,raw
810,0.63591282647337,17.10375451807229,0.06207231742663265,NaN,NaN,NaN,raw
810,0.6360042593104623,17.113807228915665,0.07279484794145821,NaN,NaN,NaN,raw
810,0.6361735595002047,17.10503576807229,0.06321462381345203,NaN,NaN,NaN,raw
810,0.6364203704184224,17.10513949548193,0.06323537418309931,NaN,NaN,NaN,raw
810,0.6366353424694254,17.114048192771087,0.07292152753839105,NaN,NaN,NaN,raw
810,0.6366554052642727,17.10499830572289,0.06321557817845071,NaN,NaN,NaN,raw
810,0.63676622571802,17.031,0.008,6378.85348,0.63676622571802,0.002244178705950617,raw
810,0.6368886690396025,17.104870670180723,0.06319637975171216,NaN,NaN,NaN,raw
810,0.6371223631658254,17.099401920180725,0.06325319273814949,NaN,NaN,NaN,raw
550,0.6371849259739975,18.615,0.016,6160.53114,0.6371849259739975,0.023263354969458305,raw
810,0.6372587936023274,17.113307228915662,0.07334126670552901,NaN,NaN,NaN,raw
810,0.6373727909313092,17.10276280120482,0.06088847642646091,NaN,NaN,NaN,raw
550,0.6376018695199102,18.734857142857145,0.11363291583181133,NaN,NaN,NaN,raw
810,0.6376379250303292,17.10470481927711,0.060171076328058015,NaN,NaN,NaN,raw
550,0.6376660451317419,18.741952380952384,0.13064458198762563,NaN,NaN,NaN,raw
810,0.6377402302023256,17.027,0.01,6085.78717,0.6377402302023256,0.1501924941494508,raw
810,0.6378740635790049,17.1130843373494,0.07336173634296846,NaN,NaN,NaN,raw
810,0.6378997358378304,17.10836106927711,0.06091707802810335,NaN,NaN,NaN,raw
810,0.6381219389404578,17.04,0.013,5734.66356,0.6381219389404578,0.11690134789751028,raw
810,0.6381259660083742,17.041,0.011,6492.53461,0.6381259660083742,0.15967014936359192,raw
810,0.6381606585704886,17.109988140060242,0.061814588411194846,NaN,NaN,NaN,raw
550,0.6382113399013178,18.876,0.019,7610.56826,0.6382113399013178,0.5696119979274954,raw
810,0.6382860708217777,17.067,0.01,6402.84167,0.6382860708217777,0.3116086624613672,raw
810,0.6384063718837225,17.11270689006024,0.05917739213402965,NaN,NaN,NaN,raw
810,0.6384801998691323,17.112680722891568,0.07298094721531075,NaN,NaN,NaN,raw
810,0.6384982686613512,17.192,0.01,7462.81827,0.6384982686613512,0.5408457850098785,raw
810,0.6386329166343785,17.009,0.013,7635.59901,0.6386329166343785,0.10895260894358216,raw
550,0.6386546525405893,18.795952380952382,0.07245495903273524,NaN,NaN,NaN,raw
810,0.6386555402745266,17.109394766566265,0.05597340225283894,NaN,NaN,NaN,raw
810,0.638922185699979,17.109256212349397,0.05596293463633143,NaN,NaN,NaN,raw
810,0.6390834452980465,17.112969879518072,0.07322438943733338,NaN,NaN,NaN,raw
810,0.6391862887016339,17.107724962349398,0.05380263490569493,NaN,NaN,NaN,raw
810,0.6393968231059262,17.023,0.012,5448.5503,0.6393968231059262,0.13702537662902614,raw
810,0.6394559828588023,17.106412462349397,0.05245280552907807,NaN,NaN,NaN,raw
810,0.6396849407535218,17.112475903614456,0.07341230198346788,NaN,NaN,NaN,raw
810,0.6397291113378545,17.10587688253012,0.05231258210831559,NaN,NaN,NaN,raw
810,0.6399888312080293,17.179,0.01,7463.86173,0.6399888312080293,0.7727469607216335,raw
810,0.6399989773039996,17.103270143072287,0.05387684768150143,NaN,NaN,NaN,raw
810,0.6400106924447755,17.119,0.011,7157.93214,0.6400106924447755,0.4068761019552767,raw
550,0.6400474538459093,18.771,0.10812492774564114,NaN,NaN,NaN,raw
550,0.64015074820054,18.777,0.018,6063.88623,0.64015074820054,0.30533621292124735,raw
810,0.640254389743969,17.10227014307229,0.05202029546727907,NaN,NaN,NaN,raw
810,0.6402851540965293,17.111397590361445,0.07365479510964182,NaN,NaN,NaN,raw
810,0.640518623519204,17.102142131024095,0.051996023619710105,NaN,NaN,NaN,raw
810,0.640782208099383,17.10199981174699,0.05196860957131905,NaN,NaN,NaN,raw
810,0.6408793259676593,17.112102409638553,0.07351747922592441,NaN,NaN,NaN,raw
810,0.6409238881678903,17.014,0.008,6371.90198,0.6409238881678903,0.1333838266400562,raw
810,0.6410431155128455,17.10390606174699,0.05037458701373315,NaN,NaN,NaN,raw
550,0.6412939375780601,18.76833333333333,0.10427048160113764,NaN,NaN,NaN,raw
810,0.6412997163090439,17.102052710843374,0.05110327477341715,NaN,NaN,NaN,raw
810,0.6414717334829735,17.112548192771083,0.07343614478137117,NaN,NaN,NaN,raw
810,0.641547872766406,17.104630082831328,0.04924183533826651,NaN,NaN,NaN,raw
550,0.6416674468325941,18.790846938775505,0.05974903084653145,NaN,NaN,NaN,raw
550,0.6416674468325941,18.79084693877551,0.055623320608234675,NaN,NaN,NaN,raw
550,0.6416674468325942,18.79084693877551,0.05757560677200084,NaN,NaN,NaN,raw
550,0.6417802734358702,18.66,0.023,7471.85824,0.6417802734358702,0.8768238497232232,raw
810,0.6418108901950749,17.104483810240964,0.049222860290960964,NaN,NaN,NaN,raw
550,0.64195079109777,18.868,0.028,5641.84307,0.64195079109777,0.5791895417678461,raw
810,0.642065363155199,17.11314457831325,0.07371873369571609,NaN,NaN,NaN,raw
810,0.6420841654700377,17.10765175079067,0.0365243051610995,NaN,NaN,NaN,raw
810,0.6420841654700377,17.10765175079067,0.036408538450989604,NaN,NaN,NaN,raw
810,0.6420841654700378,17.107651750790666,0.036293865604100736,NaN,NaN,NaN,raw
810,0.6420846015347482,17.106671310240962,0.047799558237327074,NaN,NaN,NaN,raw
550,0.6421528698975592,18.757428571428573,0.10462098747578331,NaN,NaN,NaN,raw
810,0.6423587942352345,17.108786709337352,0.04627299738145385,NaN,NaN,NaN,raw
810,0.6424082375197031,17.177,0.014,6792.90334,0.6424082375197031,0.6311799670038454,raw
810,0.642413357654732,17.168,0.01,7135.68355,0.642413357654732,0.8184163824189454,raw
810,0.6425186943088192,17.098,0.011,5777.77335,0.6425186943088192,0.32627303988920175,raw
550,0.6425764122232933,18.796761904761905,0.0639555542949169,NaN,NaN,NaN,raw
810,0.6426470133599089,17.110095067771084,0.04564095454116527,NaN,NaN,NaN,raw
810,0.6426562094009853,17.11201204819277,0.07414375781991556,NaN,NaN,NaN,raw
550,0.6427275451590374,18.744285714285713,0.11304419052294983,NaN,NaN,NaN,raw
810,0.6429443191576288,17.108073795180722,0.04693659866831973,NaN,NaN,NaN,raw
550,0.643021461022207,18.80609523809524,0.07966374912825948,NaN,NaN,NaN,raw
550,0.6430509004130727,18.778,0.014,6533.5587,0.6430509004130727,0.9078490000538295,raw
810,0.6432447880098763,17.105495858433734,0.04437383430672122,NaN,NaN,NaN,raw
810,0.6432465054768803,17.11120481927711,0.07373305809080281,NaN,NaN,NaN,raw
550,0.643285937494511,18.896,0.014,6403.88635,0.643285937494511,0.5461193482969975,raw
810,0.6433077124420379,17.159,0.014,6441.77991,0.6433077124420379,0.5982738304428494,raw
810,0.643517350214097,17.139,0.011,6808.8955,0.643517350214097,0.8374942542632198,raw
810,0.6435410958882058,17.105558358433733,0.04423472722389929,NaN,NaN,NaN,raw
810,0.6438421711673823,17.105438253012046,0.04421916942808669,NaN,NaN,NaN,raw
810,0.6438496003238688,17.110861445783133,0.07331268910189835,NaN,NaN,NaN,raw
810,0.644003503894055,17.032,0.013,5639.7579,0.644003503894055,0.11913034011013224,raw
810,0.6440048270742409,17.182,0.009,6509.57137,0.6440048270742409,0.600324007042218,raw
810,0.644145691816409,17.10881325301205,0.04177830145314381,NaN,NaN,NaN,raw
550,0.6444399328465806,18.777,0.11950313803411226,NaN,NaN,NaN,raw
810,0.644446883990442,17.1086827936747,0.04177301304982273,NaN,NaN,NaN,raw
810,0.6444597401179789,17.109710843373495,0.07367159398639715,NaN,NaN,NaN,raw
810,0.6447576666869932,17.10643392319277,0.03975363150573581,NaN,NaN,NaN,raw
810,0.6450700490351599,17.109493975903618,0.07345984241977943,NaN,NaN,NaN,raw
810,0.6450869345233278,17.106048381024095,0.03968760154822429,NaN,NaN,NaN,raw
810,0.6451152629488206,17.092,0.011,6004.78792,0.6451152629488206,0.8974359851872578,raw
810,0.6454174962444565,17.1081297063253,0.04167387878731948,NaN,NaN,NaN,raw
810,0.6454700190806761,17.054,0.014,6081.61809,0.6454700190806761,0.23276915867063508,raw
810,0.6456812368379108,17.10947590361446,0.07344399654135406,NaN,NaN,NaN,raw
810,0.6457384252867642,17.10793109939759,0.041669479088626865,NaN,NaN,NaN,raw
550,0.6458898754031647,18.767642857142857,0.12048069114499489,NaN,NaN,NaN,raw
810,0.6460605783271931,17.11349359939759,0.04059283018191071,NaN,NaN,NaN,raw
810,0.646290621296408,17.108403614457835,0.07313399731051289,NaN,NaN,NaN,raw
810,0.6463708365049512,17.111757718373493,0.0418041986056782,NaN,NaN,NaN,raw
810,0.646673648653143,17.111515436746988,0.04181836598864131,NaN,NaN,NaN,raw
810,0.6468807018100051,17.11,0.016,6482.80353,0.6468807018100051,0.3454473780511762,raw
810,0.646900132423936,17.10869277108434,0.0732431124624265,NaN,NaN,NaN,raw
810,0.6469788268729757,17.111702936746987,0.04213371093500628,NaN,NaN,NaN,raw
550,0.6469829606321582,18.657,0.015,6842.61849,0.6469829606321582,0.9690383762681449,raw
810,0.6472894180389057,17.10974190512048,0.04087036816587614,NaN,NaN,NaN,raw
550,0.6474007280828248,18.74992857142857,0.10873642393471422,NaN,NaN,NaN,raw
550,0.6474650079733442,18.768358906525574,0.05220693702720625,NaN,NaN,NaN,raw
810,0.6475090828113594,17.10886746987952,0.07330960019555716,NaN,NaN,NaN,raw
810,0.6475975886956002,17.11061690512048,0.04091058311208496,NaN,NaN,NaN,raw
810,0.6479194015728394,17.110384412650603,0.04092353664504946,NaN,NaN,NaN,raw
810,0.6479939853961696,17.048,0.01,6451.86331,0.6479939853961696,0.1660889025861252,raw
810,0.6481132719332694,17.109506024096387,0.07315883483903698,NaN,NaN,NaN,raw
810,0.6481147687409248,17.011,0.008,6473.76513,0.6481147687409248,0.012827453414502088,raw
810,0.6482335497713063,17.107253012048194,0.044533285259862075,NaN,NaN,NaN,raw
810,0.6485461034624802,17.10419051204819,0.04422854272488254,NaN,NaN,NaN,raw
810,0.6487178542316893,17.109126506024097,0.07344436539534004,NaN,NaN,NaN,raw
550,0.6487499596383021,18.721071428571427,0.05557845163113405,NaN,NaN,NaN,raw
810,0.6488598627676987,17.10309920933735,0.04377040012650249,NaN,NaN,NaN,raw
810,0.6491094838747813,17.131,0.013,5707.89854,0.6491094838747813,0.8680565373888385,raw
810,0.6491820349448639,17.102880835843372,0.04374785044041606,NaN,NaN,NaN,raw
810,0.6493230903225781,17.108301204819277,0.0737288619839525,NaN,NaN,NaN,raw
810,0.6495180935238197,17.105096197289157,0.04179402787458117,NaN,NaN,NaN,raw
810,0.6498554388667473,17.10443994728916,0.040698031489830484,NaN,NaN,NaN,raw
810,0.6499338774976685,17.10703614457831,0.07398164322409011,NaN,NaN,NaN,raw
810,0.6501960964760434,17.104208019578316,0.040688171001033266,NaN,NaN,NaN,raw
810,0.6505356988205626,17.102942582831325,0.041145597414666016,NaN,NaN,NaN,raw
810,0.6505472632074834,17.10666265060241,0.07359895867320558,NaN,NaN,NaN,raw
810,0.6508631291726488,17.178,0.013,5431.51957,0.6508631291726488,0.7092693435824913,raw
810,0.6508745649391845,17.103245293674696,0.04109810077481317,NaN,NaN,NaN,raw
810,0.651149055321502,17.105746987951804,0.07351385659917942,NaN,NaN,NaN,raw
810,0.6512211277991211,17.10474604668675,0.040106708703000635,NaN,NaN,NaN,raw
810,0.651232785461616,17.192,0.012,6052.76537,0.651232785461616,0.5184536214110267,raw
810,0.6513999951712321,17.057,0.01,6393.8074,0.6513999951712321,0.9878225712782296,raw
810,0.6515725194124407,17.103449924698793,0.040615876898203535,NaN,NaN,NaN,raw
810,0.6517553518973377,17.105391566265055,0.07371334931906831,NaN,NaN,NaN,raw
550,0.6518661901999232,18.756285714285717,0.11007509923923516,NaN,NaN,NaN,raw
810,0.6519122470396808,17.10326920180723,0.04060598912251789,NaN,NaN,NaN,raw
550,0.6519152615584018,18.754952380952382,0.00450755224161736,NaN,NaN,NaN,raw
810,0.6521739405543485,17.183,0.012,6505.75009,0.6521739405543485,0.4268249512788316,raw
810,0.6522378608435899,17.10058170180723,0.04292582298307481,NaN,NaN,NaN,raw
810,0.6523522749644965,17.105246987951805,0.07397202065211848,NaN,NaN,NaN,raw
810,0.6523801553230442,17.126,0.014,6141.76347,0.6523801553230442,0.8802921453534509,raw
810,0.652570536852373,17.102685052710843,0.04493794078386483,NaN,NaN,NaN,raw
810,0.6528907007090841,17.10248701054217,0.04492377804116515,NaN,NaN,NaN,raw
810,0.6529542214726374,17.104572289156625,0.07360322096583952,NaN,NaN,NaN,raw
810,0.6532018296445206,17.10251826054217,0.04488498404242946,NaN,NaN,NaN,raw
810,0.6532992478278175,17.011,0.009,7818.81422,0.6532992478278175,0.9957931274475413,raw
810,0.6533094305596023,17.061,0.015,5836.52949,0.6533094305596023,0.002291235447046347,raw
810,0.65351786121096,17.099377447289157,0.04780190343423618,NaN,NaN,NaN,raw
810,0.6535576479810921,17.104078313253012,0.07295436439590425,NaN,NaN,NaN,raw
550,0.6537464182365827,18.748374275636184,0.029301311550439253,NaN,NaN,NaN,raw
550,0.6537464182365827,18.748374275636184,0.028235450313248266,NaN,NaN,NaN,raw
550,0.6537464182365827,18.74837427563618,0.02727803653917288,NaN,NaN,NaN,raw
810,0.6538375714862019,17.1022296686747,0.04499933896912608,NaN,NaN,NaN,raw
810,0.6540748520511678,17.105620854230317,0.03905680419694969,NaN,NaN,NaN,raw
810,0.6540748520511678,17.105620854230317,0.039025645991593756,NaN,NaN,NaN,raw
810,0.6541445797736054,17.100163215361448,0.04617536547730061,NaN,NaN,NaN,raw
810,0.6541591099931541,17.103873493975907,0.07296559352617678,NaN,NaN,NaN,raw
810,0.6544516648736143,17.099289909638557,0.045836364305926414,NaN,NaN,NaN,raw
810,0.654757378420642,17.10289156626506,0.07305871645226988,NaN,NaN,NaN,raw
810,0.6547706878317617,17.09913328313253,0.04581313609069255,NaN,NaN,NaN,raw
810,0.6547998780479247,17.161,0.015,5716.5917,0.6547998780479247,0.46222787568513013,raw
810,0.6550818879425987,17.098882153614458,0.04579043815690477,NaN,NaN,NaN,raw
810,0.65536078361545,17.102289156626505,0.07359257704999995,NaN,NaN,NaN,raw
810,0.655381341769309,17.098763177710843,0.04577451353908465,NaN,NaN,NaN,raw
810,0.655682166618173,17.099200677710844,0.04661544628610379,NaN,NaN,NaN,raw
810,0.6559373240597779,17.069,0.014,6408.75781,0.6559373240597779,0.9658932748861844,raw
810,0.6559589787447218,17.101686746987955,0.07311326666677616,NaN,NaN,NaN,raw
810,0.6559815595471411,17.099079254518074,0.0466029033153651,NaN,NaN,NaN,raw
810,0.6562952045025815,17.097141754518073,0.043820915274484555,NaN,NaN,NaN,raw
550,0.6564788663924576,18.75864285714286,0.11298918065485282,NaN,NaN,NaN,raw
810,0.6565600305986488,17.10202409638554,0.07304892107615733,NaN,NaN,NaN,raw
550,0.6565865603887296,18.75369047619048,0.0066418329983691776,NaN,NaN,NaN,raw
810,0.6566049108427068,17.09852108433735,0.04320699742027011,NaN,NaN,NaN,raw
810,0.6569097152286019,17.102321347891568,0.04881487992262042,NaN,NaN,NaN,raw
810,0.6569257684641343,17.068,0.011,5828.53486,0.6569257684641343,0.9022355587676429,raw
810,0.6571619053680939,17.102620481927712,0.07301751929093943,NaN,NaN,NaN,raw
810,0.6572133978041282,17.099729103915664,0.04654195421380725,NaN,NaN,NaN,raw
810,0.6573003435350984,17.024,0.011,5624.81369,0.6573003435350984,0.15432108139793854,raw
810,0.6575296762971801,17.09956438253012,0.04653112179785929,NaN,NaN,NaN,raw
810,0.6575457647049916,17.176,0.008,6418.84014,0.6575457647049916,0.5314196783165244,raw
810,0.6577543262261119,17.10253012048193,0.07308854527827528,NaN,NaN,NaN,raw
810,0.6578485204879951,17.10090813253012,0.047919349590742406,NaN,NaN,NaN,raw
810,0.6579501113301376,17.049,0.012,6491.49856,0.6579501113301376,0.9436185392423795,raw
810,0.6581512876316153,17.098765248493976,0.04926455350131497,NaN,NaN,NaN,raw
810,0.6582262820593314,17.009,0.009,5982.8907,0.6582262820593314,0.06053657089432818,raw
810,0.6583454975486666,17.10227108433735,0.07281311908119475,NaN,NaN,NaN,raw
810,0.6584485950863452,17.099265248493975,0.048419002944523205,NaN,NaN,NaN,raw
810,0.6585421194286027,17.043,0.009,6420.92637,0.6585421194286027,0.9937461592617183,raw
810,0.6587519853948904,17.100265248493976,0.04793120719786333,NaN,NaN,NaN,raw
810,0.6589362070750673,17.10305421686747,0.07295729394437561,NaN,NaN,NaN,raw
810,0.659048711413224,17.100129518072286,0.04792621060895847,NaN,NaN,NaN,raw
810,0.6593345804840015,17.09785222138554,0.049449710495358824,NaN,NaN,NaN,raw
810,0.6595318249832943,17.103289156626506,0.07298427063755959,NaN,NaN,NaN,raw
810,0.6596116546179819,17.097750941265062,0.049442374682831414,NaN,NaN,NaN,raw
810,0.6598922810444492,17.099,0.008,6457.77745,0.6598922810444492,0.8160956295614596,raw
810,0.6599050862396026,17.095823983433736,0.04808066232402704,NaN,NaN,NaN,raw
810,0.6601297856622109,17.102855421686748,0.07240243299613976,NaN,NaN,NaN,raw
810,0.6601826621924082,17.09806494728916,0.050023621023293566,NaN,NaN,NaN,raw
810,0.6604580237384337,17.098990022590364,0.049741712136890534,NaN,NaN,NaN,raw
810,0.6604895243362989,17.192,0.013,7893.90853,0.6604895243362989,0.6182211825034756,raw
810,0.6607296290484808,17.101861445783133,0.0723175578350817,NaN,NaN,NaN,raw
810,0.6607361317585911,17.09553106174699,0.05327139498965721,NaN,NaN,NaN,raw
810,0.6609976708980871,17.09678030873494,0.05389366776941128,NaN,NaN,NaN,raw
810,0.6612597149647272,17.097745858433733,0.0536375812360202,NaN,NaN,NaN,raw
810,0.6612694240357087,17.13,0.015,6531.47915,0.6612694240357087,0.4598106565117632,raw
550,0.6612932310047958,18.7555,0.008247757889514354,NaN,NaN,NaN,raw
810,0.6613105980552436,17.101138554216867,0.07235274756580634,NaN,NaN,NaN,raw
550,0.6614146245738084,18.74614285714286,0.12507773407141493,NaN,NaN,NaN,raw
810,0.6615090922459785,17.227,0.02,7881.74123,0.6615090922459785,0.5930633659627347,raw
810,0.6615261387139613,17.099163968373492,0.05436556589010298,NaN,NaN,NaN,raw
810,0.661793879795151,17.101486822289154,0.0526100897148333,NaN,NaN,NaN,raw
810,0.6618917829711944,17.100048192771084,0.07189789116719555,NaN,NaN,NaN,raw
810,0.6620713553907043,17.099017695783132,0.05082398569333461,NaN,NaN,NaN,raw
810,0.6623455983536897,17.10040737951807,0.05152624401681112,NaN,NaN,NaN,raw
810,0.6624731867421536,17.099975903614457,0.07186350292192029,NaN,NaN,NaN,raw
810,0.6625831694291264,17.169,0.01,5649.84613,0.6625831694291264,0.6972765056179924,raw
810,0.6626279634974652,17.101900602409636,0.0506737299526919,NaN,NaN,NaN,raw
810,0.6626427700684872,17.036,0.011,6436.91957,0.6626427700684872,0.20228494695584232,raw
810,0.6628130863791739,17.027,0.012,6915.62992,0.6628130863791739,0.13630540850863326,raw
810,0.6629184994709435,17.10466999246988,0.0477712988972865,NaN,NaN,NaN,raw
810,0.6630179204330489,17.093,0.012,7185.75192,0.6630179204330489,0.9117921409670089,raw
810,0.6630528805677627,17.099734939759035,0.07197762014763737,NaN,NaN,NaN,raw
810,0.6632190164521922,17.102130271084334,0.050010809772492684,NaN,NaN,NaN,raw
810,0.6633069202580373,17.031,0.009,7129.78081,0.6633069202580373,0.1927936025076633,raw
810,0.6635167843493788,17.103837914156625,0.04884601643302917,NaN,NaN,NaN,raw
810,0.6636237507080142,17.09965060240964,0.0718651824890215,NaN,NaN,NaN,raw
810,0.6638083187566562,17.106648719879516,0.05132451348265551,NaN,NaN,NaN,raw
810,0.6640873427338287,17.10510843373494,0.05216136805728721,NaN,NaN,NaN,raw
810,0.6641896899397898,17.09933734939759,0.07156853500406936,NaN,NaN,NaN,raw
810,0.6642432141052268,17.174,0.014,6208.51587,0.6642432141052268,0.6598524942310178,raw
810,0.6643604587529017,17.10507003012048,0.05216646258714196,NaN,NaN,NaN,raw
810,0.6646304794055692,17.10219954819277,0.054755212193486516,NaN,NaN,NaN,raw
810,0.6646640413500003,17.09695722242849,0.0369082973614825,NaN,NaN,NaN,raw
810,0.6646640413500005,17.096957222428493,0.03714263811168899,NaN,NaN,NaN,raw
810,0.6646640413500005,17.096957222428493,0.0370249115457755,NaN,NaN,NaN,raw
810,0.6647488935325903,17.098602409638556,0.07118493878138811,NaN,NaN,NaN,raw
810,0.6648584353897604,16.991,0.012,7166.63196,0.6648584353897604,0.015292798798327567,raw
810,0.6649022113683242,17.10088704819277,0.05300875404915511,NaN,NaN,NaN,raw
810,0.66492928306252,17.142,0.012,6829.76178,0.66492928306252,0.46927205576139386,raw
810,0.6651669901258234,17.10077296686747,0.05301051762262202,NaN,NaN,NaN,raw
810,0.6653111785966188,17.098897590361446,0.0710251879792781,NaN,NaN,NaN,raw
810,0.6654217670437507,17.09702296686747,0.055080315664684645,NaN,NaN,NaN,raw
810,0.6656826273516052,17.094924887048194,0.05618608788694088,NaN,NaN,NaN,raw
810,0.6656874653435807,17.148,0.012,5663.7531,0.6656874653435807,0.4434888123669225,raw
810,0.6658680581331721,17.098331325301203,0.07040173797391716,NaN,NaN,NaN,raw
810,0.665941058697312,17.09088516566265,0.050769872506628434,NaN,NaN,NaN,raw
550,0.6659804545695459,18.749309523809526,0.011163518695278016,NaN,NaN,NaN,raw
550,0.6659862020481212,18.761714285714284,0.12099868312788076,NaN,NaN,NaN,raw
810,0.6661878307895882,17.090539909638554,0.05074310915022931,NaN,NaN,NaN,raw
810,0.6664228674386522,17.092228162650603,0.05195149588212941,NaN,NaN,NaN,raw
810,0.6664249837626977,17.096987951807233,0.07009698804334738,NaN,NaN,NaN,raw
810,0.6665301010416442,17.147,0.012,5690.86988,0.6665301010416442,0.4447281157827092,raw
810,0.6666657878868478,17.09001675451807,0.05004945025241254,NaN,NaN,NaN,raw
810,0.6669087793319819,17.08867300451807,0.052082450522777594,NaN,NaN,NaN,raw
810,0.6669857959309575,17.09678313253012,0.06983748202492937,NaN,NaN,NaN,raw
810,0.6671554976148628,17.09320425451807,0.0528457367481031,NaN,NaN,NaN,raw
810,0.6674018338653469,17.09436050451807,0.053244394701683,NaN,NaN,NaN,raw
810,0.667523433210634,17.09762048192771,0.06991341356370732,NaN,NaN,NaN,raw
810,0.6676476880782478,17.094316076807228,0.053240358535248625,NaN,NaN,NaN,raw
810,0.6678878003477711,17.09834732680723,0.05317531261401696,NaN,NaN,NaN,raw
810,0.6679620409486233,17.021,0.009,6454.65143,0.6679620409486233,0.12971789270523004,raw
810,0.6680706921385744,17.09764457831325,0.06991284748280846,NaN,NaN,NaN,raw
810,0.6681316425796164,17.101326995481926,0.05585463885041324,NaN,NaN,NaN,raw
810,0.6682653081079479,17.193,0.011,7146.81725,0.6682653081079479,0.632762998515318,raw
810,0.6683596637178358,17.101249623493977,0.0558591985642356,NaN,NaN,NaN,raw
810,0.6684605922528135,17.054,0.009,6066.67725,0.6684605922528135,0.2751681369391008,raw
810,0.6686038216746696,17.098855233433735,0.054259428526670817,NaN,NaN,NaN,raw
810,0.6686319936547824,17.09777108433735,0.07000161475214696,NaN,NaN,NaN,raw
810,0.668770446547569,17.011,0.009,6123.69151,0.668770446547569,0.22540477886832377,raw
810,0.6688335032863034,17.09658640813253,0.05576730225943886,NaN,NaN,NaN,raw
810,0.6690646130761121,17.097305158132528,0.05449629937600905,NaN,NaN,NaN,raw
810,0.6691849471444584,17.15,0.012,5487.49715,0.6691849471444584,0.4421068414721958,raw
810,0.6692025492884568,17.098210843373494,0.06992262478959319,NaN,NaN,NaN,raw
810,0.6692986281095824,17.09377390813253,0.05516373882157392,NaN,NaN,NaN,raw
810,0.6694222854093823,17.01,0.009,6386.86072,0.6694222854093823,0.12927192314600688,raw
810,0.6695272439727886,17.093707266566263,0.05515863727884211,NaN,NaN,NaN,raw
810,0.6696581279065867,17.034,0.012,5365.82077,0.6696581279065867,0.1832990496459388,raw
550,0.6697119776436877,18.678261904761907,0.126265074536147,NaN,NaN,NaN,raw
810,0.6697459390598737,17.088894766566263,0.05695766576254019,NaN,NaN,NaN,raw
810,0.6697788953086011,17.09772891566265,0.07037857805984843,NaN,NaN,NaN,raw
810,0.6697884899240307,17.089,0.013,5464.55264,0.6697884899240307,0.36511410083039664,raw
810,0.6699750933910296,17.08887424698795,0.05695427465849161,NaN,NaN,NaN,raw
810,0.6699943595122022,17.154,0.014,6475.85862,0.6699943595122022,0.49068265854293713,raw
810,0.6702047074606073,17.088888742469877,0.056956465284292955,NaN,NaN,NaN,raw
810,0.6703566237713868,17.098234939759035,0.07024838345382146,NaN,NaN,NaN,raw
810,0.6704184963127773,16.993,0.008,7193.75038,0.6704184963127773,0.020039968283526832,raw
810,0.6704344823844738,17.09060749246988,0.0595379830366976,NaN,NaN,NaN,raw
550,0.6705405370867084,18.74007142857143,0.12598013536067676,NaN,NaN,NaN,raw
810,0.6706541338033756,17.090676769578312,0.05954668979200467,NaN,NaN,NaN,raw
810,0.6707080714313634,17.172,0.01,5656.8019,0.6707080714313634,0.575270143119269,raw
810,0.6708639658106461,17.09243862951807,0.060583810191330675,NaN,NaN,NaN,raw
810,0.6709006804485398,17.13,0.012,6891.64507,0.6709006804485398,0.834084993453871,raw
810,0.6709202153805925,17.098313253012048,0.07022732399439968,NaN,NaN,NaN,raw
810,0.6709905128827813,17.16,0.01,5657.84494,0.6709905128827813,0.8062729628873058,raw
810,0.6710634837082616,17.094799322289155,0.05916553300560627,NaN,NaN,NaN,raw
810,0.6712629097773005,17.091779179216868,0.061438588824035814,NaN,NaN,NaN,raw
810,0.6714267021270643,17.195,0.013,6098.66183,0.6714267021270643,0.6883528365688107,raw
810,0.6714653015219655,17.08887292921687,0.05863153180661521,NaN,NaN,NaN,raw
810,0.6714863663628092,17.09686144578313,0.0700417110901961,NaN,NaN,NaN,raw
810,0.6716669895203209,17.090198795180722,0.05829625458483646,NaN,NaN,NaN,raw
810,0.671879852795715,17.08908094879518,0.05848901142080129,NaN,NaN,NaN,raw
810,0.672056268723906,17.097379518072287,0.06996635946464583,NaN,NaN,NaN,raw
810,0.6720895650111136,17.091728350903615,0.05673168864866561,NaN,NaN,NaN,raw
810,0.6720987051048724,17.026,0.011,6096.57618,0.6720987051048724,0.22726694240373035,raw
810,0.6722539486636379,17.014,0.011,5327.92812,0.6722539486636379,0.13309100538026541,raw
810,0.6723040017670373,17.09003708584337,0.055736457757837,NaN,NaN,NaN,raw
810,0.67241776413357,17.029,0.01,7140.90869,0.67241776413357,0.9946915719447134,raw
810,0.6725352638770191,17.089958960843372,0.05572638233280911,NaN,NaN,NaN,raw
550,0.6726091937962337,18.533,0.016,6005.84042,0.6726091937962337,0.1486732031335123,raw
810,0.6726268862192184,17.096765060240962,0.07017872583406826,NaN,NaN,NaN,raw
810,0.6726857081303024,16.994,0.009,6499.49957,0.6726857081303024,0.05732067050666956,raw
550,0.6727549894926813,18.672595238095237,0.12091530881059555,NaN,NaN,NaN,raw
810,0.6727770834222915,17.092640060240964,0.05378539223706802,NaN,NaN,NaN,raw
810,0.6730289472990013,17.094579442771085,0.05271089848284295,NaN,NaN,NaN,raw
810,0.6732009967301609,17.097674698795178,0.07048165175956941,NaN,NaN,NaN,raw
810,0.6732782737879062,17.09086916415663,0.05652283992819663,NaN,NaN,NaN,raw
550,0.6735007529707564,18.74254578754579,0.07151207519329633,NaN,NaN,NaN,raw
550,0.6735007529707564,18.742545787545787,0.07082112106473648,NaN,NaN,NaN,raw
810,0.6735276501170289,17.090931664156628,0.05652181217084884,NaN,NaN,NaN,raw
810,0.6737726339891865,17.097451807228914,0.070277938020916,NaN,NaN,NaN,raw
810,0.6737863976966765,17.089134789156624,0.05535406382752999,NaN,NaN,NaN,raw
810,0.6738828986053704,17.202,0.013,5435.69934,0.6738828986053704,0.6495579767906747,raw
810,0.6740146413358161,17.099,0.014,7681.50075,0.6740146413358161,0.29014544168967404,raw
810,0.6740512313520342,17.089099774096383,0.0553484758033339,NaN,NaN,NaN,raw
810,0.67423805744329,17.154,0.016,6109.78752,0.67423805744329,0.4855665214381588,raw
810,0.674324766507236,17.095912274096385,0.056541860165520305,NaN,NaN,NaN,raw
810,0.6743466136723185,17.0965421686747,0.07008882696672401,NaN,NaN,NaN,raw
810,0.6744523263478186,17.001,0.013,7261.543,0.6744523263478186,0.024571318444941426,raw
810,0.6745933622091613,17.090974774096384,0.05658182601608574,NaN,NaN,NaN,raw
810,0.6747418439372268,17.1,0.012,7228.51661,0.6747418439372268,0.3830146986001637,raw
810,0.6748587350527376,17.089933923192767,0.05614544863298241,NaN,NaN,NaN,raw
810,0.6749146082001861,17.096427710843376,0.07000331734694071,NaN,NaN,NaN,raw
550,0.6751152375951018,18.744714285714284,0.12861596298308328,NaN,NaN,NaN,raw
810,0.675141157926472,17.089837914156625,0.05613328321317873,NaN,NaN,NaN,raw
810,0.6754391554545852,17.087788215361442,0.054667042587232345,NaN,NaN,NaN,raw
810,0.6754436184673978,17.062,0.009,6459.86874,0.6754436184673978,0.289245160694918,raw
810,0.6754812374403233,17.09571686746988,0.07010613999700241,NaN,NaN,NaN,raw
550,0.6756156489873412,18.719597738240594,0.06471535413011552,NaN,NaN,NaN,raw
550,0.6756156489873412,18.719597738240598,0.06236127563435809,NaN,NaN,NaN,raw
550,0.6756156489873414,18.719597738240594,0.06024671597269645,NaN,NaN,NaN,raw
810,0.6757395713043072,17.081975715361445,0.05275480195746746,NaN,NaN,NaN,raw
550,0.6760273662817954,18.673190476190474,0.12141691820833844,NaN,NaN,NaN,raw
810,0.6760398944590075,17.08189702560241,0.05273375575220035,NaN,NaN,NaN,raw
810,0.6760469233340153,17.09587951807229,0.07023603453815659,NaN,NaN,NaN,raw
810,0.6763360120306388,17.08197891566265,0.05276060186542287,NaN,NaN,NaN,raw
810,0.6766029368078768,17.095710843373496,0.07004440671468125,NaN,NaN,NaN,raw
810,0.6766316906792653,17.08663516566265,0.05421570307808458,NaN,NaN,NaN,raw
810,0.676664483239259,17.093859858481544,0.038095856142048946,NaN,NaN,NaN,raw
810,0.6769257433809641,17.089120858433734,0.05257674521941284,NaN,NaN,NaN,raw
810,0.6771605108580997,17.09579518072289,0.0699428786915731,NaN,NaN,NaN,raw
810,0.6772233115165434,17.088620858433735,0.0532388427638214,NaN,NaN,NaN,raw
810,0.6775200570940642,17.090190700301203,0.054218358091728903,NaN,NaN,NaN,raw
810,0.6777177719612988,17.096060240963855,0.0698554090047028,NaN,NaN,NaN,raw
810,0.677757342953555,16.979,0.011,7826.81861,0.677757342953555,0.11672488512340351,raw
810,0.677768532455957,17.091,0.011,6468.56073,0.677768532455957,0.8809139360037079,raw
810,0.6778181934155362,17.093303840361443,0.05129846914760176,NaN,NaN,NaN,raw
810,0.6781176441881529,17.09317752259036,0.0512923354895923,NaN,NaN,NaN,raw
810,0.6782742820609289,17.096499999999995,0.06985680158204156,NaN,NaN,NaN,raw
810,0.6784167608029572,17.093083960843373,0.05128701767408308,NaN,NaN,NaN,raw
810,0.6787233017546266,17.093271460843376,0.051707293772901654,NaN,NaN,NaN,raw
810,0.6788313007428298,17.09711445783132,0.06954810087384712,NaN,NaN,NaN,raw
810,0.6790259100203964,17.090958960843373,0.053079375228368246,NaN,NaN,NaN,raw
810,0.679171621279238,17.211,0.014,7923.81269,0.679171621279238,0.5815066584218584,raw
810,0.6793031338929723,17.014,0.01,6103.53163,0.6793031338929723,0.10457611823403568,raw
550,0.6793069068725822,18.761857142857142,0.03219836477024311,NaN,NaN,NaN,raw
810,0.6793257613611383,17.091521460843374,0.053858648547210446,NaN,NaN,NaN,raw
810,0.6793926114429838,17.096692771084335,0.06902091607996068,NaN,NaN,NaN,raw
810,0.6796247014829588,17.091473079819277,0.05385468819974798,NaN,NaN,NaN,raw
810,0.6799335948549525,17.091785579819277,0.05333931675768281,NaN,NaN,NaN,raw
810,0.6799577473400925,17.095240963855417,0.0691998581819261,NaN,NaN,NaN,raw
810,0.6802375074241183,17.091410579819275,0.053321882572437036,NaN,NaN,NaN,raw
550,0.6803576674540507,18.74185714285714,0.13106361176798928,NaN,NaN,NaN,raw
810,0.6805264337824035,17.094409638554215,0.06899196899149286,NaN,NaN,NaN,raw
810,0.6805365779621948,17.09138422439759,0.05331953113491882,NaN,NaN,NaN,raw
810,0.6808193816716053,17.09407172439759,0.053954261638458824,NaN,NaN,NaN,raw
810,0.681040009318167,17.009,0.016,5315.76352,0.681040009318167,0.11370833419823612,raw
810,0.681096707313219,17.094343373493977,0.06896478801625017,NaN,NaN,NaN,raw
810,0.6811077794011491,17.097268072289157,0.056998692774044145,NaN,NaN,NaN,raw
810,0.6813824231434238,17.0956468373494,0.057772029975356735,NaN,NaN,NaN,raw
810,0.6815320310161042,17.1,0.01,7187.84424,0.6815320310161042,0.3871447831079422,raw
810,0.6815604218609224,17.175,0.012,5664.80156,0.6815604218609224,0.6860847017032938,raw
810,0.6816465826186497,17.09564006024096,0.057772034944865935,NaN,NaN,NaN,raw
810,0.6816636351180033,17.093542168674702,0.06833594399237457,NaN,NaN,NaN,raw
810,0.681894288526795,17.09283396084337,0.05990562222710142,NaN,NaN,NaN,raw
810,0.6819399444721057,17.013,0.012,5448.56509,0.6819399444721057,0.16866033953192527,raw
810,0.6821227446998819,17.147,0.017,5321.6739,0.6821227446998819,0.7556726365255599,raw
810,0.6821324139356827,17.094707078313252,0.06093795263624948,NaN,NaN,NaN,raw
810,0.6822260704174072,17.09362048192772,0.06827125444877048,NaN,NaN,NaN,raw
810,0.6823720686653084,17.099613328313254,0.05754749857966407,NaN,NaN,NaN,raw
550,0.6824478155685938,18.799,0.014,6516.53768,0.6824478155685938,0.5008621008655609,raw
810,0.6826176623543225,17.09978143825301,0.057529379907743296,NaN,NaN,NaN,raw
550,0.6826563465827001,18.749619047619046,0.045993862353032836,NaN,NaN,NaN,raw
810,0.682783421453897,17.093632530120487,0.06825960180376223,NaN,NaN,NaN,raw
810,0.6828585564445506,17.10292206325301,0.06003320700119483,NaN,NaN,NaN,raw
810,0.6830844167959274,17.099605986445784,0.06321098835105889,NaN,NaN,NaN,raw
810,0.6833003819249004,17.095574736445784,0.05990471297923525,NaN,NaN,NaN,raw
810,0.6833443656629264,17.094457831325304,0.06843520292148414,NaN,NaN,NaN,raw
810,0.6835157644802241,17.098161332831324,0.058026332171992094,NaN,NaN,NaN,raw
810,0.6836922090587905,17.208,0.016,7196.88382,0.6836922090587905,0.7222886601593927,raw
810,0.683698105840449,17.025,0.011,6183.49203,0.683698105840449,0.13529197744719568,raw
810,0.6837460731067999,17.09815267319277,0.05802657908137013,NaN,NaN,NaN,raw
810,0.6838333003470325,17.172,0.01,7191.66916,0.6838333003470325,0.5684295903902239,raw
810,0.6839126975705713,17.09499397590362,0.06836244733707658,NaN,NaN,NaN,raw
810,0.6839765037400469,17.09819653614458,0.0580248375652571,NaN,NaN,NaN,raw
550,0.6841033394590096,18.733395807895807,0.0723737139779175,NaN,NaN,NaN,raw
810,0.6842068436548281,17.098273155120484,0.05802129448541561,NaN,NaN,NaN,raw
810,0.6843369142516167,17.011,0.012,6564.51366,0.6843369142516167,0.11873549128358718,raw
810,0.6844385366463523,17.101,0.055694155487906315,NaN,NaN,NaN,raw
810,0.6844670461505302,17.088,0.01,6768.9303,0.6844670461505302,0.3542204655313981,raw
810,0.6844848654186371,17.095584337349397,0.06854214891172454,NaN,NaN,NaN,raw
810,0.6844933371685329,17.148,0.01,6079.89342,0.6844933371685329,0.5437988093362947,raw
550,0.6846088003963121,18.74438095238095,0.04816348293505567,NaN,NaN,NaN,raw
810,0.684680316293512,17.103426769578313,0.057069635507476686,NaN,NaN,NaN,raw
810,0.6847099647857249,17.198,0.011,5713.82092,0.6847099647857249,0.5356881524166965,raw
810,0.6848355230868037,17.044,0.011,5715.5592,0.6848355230868037,0.2537695122373407,raw
810,0.6849140434407268,17.1032765436747,0.05708527181862397,NaN,NaN,NaN,raw
810,0.6850337397553385,17.094441189482914,0.03737458599848085,NaN,NaN,NaN,raw
810,0.6850337397553385,17.094441189482914,0.03725687047459329,NaN,NaN,NaN,raw
810,0.6850337397553387,17.09444118948291,0.037493424409657056,NaN,NaN,NaN,raw
810,0.6850560400151109,17.095493975903615,0.06842405628608875,NaN,NaN,NaN,raw
810,0.6850870999187464,17.006,0.009,7593.54984,0.6850870999187464,0.16818634982337244,raw
550,0.6851635567254561,18.708,0.026,6114.65838,0.6851635567254561,0.9040570823908638,raw
810,0.6851644196439806,17.10077277861446,0.055575066643482066,NaN,NaN,NaN,raw
810,0.6853377850457036,17.156,0.011,6882.61126,0.6853377850457036,0.5112828159253695,raw
810,0.6854262943015783,17.136,0.011,7907.82309,0.6854262943015783,0.3806680645357119,raw
810,0.6854290964088647,17.10078049698795,0.055574047190438035,NaN,NaN,NaN,raw
810,0.6856275305044072,17.09637951807229,0.06824888012674067,NaN,NaN,NaN,raw
810,0.6856953118246281,17.100124246987953,0.05675547891084207,NaN,NaN,NaN,raw
810,0.6859631350414366,17.098434111445783,0.05611621971990831,NaN,NaN,NaN,raw
810,0.6859828929482319,17.197,0.013,5804.5573,0.6859828929482319,0.6156080361797649,raw
810,0.6860588319868839,16.991,0.011,7083.89928,0.6860588319868839,0.054828802230986184,raw
810,0.6860825054063753,17.082,0.008,6510.62894,0.6860825054063753,0.8624056646040117,raw
810,0.68619537566333,17.096771084337355,0.06801137610745138,NaN,NaN,NaN,raw
550,0.6862150288948864,18.726142857142857,0.12792717708666348,NaN,NaN,NaN,raw
810,0.6862422756536191,17.100602221385543,0.05725300220277332,NaN,NaN,NaN,raw
810,0.6865069612017269,17.10057868975904,0.057256113894891894,NaN,NaN,NaN,raw
810,0.6867624874934095,17.096415662650607,0.06773264372458726,NaN,NaN,NaN,raw
810,0.6867716299198352,17.100525978915666,0.057262706665177895,NaN,NaN,NaN,raw
810,0.6870281147471675,17.099400978915664,0.05540668275031531,NaN,NaN,NaN,raw
810,0.6872891929515705,17.099900978915663,0.05478229169084194,NaN,NaN,NaN,raw
810,0.6873315276039998,17.096644578313256,0.06787350222112086,NaN,NaN,NaN,raw
810,0.6875483735787244,17.099525978915665,0.0543118853100495,NaN,NaN,NaN,raw
550,0.6877713545947612,18.751047619047622,0.05954355862853394,NaN,NaN,NaN,raw
810,0.6878113959025601,17.101276167168677,0.05505839192832055,NaN,NaN,NaN,raw
810,0.6878973110553971,17.096861445783137,0.06766503117532459,NaN,NaN,NaN,raw
810,0.6880627442928501,17.10382153614458,0.05257712621756695,NaN,NaN,NaN,raw
810,0.6883189945073839,17.10560278614458,0.052987763002948225,NaN,NaN,NaN,raw
810,0.6884541850469474,17.096259036144584,0.0673918375349573,NaN,NaN,NaN,raw
810,0.6885833814746105,17.105524849397593,0.05300480530649638,NaN,NaN,NaN,raw
810,0.6888336560223252,17.172,0.009,6750.85416,0.6888336560223252,0.690392318456361,raw
810,0.6888586551017637,17.101618599397593,0.05436220284778197,NaN,NaN,NaN,raw
810,0.6890112997269784,17.095192771084342,0.06764962457399025,NaN,NaN,NaN,raw
810,0.6891335016596152,17.098347515060244,0.051446723679328246,NaN,NaN,NaN,raw
810,0.6894052399146524,17.097441265060244,0.05267569719395482,NaN,NaN,NaN,raw
810,0.6895724603650432,17.094879518072293,0.06775685542242967,NaN,NaN,NaN,raw
810,0.6896865900220831,17.097366905120484,0.05268021410599631,NaN,NaN,NaN,raw
810,0.6899844748466538,17.100090361445783,0.04998834338437175,NaN,NaN,NaN,raw
550,0.6900487388779549,18.75897619047619,0.05205865673926433,NaN,NaN,NaN,raw
810,0.6901332915942958,17.09378915662651,0.06817382508824922,NaN,NaN,NaN,raw
810,0.6902919346958581,17.098137801204818,0.04894340915047614,NaN,NaN,NaN,raw
810,0.6904588377765322,16.992,0.01,5764.57942,0.6904588377765322,0.10521245369454846,raw
810,0.6905977385498202,17.093512801204817,0.05213860727752062,NaN,NaN,NaN,raw
810,0.6906930876377527,17.092915662650604,0.06851908910206277,NaN,NaN,NaN,raw
810,0.6909133115853638,17.093398531626505,0.05213612872907507,NaN,NaN,NaN,raw
810,0.6911585700072465,17.163,0.011,5716.60434,0.6911585700072465,0.4892641117276071,raw
810,0.6912287004060591,17.091961031626507,0.04976784601110411,NaN,NaN,NaN,raw
810,0.6912533589933534,17.09287951807229,0.06855299168422373,NaN,NaN,NaN,raw
550,0.6914134238313298,18.75972214954358,0.05449745461122644,NaN,NaN,NaN,raw
550,0.6914134238313298,18.759722149543574,0.05251506128744328,NaN,NaN,NaN,raw
550,0.6914134238313298,18.759722149543578,0.050734369197704576,NaN,NaN,NaN,raw
810,0.6915457836525594,17.093398531626505,0.04736388085004515,NaN,NaN,NaN,raw
810,0.6918137646423885,17.09277108433735,0.06842528777653724,NaN,NaN,NaN,raw
810,0.6918643077052189,17.09372439759036,0.04731877872411796,NaN,NaN,NaN,raw
810,0.6918997235334245,17.172,0.011,7851.85413,0.6918997235334245,0.6662682529349695,raw
550,0.6919354781639413,18.819,0.016,6075.72424,0.6919354781639413,0.626161579582913,raw
550,0.6919957095750371,18.731785714285714,0.13206593840923558,NaN,NaN,NaN,raw
810,0.6920526083813456,17.041,0.011,6167.50316,0.6920526083813456,0.9360148117502831,raw
810,0.6921270804159576,17.16,0.013,6338.89329,0.6921270804159576,0.5296864930260199,raw
810,0.6921965394626516,17.093580760542167,0.0473162082552136,NaN,NaN,NaN,raw
810,0.692329411933315,17.151,0.01,6845.76308,0.692329411933315,0.6951362795261957,raw
810,0.692380062740896,17.092451807228915,0.06855244019960334,NaN,NaN,NaN,raw
810,0.6925221663980337,17.091661521084337,0.04842997204005631,NaN,NaN,NaN,raw
810,0.6926670530156116,17.145,0.009,6395.90763,0.6926670530156116,0.48009425037162146,raw
550,0.6927973951729829,18.817595238095237,0.08511583743530383,NaN,NaN,NaN,raw
810,0.6928333637256062,17.08745387801205,0.05356035811668572,NaN,NaN,NaN,raw
810,0.6929452483698872,17.093090361445785,0.06868565394644201,NaN,NaN,NaN,raw
810,0.693129499686731,17.087293862951807,0.05353899038314852,NaN,NaN,NaN,raw
810,0.6933020932374347,17.023,0.008,6725.82511,0.6933020932374347,0.15468791007515392,raw
810,0.6934256704125273,17.08713478915663,0.05351905247764034,NaN,NaN,NaN,raw
810,0.693505054636974,17.09332530120482,0.06881043057538104,NaN,NaN,NaN,raw
810,0.6935311472479952,17.015,0.01,7605.72043,0.6935311472479952,0.20038128793021315,raw
810,0.6937274057547409,17.08463610692771,0.051247390955236935,NaN,NaN,NaN,raw
810,0.6940257274065422,17.08444258283133,0.05121792447882843,NaN,NaN,NaN,raw
810,0.6940592434528912,17.093114457831323,0.06900350563344061,NaN,NaN,NaN,raw
810,0.694318623662997,17.086446347891567,0.052867132872158135,NaN,NaN,NaN,raw
550,0.6944609977799701,18.902,0.019,5819.50908,0.6944609977799701,0.5966090913188964,raw
810,0.6945973552379191,17.086412650602412,0.05286264508567851,NaN,NaN,NaN,raw
810,0.69461941430501,17.09315060240964,0.06896179157043847,NaN,NaN,NaN,raw
550,0.694862137815324,18.78607142857143,0.10046445711224088,NaN,NaN,NaN,raw
810,0.6948662286996968,17.08925640060241,0.0499894675840526,NaN,NaN,NaN,raw
810,0.6951303661897825,17.086821536144576,0.051674621494139504,NaN,NaN,NaN,raw
810,0.6951765002202438,17.093518072289154,0.06932625746745044,NaN,NaN,NaN,raw
810,0.6952120176283643,16.988,0.01,5726.68752,0.6952120176283643,0.05660861647447746,raw
810,0.6953944311505599,17.084613328313253,0.049789715781431584,NaN,NaN,NaN,raw
810,0.6956727433779769,17.084608998493977,0.049788979766522586,NaN,NaN,NaN,raw
810,0.6957258676418049,17.09272289156626,0.06910805123520387,NaN,NaN,NaN,raw
810,0.6959347387632273,17.081334902108434,0.052600400467040224,NaN,NaN,NaN,raw
810,0.6960753352104803,17.151,0.014,7249.73051,0.6960753352104803,0.7583317701228225,raw
810,0.6962054958748922,17.037,0.011,7223.65701,0.6962054958748922,0.9886086327296653,raw
810,0.6962100080312799,17.078858810240963,0.04999521317646756,NaN,NaN,NaN,raw
810,0.696275275091477,17.092427710843374,0.06878533285035454,NaN,NaN,NaN,raw
810,0.6964855351481352,17.081015060240965,0.04979728729952051,NaN,NaN,NaN,raw
810,0.6967707909365357,17.078910391566264,0.04773173741610928,NaN,NaN,NaN,raw
810,0.6968267919011785,17.092174698795176,0.06899336523810404,NaN,NaN,NaN,raw
810,0.6970557331282192,17.077816641566265,0.04640923421017149,NaN,NaN,NaN,raw
810,0.6971825494256336,17.035,0.011,7876.88657,0.6971825494256336,0.20922367715320433,raw
810,0.6972898420863203,16.962,0.013,5794.47946,0.6972898420863203,0.05968548558303155,raw
810,0.697350189289625,17.077815888554216,0.046408989282359044,NaN,NaN,NaN,raw
810,0.6973736618113884,17.09174096385542,0.06864435625108561,NaN,NaN,NaN,raw
810,0.6976453726446037,17.077909638554218,0.04655189483381937,NaN,NaN,NaN,raw
550,0.6977268429069401,18.72814285714286,0.17203007568089865,NaN,NaN,NaN,raw
810,0.6979316482724331,17.091168674698796,0.06875292950710309,NaN,NaN,NaN,raw
810,0.6979392072385797,17.077885730421684,0.046544042611817854,NaN,NaN,NaN,raw
550,0.6981297060909648,18.72442857142857,0.12488808176536643,NaN,NaN,NaN,raw
810,0.6982225862437479,17.078354480421687,0.04604632373666746,NaN,NaN,NaN,raw
810,0.6984891869731611,17.092042168674695,0.06864924925406782,NaN,NaN,NaN,raw
810,0.6985161822665151,17.078329442771086,0.046038137872181494,NaN,NaN,NaN,raw
810,0.6985575925846206,17.089,0.011,5655.76864,0.6985575925846206,0.3651861832004215,raw
810,0.6988137459075989,17.082798192771083,0.04662913474474392,NaN,NaN,NaN,raw
810,0.6989451405715954,17.159,0.013,6490.46987,0.6989451405715954,0.7433095475771552,raw
810,0.6990527019918017,17.092710843373492,0.06888524143653164,NaN,NaN,NaN,raw
810,0.6990627885534195,17.083,0.016,7300.48805,0.6990627885534195,0.32580268638230336,raw
810,0.6991027555116487,17.085544615963855,0.049740734635760335,NaN,NaN,NaN,raw
810,0.699145487320493,17.015,0.01,7604.67944,0.699145487320493,0.9737633007480326,raw
810,0.6993788459407793,17.085547063253014,0.049741122853861515,NaN,NaN,NaN,raw
810,0.6996086487521229,17.09233734939759,0.06868051236257829,NaN,NaN,NaN,raw
810,0.699654602109212,17.085518072289158,0.04973659733708065,NaN,NaN,NaN,raw
810,0.6999345410254767,17.089986822289156,0.047043357705384314,NaN,NaN,NaN,raw
550,0.6999688471850755,18.705142857142857,0.13851066414407404,NaN,NaN,NaN,raw
810,0.7001593502706991,17.092740963855423,0.0687393787474145,NaN,NaN,NaN,raw
810,0.7001976169703994,16.988,0.011,6717.83162,0.7001976169703994,0.057070628101428156,raw
810,0.7002101373522291,17.08995971385542,0.04704198012035798,NaN,NaN,NaN,raw
810,0.7004904385250084,17.090365963855422,0.04763847418154855,NaN,NaN,NaN,raw
550,0.7005898248498852,18.558,0.014,6020.79898,0.7005898248498852,0.1441762899466994,raw
810,0.7007083401111077,17.092765060240964,0.0687313539386412,NaN,NaN,NaN,raw
810,0.7007680048498439,17.092064194277107,0.046632707805001734,NaN,NaN,NaN,raw
810,0.7008694761207153,17.11,0.012,7172.90213,0.7008694761207153,0.4268273041179782,raw
810,0.7010603555500706,17.092004894578313,0.04663343714740322,NaN,NaN,NaN,raw
550,0.701187010614376,18.833,0.014,7222.6158,0.701187010614376,0.7615200781474414,raw
550,0.7012496219686,18.654666666666667,0.15462319791458537,NaN,NaN,NaN,raw
810,0.7012552656447755,17.092650602409638,0.06886225754930211,NaN,NaN,NaN,raw
810,0.7013446054210519,17.089936935240964,0.048070771736008176,NaN,NaN,NaN,raw
810,0.7014475620671874,17.116,0.009,6021.84222,0.7014475620671874,0.37560689826204907,raw
810,0.7016221361852033,17.09003068524096,0.04796297937042145,NaN,NaN,NaN,raw
810,0.7018026599058781,17.092427710843378,0.06865039374095831,NaN,NaN,NaN,raw
810,0.70189954772601,17.094020896084338,0.04189565917177988,NaN,NaN,NaN,raw
550,0.7019720304415387,18.573,0.012,7593.55571,0.7019720304415387,0.1807419436172495,raw
810,0.7021129203749297,17.148,0.01,5377.65206,0.7021129203749297,0.48975072119901597,raw
810,0.7021827487760811,17.092403990963856,0.042971120412234776,NaN,NaN,NaN,raw
810,0.7023479553771207,17.092325301204824,0.06872820574596895,NaN,NaN,NaN,raw
810,0.7023702214028162,17.038,0.012,7277.54448,0.7023702214028162,0.25082055190068786,raw
550,0.7024512600278069,18.70847619047619,0.13034556373883355,NaN,NaN,NaN,raw
810,0.7024516633924824,17.09355496987952,0.04342780090996235,NaN,NaN,NaN,raw
810,0.7027084264616854,17.09348550451807,0.043432076397877696,NaN,NaN,NaN,raw
810,0.7029001273655253,17.092524096385546,0.06853317726139777,NaN,NaN,NaN,raw
810,0.7029676268647216,17.092141754518074,0.04423313427653963,NaN,NaN,NaN,raw
810,0.7030531837626768,17.158,0.01,6022.88572,0.7030531837626768,0.6075936316829029,raw
810,0.7032269413793106,17.090013177710844,0.04251764014598454,NaN,NaN,NaN,raw
810,0.7033075507824833,17.181,0.016,5706.87444,0.7033075507824833,0.6775652928299678,raw
810,0.7034543080371914,17.093228915662653,0.06862234379491854,NaN,NaN,NaN,raw
550,0.7034544415956979,18.71147619047619,0.13467620529294935,NaN,NaN,NaN,raw
810,0.7034999497469722,17.0899437123494,0.042514906314759314,NaN,NaN,NaN,raw
810,0.7037729446636855,17.0932249623494,0.045880392953347754,NaN,NaN,NaN,raw
810,0.7040006976100911,17.092590361445787,0.06906010314160536,NaN,NaN,NaN,raw
810,0.704048515826687,17.0971624623494,0.044331052494041435,NaN,NaN,NaN,raw
810,0.7041700629488332,17.131,0.01,5687.75414,0.7041700629488332,0.7803387101357657,raw
550,0.704194739027506,18.719428571428573,0.1291246948232084,NaN,NaN,NaN,raw
550,0.7041965553180489,18.842,0.013,7904.70079,0.7041965553180489,0.7022471946147562,raw
810,0.7043110217706632,17.096620670180723,0.04449755645859989,NaN,NaN,NaN,raw
810,0.7045449500978811,17.09185542168675,0.06864367944685745,NaN,NaN,NaN,raw
810,0.7045664657696491,17.096551204819278,0.044505542829957376,NaN,NaN,NaN,raw
810,0.7048376232108917,17.099740587349398,0.03989352886920048,NaN,NaN,NaN,raw
550,0.7048536239386137,18.7142193877551,0.08100029888556502,NaN,NaN,NaN,raw
550,0.7048536239386137,18.714219387755104,0.07805384105775104,NaN,NaN,NaN,raw
550,0.7048536239386138,18.7142193877551,0.07540717448367067,NaN,NaN,NaN,raw
810,0.7050449727394152,17.164,0.011,6449.79726,0.7050449727394152,0.7469262858303409,raw
810,0.7050876182696351,17.091343373493977,0.06867443738220712,NaN,NaN,NaN,raw
810,0.7050934912576907,17.099497929216867,0.03996088639944805,NaN,NaN,NaN,raw
810,0.705360521038556,17.09889175451807,0.039943558625631426,NaN,NaN,NaN,raw
810,0.7056178491527983,17.10002767319277,0.0402758186688703,NaN,NaN,NaN,raw
810,0.7056304974987296,17.09053012048193,0.06785266343882877,NaN,NaN,NaN,raw
550,0.7056667325333755,18.766666666666666,0.06593895342080597,NaN,NaN,NaN,raw
810,0.7058722907811837,17.09646517319277,0.04371261467771415,NaN,NaN,NaN,raw
810,0.7059227877725789,17.026,0.011,7224.70333,0.7059227877725789,0.2266271846365271,raw
810,0.7060635338784778,17.038,0.01,5813.60311,0.7060635338784778,0.9640775264069816,raw
810,0.7061270748362248,17.09639589608434,0.04372097566346676,NaN,NaN,NaN,raw
810,0.7061670113921372,17.08968674698795,0.06774138481927104,NaN,NaN,NaN,raw
810,0.7063818238883713,17.097020896084338,0.04461624876098155,NaN,NaN,NaN,raw
810,0.7064360954136646,17.04,0.009,6447.71186,0.7064360954136646,0.286375127347128,raw
810,0.7065369159972761,17.128,0.011,6859.67391,0.7065369159972761,0.4496049051958835,raw
810,0.7066365154542229,17.096957266566264,0.04462461255077585,NaN,NaN,NaN,raw
810,0.7067056051876545,17.089819277108436,0.06765718301865452,NaN,NaN,NaN,raw
810,0.7068520054817782,17.046,0.012,5989.86055,0.7068520054817782,0.9686465219620004,raw
810,0.7069021960246875,17.101176016566264,0.04524807755018729,NaN,NaN,NaN,raw
810,0.707141012842244,17.092329140136496,0.02990036056993331,NaN,NaN,NaN,raw
810,0.707141012842244,17.092329140136496,0.029805588982657026,NaN,NaN,NaN,raw
810,0.707141012842244,17.092329140136496,0.029711712878664507,NaN,NaN,NaN,raw
810,0.7071565660714718,17.10108942018072,0.04526781721051385,NaN,NaN,NaN,raw
810,0.7072432050384463,17.090885542168678,0.06805473845418782,NaN,NaN,NaN,raw
810,0.7074228251866834,17.09898719879518,0.04408625737578377,NaN,NaN,NaN,raw
810,0.7076977578601689,17.096161709337352,0.041480885916478506,NaN,NaN,NaN,raw
810,0.7077889697569713,17.09048795180723,0.06823486516186772,NaN,NaN,NaN,raw
810,0.7077986258882447,17.188,0.01,6105.62742,0.7077986258882447,0.5873508916283754,raw
810,0.7079637645365437,17.141,0.01,6354.89057,0.7079637645365437,0.7469521670373069,raw
810,0.7079846980185829,17.096072100903616,0.04149052189393669,NaN,NaN,NaN,raw
810,0.7080088389593584,17.075,0.01,6034.70745,0.7080088389593584,0.8935970107850153,raw
810,0.7082565324016192,17.096241152108433,0.041486898591633466,NaN,NaN,NaN,raw
810,0.7083335582382493,17.090518072289157,0.06820954548782265,NaN,NaN,NaN,raw
810,0.7085376531217731,17.094977786144582,0.04100705246342003,NaN,NaN,NaN,raw
550,0.7086089032545715,18.738571428571426,0.11881447353281101,NaN,NaN,NaN,raw
550,0.7087113963031394,18.768642857142854,0.06387180240808284,NaN,NaN,NaN,raw
810,0.7088237535346569,17.094933546686747,0.041011293018272735,NaN,NaN,NaN,raw
810,0.7088746550901646,17.090060240963858,0.06790016725066925,NaN,NaN,NaN,raw
810,0.7088961176086741,17.085,0.009,6417.81505,0.7088961176086741,0.33881088045927754,raw
810,0.7091111560415286,17.09263685993976,0.03902866859800684,NaN,NaN,NaN,raw
810,0.7094144197622348,17.09260410391566,0.03903022904905228,NaN,NaN,NaN,raw
810,0.7094144291084004,17.090602409638556,0.0674623018876219,NaN,NaN,NaN,raw
810,0.7094897653005319,17.129,0.01,6419.90114,0.7094897653005319,0.8008379094226257,raw
810,0.70958969417552,17.002,0.012,5285.87578,0.70958969417552,0.18554429782489024,raw
810,0.7097165591544612,17.0946812876506,0.04065138256621547,NaN,NaN,NaN,raw
810,0.7099557496671932,17.090210843373498,0.06735071574980982,NaN,NaN,NaN,raw
810,0.710011122696459,17.09668222891566,0.03869024033529773,NaN,NaN,NaN,raw
810,0.7102648900436179,17.168,0.011,7858.81346,0.7102648900436179,0.5518765265369439,raw
810,0.7103187276204432,17.098305346385544,0.037210182526183716,NaN,NaN,NaN,raw
810,0.7104980854843694,17.09028915662651,0.06742583447341179,NaN,NaN,NaN,raw
810,0.7106404594450939,17.098341867469877,0.03720202328601248,NaN,NaN,NaN,raw
810,0.7108719996576838,17.173,0.015,7066.87319,0.7108719996576838,0.6369974634271784,raw
810,0.7109710929102449,17.099929781626507,0.03568496841119292,NaN,NaN,NaN,raw
810,0.7110399688626238,17.089753012048195,0.06732593149358308,NaN,NaN,NaN,raw
810,0.7112986842932287,17.099742281626504,0.03554822188977317,NaN,NaN,NaN,raw
810,0.7115734754494503,17.090728915662655,0.06749719640439485,NaN,NaN,NaN,raw
810,0.711638301215024,17.09978049698795,0.03553786607437489,NaN,NaN,NaN,raw
810,0.7119907389147192,17.10117206325301,0.03421110868186641,NaN,NaN,NaN,raw
810,0.7121053963340175,17.090584337349398,0.06730222740593848,NaN,NaN,NaN,raw
810,0.7123344071662978,17.09808189006024,0.039263194659866434,NaN,NaN,NaN,raw
550,0.7123706416841742,18.694642857142856,0.06497939233765734,NaN,NaN,NaN,raw
810,0.7126363931064402,17.09036144578313,0.06748514149607696,NaN,NaN,NaN,raw
810,0.7126722097729383,17.099066641566264,0.039461262609919355,NaN,NaN,NaN,raw
810,0.7126993978672544,17.098,0.011,6118.83972,0.7126993978672544,0.8477038556793559,raw
810,0.7130123971277744,17.095993034638553,0.035988464002038284,NaN,NaN,NaN,raw
810,0.7131659259937543,17.090572289156622,0.06729008358344783,NaN,NaN,NaN,raw
550,0.7133287303367979,18.725357142857142,0.12182623637021613,NaN,NaN,NaN,raw
810,0.7133646066748061,17.094274284638555,0.03507133667359278,NaN,NaN,NaN,raw
810,0.7137001633101651,17.09043975903614,0.06719392548258933,NaN,NaN,NaN,raw
810,0.7137155435261744,17.094718373493976,0.034909000526343464,NaN,NaN,NaN,raw
810,0.7140736475262794,17.094685993975904,0.03491350239523387,NaN,NaN,NaN,raw
810,0.7142418529593089,17.090506024096385,0.06711949967198504,NaN,NaN,NaN,raw
810,0.7144322135174694,17.094672251506026,0.03491546838671228,NaN,NaN,NaN,raw
550,0.714765102559354,18.718212522045853,0.07238797257439404,NaN,NaN,NaN,raw
810,0.7147920573322362,17.09029518072289,0.06735264662162016,NaN,NaN,NaN,raw
810,0.7148074390102798,17.094822853915662,0.03488278114334575,NaN,NaN,NaN,raw
550,0.7151742914611532,18.62,0.018,6168.55414,0.7151742914611532,0.18400083675442147,raw
810,0.7151836011565358,17.094768825301205,0.03489086688519399,NaN,NaN,NaN,raw
810,0.7152989580499707,17.157,0.011,6014.89409,0.7152989580499707,0.5139547831786331,raw
810,0.7153488211165112,17.090030120481927,0.06744429123796511,NaN,NaN,NaN,raw
810,0.7155621403724801,17.090300075301208,0.039250396808413114,NaN,NaN,NaN,raw
550,0.7156182971927288,18.687499999999996,0.05860082015167339,NaN,NaN,NaN,raw
810,0.7159068914459743,17.089939759036145,0.06736807073898658,NaN,NaN,NaN,raw
810,0.7159500060780755,17.093025225903617,0.035797392750584724,NaN,NaN,NaN,raw
810,0.7163405673399846,17.09426863704819,0.03638272899799954,NaN,NaN,NaN,raw
810,0.7164624297809562,17.090855421686747,0.06707483519086506,NaN,NaN,NaN,raw
810,0.7167244953291168,17.091799698795178,0.033807442977959415,NaN,NaN,NaN,raw
810,0.7170163662984956,17.090813253012048,0.06702569434240163,NaN,NaN,NaN,raw
810,0.7170198402527603,17.122,0.021,6140.743,0.7170198402527603,0.6975652628862008,raw
810,0.7171025743300938,17.089665662650603,0.03599069051120715,NaN,NaN,NaN,raw
810,0.7174847596940122,17.08705798192771,0.03262347491741174,NaN,NaN,NaN,raw
810,0.7175733466851031,17.091042168674697,0.06722493696850788,NaN,NaN,NaN,raw
810,0.7178650370189643,17.090378200301206,0.03788835956191591,NaN,NaN,NaN,raw
810,0.7181300118720217,17.090530120481926,0.0670199133409453,NaN,NaN,NaN,raw
810,0.718240589088964,16.992,0.011,7163.86934,0.718240589088964,0.10620684816785797,raw
810,0.7182425339824254,17.090332266566264,0.03788881165572467,NaN,NaN,NaN,raw
550,0.7183518697802356,18.717142857142854,0.1268596178354741,NaN,NaN,NaN,raw
810,0.7185986531694653,17.122,0.011,7850.82047,0.7185986531694653,0.455328715925134,raw
810,0.7186206316870027,17.090289721385545,0.037889283853739394,NaN,NaN,NaN,raw
810,0.7186846212430008,17.089644578313248,0.06660102966355207,NaN,NaN,NaN,raw
810,0.7189910954973618,17.091934676204822,0.03901832201680184,NaN,NaN,NaN,raw
550,0.7191600041702865,18.661714285714282,0.05000244891961739,NaN,NaN,NaN,raw
810,0.719234470041556,17.086,0.014,6824.56595,0.719234470041556,0.35568927750136936,raw
810,0.7192388182031472,17.089210843373493,0.06724931544010834,NaN,NaN,NaN,raw
810,0.7193674559485133,17.091675263554215,0.03900428868763533,NaN,NaN,NaN,raw
810,0.7197354845801891,17.089969879518073,0.04022790811294358,NaN,NaN,NaN,raw
810,0.7197928862416088,17.089481927710846,0.06703465615603899,NaN,NaN,NaN,raw
810,0.7200906422148143,17.091487387048193,0.04115151536496835,NaN,NaN,NaN,raw
810,0.7203487668082481,17.089620481927714,0.06693257984430914,NaN,NaN,NaN,raw
810,0.7204356611172158,17.091475150602413,0.04115187480221087,NaN,NaN,NaN,raw
810,0.7207218543908382,17.09188932067127,0.0314688139561163,NaN,NaN,NaN,raw
810,0.7207707936075016,17.089497176204823,0.042702359707091214,NaN,NaN,NaN,raw
810,0.7209033333786038,17.089819277108436,0.06669544431824102,NaN,NaN,NaN,raw
810,0.7210911146903831,17.08974717620482,0.04313156259253652,NaN,NaN,NaN,raw
550,0.7212600924607959,18.725003275384225,0.05932187992157552,NaN,NaN,NaN,raw
550,0.721260092460796,18.72500327538423,0.06156122413688766,NaN,NaN,NaN,raw
550,0.721260092460796,18.725003275384225,0.057310380749050774,NaN,NaN,NaN,raw
810,0.7214159613051725,17.09196498493976,0.04493356015148516,NaN,NaN,NaN,raw
810,0.7214516177885902,17.088873493975907,0.06620639643974228,NaN,NaN,NaN,raw
810,0.7216030202107504,16.986,0.011,7955.81099,0.7216030202107504,0.024037652234255802,raw
810,0.7217256072511092,17.09196216114458,0.04493369436905868,NaN,NaN,NaN,raw
810,0.7220013967545753,17.08920481927711,0.06639473492016253,NaN,NaN,NaN,raw
810,0.7220241356118449,17.089716679216867,0.046749519788827715,NaN,NaN,NaN,raw
550,0.7220953836616294,18.740714285714287,0.10647515758933397,NaN,NaN,NaN,raw
810,0.7223075746374421,17.089847515060242,0.04675854548184191,NaN,NaN,NaN,raw
810,0.7224537100482848,17.13,0.009,6369.84444,0.7224537100482848,0.7324236124732124,raw
810,0.7225505856958442,17.08899397590362,0.06624312401028375,NaN,NaN,NaN,raw
810,0.7225966135156341,17.022,0.01,7487.87811,0.7225966135156341,0.1424082398898463,raw
810,0.7225991173352213,17.088860504518074,0.046389854032846733,NaN,NaN,NaN,raw
810,0.7228752930081326,17.090171686746988,0.04704188124151428,NaN,NaN,NaN,raw
810,0.7231019313030739,17.089554216867473,0.06588672612203424,NaN,NaN,NaN,raw
810,0.7231485620133651,17.09017564006024,0.047041917650960545,NaN,NaN,NaN,raw
810,0.7232088432610908,17.196,0.013,5995.77624,0.7232088432610908,0.6219686101594561,raw
810,0.7234260739006129,17.09395689006024,0.043635649216938195,NaN,NaN,NaN,raw
810,0.7236533782802052,17.089259036144583,0.06594937734655786,NaN,NaN,NaN,raw
810,0.7237010901121869,17.09298625753012,0.04333615987882828,NaN,NaN,NaN,raw
550,0.7239538512694708,18.648,0.012,6447.71795,0.7239538512694708,0.2994012885428674,raw
550,0.7239804299351817,18.857,0.014,7625.54691,0.7239804299351817,0.6080864440864389,raw
810,0.7239878331083687,17.09480986445783,0.04440562047891502,NaN,NaN,NaN,raw
550,0.7240521693152654,18.74042857142857,0.10657114132477584,NaN,NaN,NaN,raw
810,0.724204522880493,17.089222891566266,0.06596604971668782,NaN,NaN,NaN,raw
550,0.7242222267411437,18.71628571428571,0.12615706240874622,NaN,NaN,NaN,raw
810,0.7242594767027248,17.094955195783132,0.04438346208437474,NaN,NaN,NaN,raw
810,0.7244912350379309,17.143,0.011,5694.71415,0.7244912350379309,0.6674014647906006,raw
810,0.7245474221233299,17.09501656626506,0.04437662017199146,NaN,NaN,NaN,raw
810,0.724742932304099,17.089698795180723,0.06544898266491954,NaN,NaN,NaN,raw
810,0.7248247999066896,17.091189006024095,0.04981793271251013,NaN,NaN,NaN,raw
810,0.7249428422073834,17.036,0.013,6702.89139,0.7249428422073834,0.10077436143365048,raw
810,0.7250652076181723,17.139,0.01,7953.72631,0.7250652076181723,0.5650265325130022,raw
810,0.7250945652232081,17.091232680722893,0.04981712586837677,NaN,NaN,NaN,raw
810,0.7252824578361535,17.090114457831326,0.06567601034745343,NaN,NaN,NaN,raw
810,0.7253566200116371,17.089769578313255,0.05054222741244189,NaN,NaN,NaN,raw
810,0.725516297021386,17.027,0.012,5462.48613,0.725516297021386,0.9449675704199763,raw
810,0.7255492327021784,17.165,0.009,7153.79011,0.7255492327021784,0.5473111671835795,raw
810,0.725608187760507,17.089803840361448,0.05054197198469723,NaN,NaN,NaN,raw
810,0.7257439127897669,17.161,0.012,7089.82308,0.7257439127897669,0.7254977159300324,raw
550,0.7257881817979416,18.788761904761902,0.07045281143755724,NaN,NaN,NaN,raw
810,0.7258155617159517,17.08984939759036,0.06527272551843225,NaN,NaN,NaN,raw
810,0.7258635588510955,17.093897590361447,0.04704744738557806,NaN,NaN,NaN,raw
810,0.7260153373244975,17.019,0.009,6370.88862,0.7260153373244975,0.9658648269469268,raw
810,0.7260864151176065,17.095,0.012,7666.57002,0.7260864151176065,0.354169130907394,raw
810,0.7261116915959342,17.093641189759037,0.0470961793829281,NaN,NaN,NaN,raw
810,0.7263482750617417,17.092398343373496,0.04662818082914195,NaN,NaN,NaN,raw
810,0.7263492065816952,17.090415662650603,0.06501796112110951,NaN,NaN,NaN,raw
810,0.7264109682182607,17.133,0.013,7447.9,0.7264109682182607,0.6315207005791308,raw
810,0.7265851469280924,17.090992281626505,0.047406053201877234,NaN,NaN,NaN,raw
810,0.7268246434513421,17.091211031626507,0.04709254002040758,NaN,NaN,NaN,raw
810,0.7268746200394622,17.090656626506025,0.06478811281310712,NaN,NaN,NaN,raw
810,0.7270573080667546,17.091217620481927,0.04709231548218057,NaN,NaN,NaN,raw
810,0.7271209694808931,17.113,0.011,6116.75885,0.7271209694808931,0.3968421077406674,raw
810,0.7273029799600959,17.08792356927711,0.04303865222707622,NaN,NaN,NaN,raw
810,0.7273991719398345,17.090939759036143,0.06493173093615957,NaN,NaN,NaN,raw
810,0.7275400205650688,17.09066547439759,0.04583080482274761,NaN,NaN,NaN,raw
810,0.7277709252595654,17.090721385542167,0.045830079510499465,NaN,NaN,NaN,raw
810,0.7278603971208213,17.148,0.019,6784.93716,0.7278603971208213,0.5919772108500183,raw
810,0.727927065060952,17.09065060240964,0.06466143691472778,NaN,NaN,NaN,raw
550,0.7279888675124572,18.73592857142857,0.05021895934357074,NaN,NaN,NaN,raw
810,0.7280096700699334,17.089090737951807,0.04482732084169835,NaN,NaN,NaN,raw
810,0.7282511116440995,17.090350150602408,0.04540732911202897,NaN,NaN,NaN,raw
810,0.7284530716625088,17.09117469879518,0.06438021217428296,NaN,NaN,NaN,raw
810,0.7284926302096508,17.092039156626505,0.04431247411740528,NaN,NaN,NaN,raw
810,0.7286689753091196,16.967,0.01,6461.62548,0.7286689753091196,0.04681140321554267,raw
810,0.728747218894764,17.090522402108434,0.043475985058692865,NaN,NaN,NaN,raw
810,0.7289812569368399,17.091018072289156,0.06427511633987006,NaN,NaN,NaN,raw
810,0.7289967025124062,17.092862575301204,0.04542505369975326,NaN,NaN,NaN,raw
550,0.7291618887174991,18.793,0.013,6750.86818,0.7291618887174991,0.7203802954609273,raw
810,0.7292403573453632,17.097550075301207,0.04614304652540911,NaN,NaN,NaN,raw
810,0.7292890866083326,17.043,0.01,6477.61747,0.7292890866083326,0.25276207021488517,raw
810,0.7294888293814685,17.097268825301207,0.0457443714596705,NaN,NaN,NaN,raw
810,0.7295017857524222,17.089969879518073,0.06377264776069469,NaN,NaN,NaN,raw
810,0.7297361795907611,17.094987575301204,0.04425975029134751,NaN,NaN,NaN,raw
810,0.7297748951095855,17.117,0.013,5640.83066,0.7297748951095855,0.413702537662175,raw
810,0.7299416445894167,17.081,0.015,5845.59496,0.7299416445894167,0.3928123396472074,raw
810,0.7299842916066717,17.09503143825301,0.044255189197191146,NaN,NaN,NaN,raw
810,0.7300243809541245,17.09022891566265,0.06359422983186441,NaN,NaN,NaN,raw
810,0.7301304854190676,17.044,0.017,5638.7449,0.7301304854190676,0.952381359797073,raw
810,0.7302378559090692,17.098187688253013,0.0422122299661412,NaN,NaN,NaN,raw
810,0.730244560865416,17.089819958717072,0.03380238273102526,NaN,NaN,NaN,raw
810,0.7302445608654161,17.089819958717076,0.03401700319022374,NaN,NaN,NaN,raw
810,0.7302445608654161,17.089819958717072,0.03390918357449771,NaN,NaN,NaN,raw
810,0.7302605022596254,17.029,0.008,6069.82756,0.7302605022596254,0.013500792583727161,raw
810,0.7304944490266915,17.09805967620482,0.04222841693735883,NaN,NaN,NaN,raw
550,0.7305459325133207,18.69283333333333,0.10311684311175,NaN,NaN,NaN,raw
810,0.7305471989962737,17.089765060240964,0.06327419107869348,NaN,NaN,NaN,raw
550,0.7305824870787286,18.698499999999996,0.11502156988348486,NaN,NaN,NaN,raw
810,0.7307482660336003,17.10014043674699,0.04346203381079023,NaN,NaN,NaN,raw
810,0.731011753326916,17.098822289156626,0.04307118360592262,NaN,NaN,NaN,raw
810,0.731070343848009,17.090590361445784,0.06313391945161576,NaN,NaN,NaN,raw
810,0.7312386776393396,17.177,0.009,6772.77068,0.7312386776393396,0.5685733273403457,raw
810,0.7312607946100524,17.09755176957831,0.043911279837385936,NaN,NaN,NaN,raw
810,0.7315023055674328,17.09642676957831,0.043963857155370406,NaN,NaN,NaN,raw
810,0.7315934731043864,17.091012048192773,0.06334991693106959,NaN,NaN,NaN,raw
810,0.7317365312736841,17.093303652108432,0.04775272857157969,NaN,NaN,NaN,raw
550,0.7318934217437345,18.587,0.012,6005.86103,0.7318934217437345,0.192756812692096,raw
810,0.7319718103169631,17.091492846385542,0.04669874470508646,NaN,NaN,NaN,raw
810,0.7321310689697066,17.090819277108437,0.06322401626123993,NaN,NaN,NaN,raw
810,0.73221381954092,17.090097515060243,0.04738672155819944,NaN,NaN,NaN,raw
550,0.7322944672658714,18.6955,0.10703153740837251,NaN,NaN,NaN,raw
810,0.7324479118688594,17.09009186746988,0.047386599806430924,NaN,NaN,NaN,raw
810,0.73246906267741,17.13,0.012,5325.86317,0.73246906267741,0.71628122562106,raw
810,0.7326714363050295,17.090048192771086,0.06268717980469085,NaN,NaN,NaN,raw
810,0.7326896844060109,17.09043561746988,0.04649640386487138,NaN,NaN,NaN,raw
810,0.7329228792963578,17.087403802710845,0.049521820209604134,NaN,NaN,NaN,raw
810,0.7331483481336177,17.088915850903614,0.048856513504202885,NaN,NaN,NaN,raw
810,0.7332120455417921,17.090463855421685,0.06260870706861153,NaN,NaN,NaN,raw
810,0.7332659336007055,17.165,0.012,5294.92284,0.7332659336007055,0.5366874664596253,raw
810,0.7333132516760088,17.177,0.014,6464.75592,0.7333132516760088,0.742643266918094,raw
810,0.7333829344827223,17.086916792168672,0.050104774106948774,NaN,NaN,NaN,raw
810,0.7335003378575493,17.156,0.011,5716.61906,0.7335003378575493,0.5207493486377643,raw
810,0.7336097241609878,17.088385542168673,0.05167919976026545,NaN,NaN,NaN,raw
810,0.7336591194871289,17.088,0.01,7190.64354,0.7336591194871289,0.37468715288923704,raw
810,0.7337551462250884,17.091253012048195,0.06236274011386079,NaN,NaN,NaN,raw
810,0.733831823581254,17.088685052710844,0.05166278631376362,NaN,NaN,NaN,raw
810,0.7340681330396976,17.08873079819277,0.05166484549883655,NaN,NaN,NaN,raw
810,0.7341293950012187,17.12,0.009,6360.80967,0.7341293950012187,0.4075680499263399,raw
810,0.7342973948815192,17.090903614457833,0.06215993339917482,NaN,NaN,NaN,raw
810,0.7343178539830604,17.090222138554218,0.05101672126716945,NaN,NaN,NaN,raw
550,0.7344074929751514,18.801,0.02,5705.84231,0.7344074929751514,0.4698983381913422,raw
810,0.734471350802778,17.157,0.01,7492.7493,0.734471350802778,0.5616046519444353,raw
550,0.7345064260383273,18.69890476190476,0.10733671351418883,NaN,NaN,NaN,raw
810,0.7345802301335329,17.09216378012048,0.0497788401655235,NaN,NaN,NaN,raw
810,0.7348425616043631,17.090819277108434,0.06210785234662862,NaN,NaN,NaN,raw
810,0.7348439410998253,17.05,0.007,7548.72064,0.7348439410998253,0.28109514722928,raw
810,0.7348481535180574,17.09057737198795,0.050658890991194847,NaN,NaN,NaN,raw
810,0.734849320117064,17.077,0.012,7207.67867,0.734849320117064,0.8118545339275443,raw
810,0.7348943945398787,16.991,0.014,5844.55374,0.7348943945398787,0.16570239563770883,raw
810,0.7351019592237467,17.09059450301205,0.050658988214956166,NaN,NaN,NaN,raw
810,0.7353535890941802,17.090063253012048,0.04980559223306116,NaN,NaN,NaN,raw
810,0.7353893265057502,17.090054216867472,0.061571860556696584,NaN,NaN,NaN,raw
810,0.7356079469354249,17.090059111445782,0.049805516301470114,NaN,NaN,NaN,raw
810,0.7356713602275704,17.046,0.009,5742.69336,0.7356713602275704,0.29218364021107845,raw
810,0.7358478679721971,17.091877259036146,0.05088441754836637,NaN,NaN,NaN,raw
810,0.7359440261565703,17.09099397590361,0.06124045968870793,NaN,NaN,NaN,raw
810,0.7360828762897287,17.088221009036147,0.052242128529102476,NaN,NaN,NaN,raw
810,0.7363206161573936,17.08822646837349,0.052242334758104254,NaN,NaN,NaN,raw
810,0.7364056964979682,16.978,0.014,6880.54313,0.7364056964979682,0.08767119830190495,raw
810,0.7364434934279416,16.994,0.009,6469.62407,0.7364434934279416,0.1553372930866317,raw
810,0.7365040894006509,17.091385542168677,0.061390223548053846,NaN,NaN,NaN,raw
810,0.7365585686527254,17.088200489457833,0.05224139295746229,NaN,NaN,NaN,raw
810,0.7368034810462234,17.08357548945783,0.051772112982150786,NaN,NaN,NaN,raw
810,0.7370085489237681,17.026,0.011,7174.65293,0.7370085489237681,0.17168822685380292,raw
810,0.7370321648140816,17.164,0.012,5671.77379,0.7370321648140816,0.5992853364568873,raw
810,0.7370488260379365,17.090584337349398,0.06119934240472155,NaN,NaN,NaN,raw
810,0.7370554491357331,17.080855045180723,0.048912864422726667,NaN,NaN,NaN,raw
550,0.7372183633960958,18.708714285714283,0.1077014595797302,NaN,NaN,NaN,raw
810,0.7373081181340473,17.081980045180725,0.051063671271079,NaN,NaN,NaN,raw
810,0.7375664771940764,17.082067206325306,0.051076657037039334,NaN,NaN,NaN,raw
810,0.7375862836243178,17.091692771084336,0.06106912781159141,NaN,NaN,NaN,raw
550,0.7376147047018872,18.707206436420723,0.051164837940715205,NaN,NaN,NaN,raw
550,0.7376147047018873,18.707206436420723,0.049303671508820465,NaN,NaN,NaN,raw
550,0.7376147047018873,18.707206436420723,0.04763187192031224,NaN,NaN,NaN,raw
810,0.7378259451605358,17.080653049698796,0.05143929752158408,NaN,NaN,NaN,raw
810,0.7380854772575971,17.081371799698797,0.05216242303358988,NaN,NaN,NaN,raw
810,0.7381215556066769,17.091722891566267,0.0611057331542257,NaN,NaN,NaN,raw
810,0.7383407767286855,17.081400037650603,0.052167993788340104,NaN,NaN,NaN,raw
550,0.7385718247449923,18.737999999999996,0.05460451502599951,NaN,NaN,NaN,raw
810,0.7386057903155262,17.0769625376506,0.05156579653647656,NaN,NaN,NaN,raw
810,0.7386565390747436,17.091132530120483,0.06079808032941093,NaN,NaN,NaN,raw
810,0.7388592835669272,17.077593185240964,0.051863277217588474,NaN,NaN,NaN,raw
810,0.7391142870943103,17.07888667168675,0.051668689356199844,NaN,NaN,NaN,raw
810,0.7391207473010581,17.039,0.013,5752.77633,0.7391207473010581,0.8590789669833612,raw
810,0.7391921264300666,17.09113855421687,0.060793132250330104,NaN,NaN,NaN,raw
810,0.7392908334932144,17.16,0.011,5641.87691,0.7392908334932144,0.651571363578114,raw
810,0.7393860101925303,17.079356739457833,0.0517193711715063,NaN,NaN,NaN,raw
810,0.7396730688107318,17.08251393072289,0.04917264639257515,NaN,NaN,NaN,raw
810,0.739732924024212,17.090879518072292,0.060589207477872116,NaN,NaN,NaN,raw
810,0.7398085421464202,17.149,0.013,5407.56283,0.7398085421464202,0.4671746085241466,raw
810,0.7399614511452886,17.08259167921687,0.04918691799507988,NaN,NaN,NaN,raw
810,0.7399893288384192,17.013,0.014,7856.73791,0.7399893288384192,0.112393953892024,raw
810,0.7402531557586916,17.08212292921687,0.04961648369566966,NaN,NaN,NaN,raw
810,0.7402791120703114,17.090222891566267,0.060524312821355127,NaN,NaN,NaN,raw
810,0.7405407997121889,17.082185805722894,0.04962936138575051,NaN,NaN,NaN,raw
810,0.7408265253924068,17.089632530120483,0.060464694649144064,NaN,NaN,NaN,raw
810,0.7408308134304227,17.08577842620482,0.04586225575737194,NaN,NaN,NaN,raw
810,0.7411031301926414,17.017,0.01,6805.8006,0.7411031301926414,0.21768041500581603,raw
810,0.7411247877654452,17.09084092620482,0.04431973510293728,NaN,NaN,NaN,raw
810,0.741303337935325,17.092081842321438,0.02995639736351907,NaN,NaN,NaN,raw
810,0.7413033379353251,17.092081842321438,0.02993249915679253,NaN,NaN,NaN,raw
810,0.7413762305403173,17.08994578313253,0.06025172005834389,NaN,NaN,NaN,raw
810,0.7414285880100943,17.090889871987955,0.044321220817554165,NaN,NaN,NaN,raw
810,0.7415857458036044,17.192,0.016,5827.52135,0.7415857458036044,0.734395717665393,raw
810,0.7417336920598988,17.092983057228913,0.04271018790811807,NaN,NaN,NaN,raw
810,0.7419266094080652,17.09078915662651,0.060176086082879304,NaN,NaN,NaN,raw
810,0.7420405907736441,17.093233057228915,0.043160329668494396,NaN,NaN,NaN,raw
810,0.7420581211517856,17.046,0.016,7292.50711,0.7420581211517856,0.25502913560740126,raw
810,0.7423542849681227,17.093496046686745,0.043169308262316325,NaN,NaN,NaN,raw
810,0.7424344221071806,17.143,0.011,6817.62107,0.7424344221071806,0.5009887262749544,raw
810,0.7424669779563472,17.091807228915666,0.059855271473644125,NaN,NaN,NaN,raw
810,0.7426582514279759,17.09354499246988,0.043168085642910206,NaN,NaN,NaN,raw
810,0.7429467583197493,17.094928652108436,0.04381259037084615,NaN,NaN,NaN,raw
810,0.7429517855816812,17.015,0.012,7958.59959,0.7429517855816812,0.9886933348607272,raw
810,0.7429543456491956,17.111,0.011,6565.57698,0.7429543456491956,0.39311606951196154,raw
810,0.7430040539760827,17.091391566265063,0.0596810486235343,NaN,NaN,NaN,raw
810,0.743234080683784,17.095000000000002,0.04380806783236957,NaN,NaN,NaN,raw
550,0.7432777919931963,18.675666666666668,0.05345078478897731,NaN,NaN,NaN,raw
810,0.7435133723922502,17.096031250000003,0.0428246687173863,NaN,NaN,NaN,raw
810,0.7435444592601048,17.092042168674702,0.05967318593905325,NaN,NaN,NaN,raw
810,0.7437914303826834,17.093339420180726,0.045749457761312146,NaN,NaN,NaN,raw
810,0.7440756287781082,17.091262048192775,0.04410460639847361,NaN,NaN,NaN,raw
810,0.7440802703223275,17.09203012048193,0.05968497346028633,NaN,NaN,NaN,raw
550,0.7440896178637298,18.70428571428571,0.10338607894045124,NaN,NaN,NaN,raw
810,0.7443468877788527,17.092765813253013,0.04490423835393022,NaN,NaN,NaN,raw
810,0.7446175320729148,17.08910956325301,0.04494101091996069,NaN,NaN,NaN,raw
810,0.744617561211567,17.0925421686747,0.05892240428035356,NaN,NaN,NaN,raw
810,0.7448965008923614,17.09161012801205,0.042741929549640005,NaN,NaN,NaN,raw
810,0.7450059078564664,17.031,0.01,5353.67931,0.7450059078564664,0.21341151311571593,raw
810,0.745148632668484,17.093006024096386,0.05919679526419417,NaN,NaN,NaN,raw
810,0.7451829910973629,17.091716490963854,0.042742600992327386,NaN,NaN,NaN,raw
810,0.7454661256830535,17.09022797439759,0.04363755148879466,NaN,NaN,NaN,raw
810,0.7456861354814508,17.092963855421687,0.059151975972145394,NaN,NaN,NaN,raw
810,0.7457433376302512,17.09260033885542,0.04154131278772641,NaN,NaN,NaN,raw
810,0.7458506721486629,17.156,0.009,6749.83104,0.7458506721486629,0.5019972377685917,raw
810,0.7460284432536646,17.092677899096383,0.04153851355044386,NaN,NaN,NaN,raw
550,0.7460627946524514,18.714849816849814,0.05495006272517783,NaN,NaN,NaN,raw
550,0.7460627946524514,18.714849816849814,0.05441913179355602,NaN,NaN,NaN,raw
810,0.7462256972294199,17.092951807228914,0.05915422136927364,NaN,NaN,NaN,raw
810,0.7463081421637134,17.091677899096382,0.03940045721429548,NaN,NaN,NaN,raw
810,0.7465789653117678,17.088621987951804,0.04309104383515722,NaN,NaN,NaN,raw
810,0.7467718785175135,17.09298192771084,0.05911554919191229,NaN,NaN,NaN,raw
810,0.7468529236539325,17.172,0.01,6433.82002,0.7468529236539325,0.5725250240247988,raw
810,0.7468532564416943,17.089371987951807,0.042530491680910464,NaN,NaN,NaN,raw
810,0.7470870402612491,17.099,0.009,6726.88675,0.7470870402612491,0.42547506452501693,raw
810,0.7471215617936275,17.08776769578313,0.041395436772340664,NaN,NaN,NaN,raw
810,0.7473132103396202,17.09325903614458,0.05872699350671778,NaN,NaN,NaN,raw
810,0.7473537761434272,17.136,0.013,7074.88176,0.7473537761434272,0.7668700016911316,raw
810,0.7473992293745815,17.086304969879517,0.042069581218621824,NaN,NaN,NaN,raw
810,0.7476676775487124,17.08869954819277,0.040010390355784624,NaN,NaN,NaN,raw
810,0.7478508547238529,17.093415662650607,0.058806530212373795,NaN,NaN,NaN,raw
550,0.7479305621908722,18.67778571428571,0.05550266586720984,NaN,NaN,NaN,raw
810,0.7479386993807896,17.08810579819277,0.03980925204927969,NaN,NaN,NaN,raw
810,0.7480580819719762,17.072,0.012,7924.87958,0.7480580819719762,0.8635232621782052,raw
810,0.7480899821239291,17.005,0.009,7136.76323,0.7480899821239291,0.12779006362507062,raw
810,0.7482087125607493,17.08615606174699,0.041148482121473796,NaN,NaN,NaN,raw
810,0.7483851821468076,17.093524096385547,0.058864992097451864,NaN,NaN,NaN,raw
810,0.7484132120480353,17.139,0.01,6395.92701,0.7484132120480353,0.5215469603808742,raw
810,0.7484691595564072,17.032,0.013,7600.52482,0.7484691595564072,0.08726907706841303,raw
810,0.7484744900877571,17.0850922439759,0.041430481182832456,NaN,NaN,NaN,raw
550,0.7485253947197634,18.614,0.015,6152.57396,0.7485253947197634,0.0033110833373939386,raw
810,0.7487236898155156,17.088591302710842,0.04645850004854053,NaN,NaN,NaN,raw
810,0.7489163310607094,17.09301807228916,0.05875480358353851,NaN,NaN,NaN,raw
810,0.7489562913400868,17.08858546686747,0.0464579994811622,NaN,NaN,NaN,raw
810,0.7491931881806686,17.09052108433735,0.04525615245139345,NaN,NaN,NaN,raw
810,0.749442160107783,17.09052748493976,0.045256529717042644,NaN,NaN,NaN,raw
810,0.7494467986303592,17.093626506024098,0.05870454235553399,NaN,NaN,NaN,raw
810,0.749689932864869,17.08846611445783,0.04662360866733964,NaN,NaN,NaN,raw
810,0.7498868321345071,17.042,0.009,7268.52217,0.7498868321345071,0.9526162157089857,raw
810,0.7499335602976072,17.086507906626508,0.04498271502455733,NaN,NaN,NaN,raw
810,0.7499739125029689,17.092915662650604,0.058634709922877955,NaN,NaN,NaN,raw
810,0.7501674012638813,17.084728162650602,0.045838056213848566,NaN,NaN,NaN,raw
810,0.7503953204203073,17.084884977409637,0.04587577174969887,NaN,NaN,NaN,raw
810,0.7504045430632625,17.0887599648906,0.030018510724292943,NaN,NaN,NaN,raw
810,0.7504045430632625,17.088759964890603,0.02992396399897596,NaN,NaN,NaN,raw
810,0.7504045430632628,17.0887599648906,0.030113959329944276,NaN,NaN,NaN,raw
810,0.7504996104895458,17.092427710843374,0.05823289877880492,NaN,NaN,NaN,raw
810,0.750536110925168,17.16,0.013,6143.53583,0.750536110925168,0.6712686732371367,raw
810,0.7505929501458013,16.993,0.01,7155.8847,0.7505929501458013,0.027519209308593418,raw
810,0.7506245831555147,17.08243655873494,0.043082125750655564,NaN,NaN,NaN,raw
810,0.7508354373094335,17.07,0.01,7819.89107,0.7508354373094335,0.2991136007440218,raw
810,0.7508550169728792,17.08187405873494,0.042976267813126266,NaN,NaN,NaN,raw
810,0.7510201933690436,17.091662650602405,0.058556427509101734,NaN,NaN,NaN,raw
810,0.7510867751888116,17.08188215361446,0.04297850576579643,NaN,NaN,NaN,raw
550,0.7511766739891235,18.715071428571427,0.0962676271856534,NaN,NaN,NaN,raw
810,0.7513191101787715,17.08003840361446,0.041832239292195504,NaN,NaN,NaN,raw
810,0.7513523405468732,17.045,0.01,5695.76643,0.7513523405468732,0.9181681153368118,raw
810,0.7515421271538733,17.091626506024095,0.05851334182868519,NaN,NaN,NaN,raw
810,0.7515509804268385,17.080036521084338,0.04183161922162612,NaN,NaN,NaN,raw
810,0.751627044275665,17.092,0.013,6512.73761,0.751627044275665,0.3727300202972401,raw
810,0.7516444757347926,17.029,0.014,6937.56258,0.7516444757347926,0.04900895297214447,raw
550,0.7517298592141568,18.640690476190475,0.0652659525160172,NaN,NaN,NaN,raw
810,0.7517902657088025,17.082817771084336,0.04417318678929663,NaN,NaN,NaN,raw
810,0.7520315780743336,17.085569465361445,0.0418508351193863,NaN,NaN,NaN,raw
810,0.7520493401243584,17.058,0.011,6337.87118,0.7520493401243584,0.3434517444893572,raw
810,0.7520546616106003,17.204,0.015,7500.7513,0.7520546616106003,0.6774243365052826,raw
810,0.7520608099978426,17.092355421686747,0.05844448441303884,NaN,NaN,NaN,raw
810,0.7522804944754431,17.085563064759036,0.041849594950176594,NaN,NaN,NaN,raw
810,0.7525326672811876,17.08303181475904,0.04095325098886779,NaN,NaN,NaN,raw
810,0.752586606755084,17.092939759036145,0.058382614555754664,NaN,NaN,NaN,raw
810,0.7527843852438569,17.087750564759034,0.04350346387990055,NaN,NaN,NaN,raw
550,0.7528004309980779,18.70359734093067,0.05245247506823201,NaN,NaN,NaN,raw
810,0.7530233803652756,17.090125,0.045812522017107546,NaN,NaN,NaN,raw
810,0.7531157343361434,17.093210843373495,0.05823961062150919,NaN,NaN,NaN,raw
810,0.7532471071729204,17.08773042168675,0.04759164988146032,NaN,NaN,NaN,raw
810,0.7534591719762701,17.087855421686747,0.04747276839720369,NaN,NaN,NaN,raw
810,0.7536148637082078,17.027,0.009,6763.73963,0.7536148637082078,0.251674631732385,raw
810,0.7536467499962837,17.09333734939759,0.05833836039466465,NaN,NaN,NaN,raw
810,0.7536752009054476,17.08788215361446,0.047475950474456206,NaN,NaN,NaN,raw
810,0.7537086081501911,17.036,0.011,7209.77111,0.7537086081501911,0.28746384919395496,raw
810,0.753891600294986,17.08795670180723,0.047485190318640944,NaN,NaN,NaN,raw
810,0.7540652915231476,17.098,0.02,6444.94724,0.7540652915231476,0.3730112912653567,raw
810,0.75412073250572,17.086956701807228,0.04623968802327602,NaN,NaN,NaN,raw
810,0.7541893311805675,17.09365060240964,0.058222131319563254,NaN,NaN,NaN,raw
810,0.7543508926243668,17.090112198795183,0.04294938860317901,NaN,NaN,NaN,raw
810,0.7544609224169108,17.081,0.01,6826.66408,0.7544609224169108,0.8434691768707125,raw
810,0.7545901678775655,17.090857868975903,0.04279580661059837,NaN,NaN,NaN,raw
810,0.7547294732494594,17.093518072289157,0.058030788368637926,NaN,NaN,NaN,raw
810,0.7547884958221402,17.077,0.009,6741.83826,0.7547884958221402,0.40589860513136955,raw
810,0.7548400316376513,17.090928840361446,0.04279906731835853,NaN,NaN,NaN,raw
550,0.7550409547775848,18.673071428571422,0.06937170657745889,NaN,NaN,NaN,raw
810,0.7550897324695383,17.090178840361446,0.04382779696844062,NaN,NaN,NaN,raw
810,0.7552707026620025,17.09335542168675,0.057934656510353205,NaN,NaN,NaN,raw
810,0.7553393185508666,17.090234751506024,0.043830844438215485,NaN,NaN,NaN,raw
550,0.7554875089335837,18.593,0.014,7936.70217,0.7554875089335837,0.15136613202412263,raw
810,0.7556022404686743,17.09027861445783,0.04383337021356651,NaN,NaN,NaN,raw
810,0.755715210994822,17.161,0.012,5743.74327,0.755715210994822,0.5378809964986431,raw
810,0.7558119778209238,17.093054216867472,0.058160202578124105,NaN,NaN,NaN,raw
810,0.7558805058720908,17.092314947289157,0.04238442310291325,NaN,NaN,NaN,raw
810,0.7561599656748457,17.09047119728916,0.04512026992630117,NaN,NaN,NaN,raw
810,0.7563505069823125,17.093319277108435,0.05822350240411107,NaN,NaN,NaN,raw
810,0.7564412609223357,17.087029932228916,0.04010264062724596,NaN,NaN,NaN,raw
810,0.75648274183186,17.058,0.008,6498.48576,0.75648274183186,0.8888391465861787,raw
810,0.7565241343618254,17.183,0.011,6478.66988,0.7565241343618254,0.5038067833156674,raw
810,0.7565641749461065,17.169,0.013,7557.76702,0.7565641749461065,0.6307838348129735,raw
810,0.7566060564749932,17.017,0.008,6400.79692,0.7566060564749932,0.9380055257443018,raw
810,0.7566729058416968,17.046,0.011,6118.50736,0.7566729058416968,0.13680485163422418,raw
810,0.7567381072145181,17.087086596385543,0.04011168818607826,NaN,NaN,NaN,raw
810,0.7568868382366484,17.093771084337355,0.05879029507648959,NaN,NaN,NaN,raw
810,0.7570338681774615,17.08712688253012,0.04011840325825213,NaN,NaN,NaN,raw
810,0.7573181039205096,17.0856202936747,0.04078230973721629,NaN,NaN,NaN,raw
810,0.7574243909547729,17.094813253012052,0.05868690478284006,NaN,NaN,NaN,raw
810,0.7575970850429865,17.087708396084338,0.039370227582923904,NaN,NaN,NaN,raw
810,0.7578683416686545,17.128,0.018,7294.59849,0.7578683416686545,0.7283711715863319,raw
810,0.7578779376744488,17.089135353915665,0.04039500298776585,NaN,NaN,NaN,raw
810,0.7579580739425018,17.093975903614464,0.05862794367433977,NaN,NaN,NaN,raw
810,0.7581569767922484,17.092541603915663,0.04036552979086573,NaN,NaN,NaN,raw
810,0.7584256093491158,17.094635353915663,0.04234680156239714,NaN,NaN,NaN,raw
550,0.7584586814100476,18.71114285714285,0.09170341587703486,NaN,NaN,NaN,raw
810,0.758492245411792,17.093861445783137,0.05849111889348836,NaN,NaN,NaN,raw
810,0.7587021466559055,17.094640248493974,0.042346693121599485,NaN,NaN,NaN,raw
810,0.7589802248499201,17.097358998493974,0.04419516120077255,NaN,NaN,NaN,raw
810,0.7590158336917893,17.093933734939764,0.05850367878017724,NaN,NaN,NaN,raw
550,0.7591273352301552,18.69637940190321,0.0563395019171174,NaN,NaN,NaN,raw
550,0.7591273352301553,18.69637940190321,0.054290102486217094,NaN,NaN,NaN,raw
550,0.7591273352301553,18.696379401903208,0.05244922191446719,NaN,NaN,NaN,raw
810,0.7592510829956021,17.096780308734942,0.044367976086064895,NaN,NaN,NaN,raw
810,0.7593427671672544,17.021,0.019,6580.53151,0.7593427671672544,0.3799992171461781,raw
810,0.7595230630545851,17.095874058734942,0.04507556845500934,NaN,NaN,NaN,raw
810,0.7595288817563809,17.093415662650607,0.05832231857619931,NaN,NaN,NaN,raw
550,0.7597739561326654,18.675761904761902,0.07192461094690417,NaN,NaN,NaN,raw
810,0.7597813793465248,17.095858810240962,0.045076530486332825,NaN,NaN,NaN,raw
810,0.7600405456455136,17.093403614457834,0.058316584149421105,NaN,NaN,NaN,raw
810,0.7600414737648085,17.093726468373497,0.043481326391693824,NaN,NaN,NaN,raw
810,0.7603003307231911,17.089381024096387,0.050009089425229455,NaN,NaN,NaN,raw
810,0.7605465412252517,17.088308546686747,0.050289122122147055,NaN,NaN,NaN,raw
810,0.7605489686441188,17.09416265060241,0.05780650107267397,NaN,NaN,NaN,raw
810,0.7607983209682156,17.089397025602413,0.04998799994038586,NaN,NaN,NaN,raw
810,0.7609920538125152,16.999,0.01,5387.7543,0.7609920538125152,0.09786347427871078,raw
810,0.7610536273380244,17.08530327560241,0.047370721778763704,NaN,NaN,NaN,raw
810,0.7610561095302782,17.09387951807229,0.05778442646236541,NaN,NaN,NaN,raw
810,0.7613092393337506,17.08086577560241,0.04590577622245045,NaN,NaN,NaN,raw
810,0.761559891347681,17.094168674698796,0.057864799427444505,NaN,NaN,NaN,raw
810,0.7615683660271297,17.08174077560241,0.04490512061268069,NaN,NaN,NaN,raw
810,0.7618299169607201,17.083190700301206,0.0444607319394492,NaN,NaN,NaN,raw
810,0.7618871619650126,17.092278018622107,0.02826124257345504,NaN,NaN,NaN,raw
810,0.762050957569275,17.09422891566265,0.05775661059920323,NaN,NaN,NaN,raw
810,0.7620921391936166,17.085072853915662,0.04616523952363426,NaN,NaN,NaN,raw
810,0.7622112781136821,17.045,0.009,7849.79269,0.7622112781136821,0.2569661621382693,raw
810,0.7623414839042149,17.085828689759033,0.046526442084763725,NaN,NaN,NaN,raw
810,0.7625422596274692,17.093819277108434,0.05774250985472266,NaN,NaN,NaN,raw
810,0.762581622339256,17.084737387048193,0.04591086444862612,NaN,NaN,NaN,raw
810,0.7626340342030744,17.139,0.012,5377.6731,0.7626340342030744,0.5347540761285927,raw
810,0.7626378599197778,17.145,0.013,6010.73878,0.7626378599197778,0.6259846890188783,raw
810,0.7626615333429072,17.165,0.011,6132.76298,0.7626615333429072,0.628759539416933,raw
810,0.7628321730644263,17.084738140060242,0.0459110210604581,NaN,NaN,NaN,raw
810,0.763038524997836,17.093807228915665,0.05775779266984441,NaN,NaN,NaN,raw
810,0.7630690430950846,17.084704631024096,0.045904538298478,NaN,NaN,NaN,raw
810,0.7632961121091233,17.08336295180723,0.04625220072246353,NaN,NaN,NaN,raw
810,0.7633594246253779,17.168,0.011,7625.5606,0.7633594246253779,0.6373685699891212,raw
810,0.7633969339112809,17.075,0.011,6390.71751,0.7633969339112809,0.3787248350727168,raw
810,0.7634918577095959,17.048,0.01,7120.77681,0.7634918577095959,0.9337533076086402,raw
810,0.7635226188668086,17.08559732680723,0.04484807267440461,NaN,NaN,NaN,raw
810,0.7635368240040757,17.092867469879515,0.057352661523792606,NaN,NaN,NaN,raw
810,0.7637540170030209,17.084428087349398,0.04512454657462519,NaN,NaN,NaN,raw
810,0.7639749963348765,17.084420557228917,0.04512302055506264,NaN,NaN,NaN,raw
810,0.764038232379899,17.092765060240964,0.0572777304733538,NaN,NaN,NaN,raw
810,0.7640954004891682,16.954,0.017,6054.89049,0.7640954004891682,0.06396358492747822,raw
810,0.7641807569170029,17.083290474397593,0.045323556210585904,NaN,NaN,NaN,raw
810,0.7642292430482485,17.059,0.013,5380.80248,0.7642292430482485,0.228318660543664,raw
810,0.764378810572143,17.08832172439759,0.04459509707202883,NaN,NaN,NaN,raw
810,0.7645396936067114,17.09283132530121,0.05721799235504527,NaN,NaN,NaN,raw
810,0.7645844695082709,17.088305346385546,0.04459308626543969,NaN,NaN,NaN,raw
810,0.7646939381957054,17.052,0.009,7200.7361,0.7646939381957054,0.9620949403943087,raw
810,0.7647437588093453,17.027,0.01,7090.87958,0.7647437588093453,0.9852907047752524,raw
810,0.7647753124450851,17.09058132530121,0.0467103466298803,NaN,NaN,NaN,raw
810,0.7648981106631254,17.045,0.012,5471.53865,0.7648981106631254,0.3077893663321447,raw
810,0.7649577256962452,17.09101167168675,0.046808370469820414,NaN,NaN,NaN,raw
810,0.76504253571659,17.09239759036145,0.05713873382609523,NaN,NaN,NaN,raw
810,0.7651437788410307,17.09252466114458,0.04604947647112298,NaN,NaN,NaN,raw
550,0.7651952557161644,18.723476190476187,0.012503332889010194,NaN,NaN,NaN,raw
810,0.7652779496893345,17.154,0.011,7934.61969,0.7652779496893345,0.6970606862960267,raw
810,0.7653224158310314,17.09112405873494,0.04668602363591859,NaN,NaN,NaN,raw
550,0.7653756780543647,18.723142857142854,0.08983220010566437,NaN,NaN,NaN,raw
810,0.7654034216939181,17.119,0.01,6889.59204,0.7654034216939181,0.44277141097700223,raw
810,0.7655090912146199,17.091374058734942,0.04697121422921836,NaN,NaN,NaN,raw
810,0.7655527715899673,17.093078313253017,0.057027902895449276,NaN,NaN,NaN,raw
810,0.7656983805117367,17.089753388554215,0.045944730302696524,NaN,NaN,NaN,raw
810,0.7659024163437212,17.088565888554214,0.04440233866637006,NaN,NaN,NaN,raw
810,0.765975697147951,17.094,0.011,5712.80623,0.765975697147951,0.3653243588996702,raw
810,0.7660720863928566,17.09278915662651,0.056782179261707214,NaN,NaN,NaN,raw
810,0.7660956424096348,17.088547439759033,0.04440021327868191,NaN,NaN,NaN,raw
810,0.7662799429004217,17.086422439759033,0.042039420410584845,NaN,NaN,NaN,raw
810,0.7662820421410288,17.051,0.014,5382.54143,0.7662820421410288,0.947833111988075,raw
810,0.7664783265923792,17.087001882530117,0.042004674550301734,NaN,NaN,NaN,raw
810,0.7665909834131854,17.0925,0.056554478964173024,NaN,NaN,NaN,raw
810,0.7666755029214177,17.08928313253012,0.041799971873343625,NaN,NaN,NaN,raw
810,0.7668806019352111,17.087443524096386,0.04291756963364721,NaN,NaN,NaN,raw
810,0.7669336221151752,17.056,0.01,5981.88555,0.7669336221151752,0.9105782909718982,raw
810,0.7670752323043524,17.08747533885542,0.04292201885469935,NaN,NaN,NaN,raw
810,0.7671118842648954,17.09316265060241,0.05633205710050138,NaN,NaN,NaN,raw
810,0.7671333072721609,17.058,0.009,7182.65929,0.7671333072721609,0.2968337016936857,raw
810,0.7672737794554103,17.09103783885542,0.03559122242297949,NaN,NaN,NaN,raw
810,0.7673297707769962,17.16,0.019,5343.6053,0.7673297707769962,0.6656811131579161,raw
810,0.7674735248396467,17.092162838855423,0.03511160277064549,NaN,NaN,NaN,raw
810,0.7676371954863739,17.093355421686745,0.05639310242157449,NaN,NaN,NaN,raw
810,0.7676668653257366,17.167,0.011,7534.82616,0.7676668653257366,0.5615982351137063,raw
810,0.7676687485908401,17.092175828313252,0.03511193493842878,NaN,NaN,NaN,raw
810,0.7678714055109636,17.095175828313252,0.03566534786695096,NaN,NaN,NaN,raw
810,0.7678881816063949,17.108,0.011,6101.82419,0.7678881816063949,0.45245975205034483,raw
810,0.7680764912578338,17.099269578313255,0.03510131875314986,NaN,NaN,NaN,raw
810,0.7681649787468211,17.093415662650603,0.05644102952463443,NaN,NaN,NaN,raw
810,0.7682586433074903,17.049,0.013,7917.58601,0.7682586433074903,0.26299477220891276,raw
810,0.7682768015029096,17.100777108433736,0.03370345645165509,NaN,NaN,NaN,raw
810,0.7684888589744215,17.100800263554216,0.03369776785502212,NaN,NaN,NaN,raw
810,0.7686076464779035,17.147,0.013,5769.47365,0.7686076464779035,0.5736901061281969,raw
810,0.7686951174275171,17.093138554216868,0.056457214331015776,NaN,NaN,NaN,raw
810,0.768709841647291,17.098917545180726,0.032282897697149746,NaN,NaN,NaN,raw
810,0.7689430404472781,17.098110692771087,0.032086839724120235,NaN,NaN,NaN,raw
810,0.7691875093854668,17.098108998493977,0.032087115450145504,NaN,NaN,NaN,raw
810,0.7691906799664139,17.127,0.01,5648.84025,0.7691906799664139,0.5457567975063284,raw
810,0.7692217591070677,17.09321686746988,0.05654272681953346,NaN,NaN,NaN,raw
810,0.7692570403305581,17.1,0.012,7546.64672,0.7692570403305581,0.845099051228317,raw
810,0.7694299641874585,17.09879649849398,0.03223159709068556,NaN,NaN,NaN,raw
810,0.7694757981170883,17.094266177647597,0.026720865936038972,NaN,NaN,NaN,raw
810,0.7694757981170884,17.094266177647597,0.026636172011621828,NaN,NaN,NaN,raw
810,0.7694757981170884,17.0942661776476,0.02655227834808173,NaN,NaN,NaN,raw
810,0.7696740955509325,17.098775978915665,0.03223575365554794,NaN,NaN,NaN,raw
810,0.7697452120539244,17.093542168674702,0.05596455614368126,NaN,NaN,NaN,raw
810,0.7698015002388274,17.121,0.011,5716.63168,0.7698015002388274,0.5477428058275109,raw
810,0.76992756734244,17.100036332831326,0.031075093848402856,NaN,NaN,NaN,raw
810,0.7700999924454663,17.034,0.011,7471.90285,0.7700999924454663,0.9722420846828754,raw
810,0.7701719410623191,17.099333207831325,0.0315027238214095,NaN,NaN,NaN,raw
810,0.7702664041924173,17.093783132530124,0.05583157533755639,NaN,NaN,NaN,raw
810,0.7704107858833886,17.101114457831326,0.030571203459822102,NaN,NaN,NaN,raw
550,0.7704158537850335,18.75542857142857,0.04513268420638795,NaN,NaN,NaN,raw
810,0.7704489093230222,17.068,0.012,6362.90818,0.7704489093230222,0.8961607475357596,raw
810,0.7706210953438131,17.095,0.01,5765.65023,0.7706210953438131,0.395613712933482,raw
810,0.7706542002444517,17.101033132530123,0.030596490165655715,NaN,NaN,NaN,raw
810,0.7707868536449003,17.09324698795181,0.05603423593601669,NaN,NaN,NaN,raw
810,0.770907591059257,17.10350188253012,0.030196792894444942,NaN,NaN,NaN,raw
810,0.7711582564103888,17.10156438253012,0.028389766311656798,NaN,NaN,NaN,raw
810,0.7711789596396557,17.148,0.015,5340.82546,0.7711789596396557,0.7197625688022526,raw
810,0.7713065027091943,17.158,0.016,5430.5185,0.7713065027091943,0.5680379499772243,raw
810,0.7713080385055507,17.093240963855425,0.056035614294557175,NaN,NaN,NaN,raw
810,0.771401110551214,17.101490210843373,0.028414994357232028,NaN,NaN,NaN,raw
810,0.7716588632330816,17.09911991716867,0.025819071916709322,NaN,NaN,NaN,raw
550,0.7717514076840806,18.736142857142855,0.09127882654714677,NaN,NaN,NaN,raw
810,0.7718283748049708,17.09313855421687,0.05614158579946649,NaN,NaN,NaN,raw
810,0.7719099816295587,17.099557417168675,0.02609157324917163,NaN,NaN,NaN,raw
810,0.7721681274554739,17.0994734563253,0.026116285700109602,NaN,NaN,NaN,raw
810,0.7723493952211553,17.093753012048197,0.0559933369138808,NaN,NaN,NaN,raw
810,0.7724333531826928,17.1001297063253,0.02504911647801209,NaN,NaN,NaN,raw
810,0.7726935749090493,17.09839156626506,0.023578469199607367,NaN,NaN,NaN,raw
810,0.7728657832935111,17.093180722891564,0.05562158826109139,NaN,NaN,NaN,raw
810,0.7729670767455281,17.09835109186747,0.02358888665003294,NaN,NaN,NaN,raw
810,0.7732411564607563,17.09727390813253,0.023018573252606634,NaN,NaN,NaN,raw
810,0.773375777611999,17.09302409638554,0.055553845221330084,NaN,NaN,NaN,raw
810,0.77351981942688,17.098954631024096,0.02462055674248275,NaN,NaN,NaN,raw
810,0.7737342508116853,17.116,0.014,6403.9317,0.7737342508116853,0.6431204008713394,raw
810,0.7738079648093887,17.098738328313253,0.024641472632370723,NaN,NaN,NaN,raw
810,0.7738842900240255,17.092132530120477,0.055579322748627084,NaN,NaN,NaN,raw
810,0.7740969806569922,17.09875753012048,0.02463753201402698,NaN,NaN,NaN,raw
550,0.7741204756166553,18.807,0.012,6368.81946,0.7741204756166553,0.5400500983159873,raw
810,0.7743860901471464,17.099570030120482,0.025796180593598016,NaN,NaN,NaN,raw
810,0.7743931394692678,17.0913313253012,0.05530646173593175,NaN,NaN,NaN,raw
810,0.7744109424493217,17.07,0.008,6377.85839,0.7744109424493217,0.8738036625982204,raw
810,0.7745766563893994,17.113,0.009,7579.67506,0.7745766563893994,0.4908266093880229,raw
810,0.7746723384398422,17.099726280120482,0.02539827869360446,NaN,NaN,NaN,raw
550,0.7747232061358642,18.757,0.04349900303807064,NaN,NaN,NaN,raw
810,0.7749011438189148,17.090560240963853,0.05529167275734405,NaN,NaN,NaN,raw
810,0.7749614016583739,17.099738516566266,0.025395417188228513,NaN,NaN,NaN,raw
810,0.7752418133459287,17.137,0.011,6810.67953,0.7752418133459287,0.6534322437491937,raw
810,0.775249773151899,17.103113516566268,0.028076349857404113,NaN,NaN,NaN,raw
810,0.7753510620132147,17.098,0.011,7827.89548,0.7753510620132147,0.4200881372744334,raw
810,0.7754085279927813,17.09098192771084,0.05553840853794857,NaN,NaN,NaN,raw
810,0.775543292643619,17.105394766566263,0.03027541288821103,NaN,NaN,NaN,raw
810,0.7758326568798076,17.105445971385542,0.03025558373547362,NaN,NaN,NaN,raw
810,0.7759149511454988,17.09115060240963,0.05566943750714729,NaN,NaN,NaN,raw
810,0.7759239702936611,17.122,0.009,7142.68291,0.7759239702936611,0.7896465332978551,raw
810,0.7761263298667656,17.10378012048193,0.02928910115050577,NaN,NaN,NaN,raw
810,0.7764200947581186,17.101155120481927,0.028009189202546116,NaN,NaN,NaN,raw
810,0.7764256451761089,17.090728915662645,0.05543223005178538,NaN,NaN,NaN,raw
810,0.7767217219724754,17.099553840361445,0.0298785705603645,NaN,NaN,NaN,raw
810,0.7767458665784943,17.07,0.013,5439.55922,0.7767458665784943,0.9056202217361715,raw
810,0.7769347417213093,17.091379518072287,0.05558488405604456,NaN,NaN,NaN,raw
810,0.7770113788004922,17.099611634036144,0.02986754787560114,NaN,NaN,NaN,raw
810,0.7773013461712537,17.09964006024096,0.02986222450662102,NaN,NaN,NaN,raw
810,0.7774471761948402,17.091843373493973,0.0557850815134267,NaN,NaN,NaN,raw
810,0.7775836492259594,17.1003844126506,0.029992601539396625,NaN,NaN,NaN,raw
810,0.7778580693696296,17.10043542921687,0.02998106421352819,NaN,NaN,NaN,raw
810,0.7779612308537165,17.09253012048193,0.05523510902565784,NaN,NaN,NaN,raw
810,0.7781379106198612,17.09979951054217,0.029855830302505493,NaN,NaN,NaN,raw
810,0.7781389740230225,17.147,0.012,7263.66493,0.7781389740230225,0.5632580546698591,raw
550,0.7782977351068568,18.727857142857143,0.08447562884129246,NaN,NaN,NaN,raw
810,0.7784226711686671,17.098232868975906,0.03153899267073799,NaN,NaN,NaN,raw
810,0.7784776925708388,17.093078313253017,0.0552220850597817,NaN,NaN,NaN,raw
550,0.7786409510765572,18.729285714285712,0.07700993839917604,NaN,NaN,NaN,raw
810,0.7786983914352661,17.098389871987955,0.03151602486610796,NaN,NaN,NaN,raw
810,0.7789836014988325,17.09767112198795,0.03243328506614717,NaN,NaN,NaN,raw
810,0.7789937191772364,17.094156626506027,0.05470659633989329,NaN,NaN,NaN,raw
810,0.7790530039237638,17.147,0.009,6398.71884,0.7790530039237638,0.49311142800615926,raw
810,0.7792599378117302,17.039,0.011,6182.48231,0.7792599378117302,0.9755587292711425,raw
810,0.7792702236363374,17.09712198795181,0.032313917023787726,NaN,NaN,NaN,raw
810,0.7795164271854292,17.094174698795182,0.05467379482730114,NaN,NaN,NaN,raw
810,0.7795634412927597,17.09728878012048,0.03229272295628454,NaN,NaN,NaN,raw
810,0.779676797115826,17.176,0.011,5766.69632,0.779676797115826,0.6331403080112068,raw
810,0.7798544204941549,17.095351280120482,0.031687538187957644,NaN,NaN,NaN,raw
810,0.7800137190788519,17.168,0.011,7602.62167,0.7800137190788519,0.5723111297538708,raw
810,0.7800465092029397,17.094885542168672,0.05454899523009902,NaN,NaN,NaN,raw
810,0.7801504351254318,17.095278990963855,0.031683939132097994,NaN,NaN,NaN,raw
810,0.7804468573535999,17.097279555722892,0.033379583210763605,NaN,NaN,NaN,raw
810,0.7805764952223092,17.094692771084336,0.054359484206379725,NaN,NaN,NaN,raw
810,0.780706979232491,17.074,0.011,6572.54305,0.780706979232491,0.2931408170807117,raw
810,0.7807280525254023,17.099337349397594,0.034980896517932736,NaN,NaN,NaN,raw
810,0.780960109364969,17.042,0.013,5390.54242,0.780960109364969,0.06149246439781564,raw
810,0.7810188645314307,17.09808734939759,0.03485941568040402,NaN,NaN,NaN,raw
810,0.7810973933015067,17.09498795180723,0.05418799911327874,NaN,NaN,NaN,raw
810,0.781298195612835,17.098265060240966,0.03483517970705176,NaN,NaN,NaN,raw
810,0.7815845237722313,17.099085655120483,0.034455087443796203,NaN,NaN,NaN,raw
810,0.7816283510855243,17.094662650602412,0.05395694739628688,NaN,NaN,NaN,raw
810,0.7818650872503958,17.100761295180725,0.03536019197122163,NaN,NaN,NaN,raw
810,0.7818994810440927,17.117,0.013,7618.6141,0.7818994810440927,0.779202931547843,raw
810,0.7821363375491381,17.098922439759036,0.03731491866509802,NaN,NaN,NaN,raw
810,0.7821572222094483,17.094656626506026,0.05395089954656829,NaN,NaN,NaN,raw
550,0.7823663328686269,18.701666666666664,0.042187466301322175,NaN,NaN,NaN,raw
810,0.7824013505349707,17.099045180722893,0.0372996706127659,NaN,NaN,NaN,raw
810,0.7826620116498784,17.095920180722892,0.037341391203338785,NaN,NaN,NaN,raw
810,0.7826891708190958,17.095650602409638,0.05395731954951285,NaN,NaN,NaN,raw
810,0.7829194417080663,17.09819898343374,0.039334256238445296,NaN,NaN,NaN,raw
810,0.7829966275858169,17.042,0.012,5829.62163,0.7829966275858169,0.22677434389515838,raw
810,0.7831687568632165,17.098253012048197,0.0393297117755652,NaN,NaN,NaN,raw
810,0.7832161880004309,17.09635542168675,0.05368719897762903,NaN,NaN,NaN,raw
810,0.7834326381128038,17.09664702560241,0.03831103769194909,NaN,NaN,NaN,raw
550,0.7835046425061591,18.653,0.013,6092.79079,0.7835046425061591,0.130534541036468,raw
810,0.7835376644834469,17.047,0.01,6049.68254,0.7835376644834469,0.9244568208414421,raw
810,0.7837067557496078,17.098406814759038,0.03684286765858369,NaN,NaN,NaN,raw
810,0.783748564789555,17.095427710843378,0.05335397134008218,NaN,NaN,NaN,raw
810,0.7839771988851907,17.100213855421686,0.038027634198455965,NaN,NaN,NaN,raw
810,0.7842549549103612,17.09767451054217,0.035427890397885436,NaN,NaN,NaN,raw
810,0.7842841088244291,17.09589759036145,0.05325941425024939,NaN,NaN,NaN,raw
810,0.7845242148990312,17.09495576054217,0.03312003172417433,NaN,NaN,NaN,raw
810,0.7845531477905752,17.075,0.012,5740.62447,0.7845531477905752,0.8669464261147368,raw
810,0.7848072223066151,17.094963478915663,0.03312004361178285,NaN,NaN,NaN,raw
810,0.7848235302140805,17.095686746987955,0.05314096239154158,NaN,NaN,NaN,raw
810,0.7848940392941586,17.155,0.01,6361.87026,0.7848940392941586,0.6761093145178165,raw
810,0.7849131966431742,17.157,0.013,5472.58855,0.7849131966431742,0.5534653331924346,raw
810,0.7850905066023579,17.094995105421688,0.03312025997710982,NaN,NaN,NaN,raw
810,0.7852299544865673,17.082,0.016,5835.53241,0.7852299544865673,0.8695942233134701,raw
550,0.7852966209928647,18.724142857142855,0.0825114044731503,NaN,NaN,NaN,raw
810,0.7853642397810499,17.096415662650603,0.05285659955796403,NaN,NaN,NaN,raw
810,0.7853750254120933,17.093307605421685,0.035513671440652934,NaN,NaN,NaN,raw
810,0.7856593563519418,17.093057605421684,0.03591242408872495,NaN,NaN,NaN,raw
810,0.7859083676791768,17.09625903614458,0.05285164264215869,NaN,NaN,NaN,raw
810,0.7859127730225737,17.145,0.013,6428.61889,0.7859127730225737,0.44760584932373604,raw
810,0.785941264183249,17.09433923192771,0.03670656494359207,NaN,NaN,NaN,raw
810,0.7861271857545944,17.033,0.01,6427.92367,0.7861271857545944,0.960570088125678,raw
810,0.7862074380330037,17.095568524096386,0.03737044029262157,NaN,NaN,NaN,raw
550,0.7863393451914222,18.728156462585037,0.0359199471807395,NaN,NaN,NaN,raw
550,0.7863393451914222,18.728156462585037,0.034613327192893804,NaN,NaN,NaN,raw
550,0.7863393451914222,18.728156462585034,0.03343965098608985,NaN,NaN,NaN,raw
810,0.7864416464003571,17.096457831325303,0.05266642912216918,NaN,NaN,NaN,raw
810,0.7864661943525966,17.094901543674702,0.03716550083767436,NaN,NaN,NaN,raw
810,0.7864801297000668,17.047,0.008,6076.80005,0.7864801297000668,0.9272575524464628,raw
810,0.7867154544328514,17.166,0.009,6075.75719,0.7867154544328514,0.6966397423693707,raw
810,0.7867201449111336,17.09394352409639,0.037564990477421775,NaN,NaN,NaN,raw
810,0.7869619782594328,17.095298192771082,0.03840087013048724,NaN,NaN,NaN,raw
810,0.7869718041420457,17.095885542168674,0.05253148119915335,NaN,NaN,NaN,raw
550,0.787042812785027,18.703214285714285,0.04368714143235488,NaN,NaN,NaN,raw
810,0.7871981488541224,17.095235692771084,0.03849193438816198,NaN,NaN,NaN,raw
810,0.7874280622464294,17.095349585843373,0.03850074533820855,NaN,NaN,NaN,raw
810,0.7874972039105587,17.09560843373494,0.05224809975913995,NaN,NaN,NaN,raw
810,0.7876483483858674,17.094005835843372,0.04091723048681887,NaN,NaN,NaN,raw
810,0.7878665977812287,17.094016942771084,0.04091767714034598,NaN,NaN,NaN,raw
810,0.7880317021894567,17.09531325301205,0.05236710225944101,NaN,NaN,NaN,raw
810,0.7880852776520376,17.09402579066265,0.04091812753233842,NaN,NaN,NaN,raw
810,0.78817060752408,17.152,0.014,5434.69613,0.78817060752408,0.5037492457558983,raw
810,0.788308178690493,17.09661954066265,0.042281134923629116,NaN,NaN,NaN,raw
810,0.7885270801833798,17.096613893072288,0.042281275607832014,NaN,NaN,NaN,raw
810,0.7885649899212859,17.094740963855426,0.05243881637973706,NaN,NaN,NaN,raw
810,0.7886300387162919,17.081,0.012,5630.76935,0.7886300387162919,0.8931367103086814,raw
810,0.7887498958264217,17.09636389307229,0.041947246657671425,NaN,NaN,NaN,raw
810,0.7889831075305455,17.094449736445785,0.04046229300688235,NaN,NaN,NaN,raw
810,0.7891027462456224,17.095132530120488,0.05251060985647653,NaN,NaN,NaN,raw
810,0.7892235339384659,17.094892695783134,0.04039914266056562,NaN,NaN,NaN,raw
810,0.7894729575571998,17.0960984563253,0.041017134700777745,NaN,NaN,NaN,raw
810,0.7896415926860787,17.095704819277113,0.052037896222853555,NaN,NaN,NaN,raw
810,0.7897092531097748,17.09611389307229,0.041017290037585245,NaN,NaN,NaN,raw
810,0.7898115811440221,17.02,0.013,5843.52989,0.7898115811440221,0.9757458867588866,raw
810,0.7899626867631135,17.09460673945783,0.04003742306171215,NaN,NaN,NaN,raw
810,0.7899877595101246,17.10000896465609,0.027861141492097334,NaN,NaN,NaN,raw
810,0.7899877595101246,17.10000896465609,0.027772833372990892,NaN,NaN,NaN,raw
810,0.7899877595101246,17.10000896465609,0.0276853596647744,NaN,NaN,NaN,raw
810,0.7900586994401237,17.034,0.012,6944.52888,0.7900586994401237,0.9495256573663937,raw
810,0.7901184439033386,17.136,0.016,6231.50435,0.7901184439033386,0.8308945464868884,raw
810,0.790145914277673,17.134,0.013,5826.49529,0.790145914277673,0.5397121453661384,raw
810,0.7901796832710639,17.095656626506027,0.05200124868610565,NaN,NaN,NaN,raw
810,0.7902171895167052,17.096231739457835,0.03848135355093917,NaN,NaN,NaN,raw
810,0.7902836400826345,17.064,0.01,6019.78722,0.7902836400826345,0.9800795986138837,raw
550,0.7903719630473157,18.719214285714283,0.01631810688299514,NaN,NaN,NaN,raw
810,0.7904278379646712,17.139,0.012,6847.53542,0.7904278379646712,0.4860700285571511,raw
810,0.7904715133351409,17.096261671686747,0.038481907601034426,NaN,NaN,NaN,raw
810,0.7905540866158844,17.04,0.012,7227.51393,0.7905540866158844,0.23833960720912728,raw
810,0.7905734165542526,17.1,0.009,6345.88046,0.7905734165542526,0.474842932087995,raw
810,0.7905868209454638,17.004,0.009,6012.83438,0.7905868209454638,0.10835306329681771,raw
810,0.7907279316439065,17.09944917168675,0.03849426751078776,NaN,NaN,NaN,raw
810,0.7907325454411163,17.09578313253012,0.051870829822660655,NaN,NaN,NaN,raw
810,0.7909911154826744,17.09731908885542,0.03652858390139581,NaN,NaN,NaN,raw
810,0.7912639379459827,17.097367846385545,0.036527649986189945,NaN,NaN,NaN,raw
810,0.7912818646903153,17.096180722891567,0.05170877531254001,NaN,NaN,NaN,raw
810,0.7915377723699097,17.09744766566265,0.0365264720283822,NaN,NaN,NaN,raw
810,0.7916859810211463,17.158,0.013,5819.54288,0.7916859810211463,0.6689053554200655,raw
810,0.7918124785206986,17.09756682981928,0.03652550426163261,NaN,NaN,NaN,raw
810,0.7918283779864582,17.095506024096384,0.0516015911180515,NaN,NaN,NaN,raw
810,0.7920241398715007,17.147,0.011,5392.63215,0.7920241398715007,0.531305244880059,raw
810,0.792085912100349,17.095879329819276,0.03515109273254194,NaN,NaN,NaN,raw
550,0.7923271748560572,18.732499999999998,0.07292013544862688,NaN,NaN,NaN,raw
810,0.7923617394009852,17.0960047063253,0.03515405638272102,NaN,NaN,NaN,raw
810,0.7923759711751349,17.095746987951806,0.0512119406941434,NaN,NaN,NaN,raw
810,0.7926377447324853,17.0986609563253,0.037138996442590035,NaN,NaN,NaN,raw
810,0.792909779131644,17.099250564759036,0.03723082698155781,NaN,NaN,NaN,raw
810,0.7929235995400205,17.096174698795178,0.051292029845447736,NaN,NaN,NaN,raw
810,0.7931666204645881,17.097041039156625,0.03947825810667649,NaN,NaN,NaN,raw
810,0.7933457955805352,17.135,0.011,7526.8392,0.7933457955805352,0.4779482491358067,raw
810,0.7934217579226268,17.099498117469878,0.03689064890050693,NaN,NaN,NaN,raw
810,0.7934698253615768,17.096753012048193,0.05125272341582687,NaN,NaN,NaN,raw
550,0.7934920932930254,18.701,0.013,6477.63979,0.7934920932930254,0.3005032718338043,raw
810,0.7936790472650981,17.10246686746988,0.035235084099304766,NaN,NaN,NaN,raw
810,0.7939416194406275,17.104591867469882,0.03915513055828803,NaN,NaN,NaN,raw
810,0.7940226499294145,17.096771084337348,0.051251566196604814,NaN,NaN,NaN,raw
810,0.7942045802006772,17.10348964608434,0.0387953734860855,NaN,NaN,NaN,raw
810,0.7942712738695263,17.085,0.014,5662.75486,0.7942712738695263,0.30831062667311926,raw
550,0.7944012804367784,18.73483333333333,0.03505828480307257,NaN,NaN,NaN,raw
810,0.7944746977667122,17.105969126506025,0.0407641348143079,NaN,NaN,NaN,raw
810,0.794580008590297,17.097415662650597,0.05106658275630666,NaN,NaN,NaN,raw
810,0.7946855155805679,17.149,0.012,5362.73541,0.7946855155805679,0.5838907239831315,raw
810,0.7947425923268369,17.104875376506023,0.04236466608502012,NaN,NaN,NaN,raw
810,0.7950149392397031,17.103601091867468,0.041916013142927123,NaN,NaN,NaN,raw
810,0.7951373372734233,17.09783734939759,0.05102813296745089,NaN,NaN,NaN,raw
810,0.7952958885192026,17.10716359186747,0.041174037758682544,NaN,NaN,NaN,raw
810,0.7955784396377191,17.107476091867472,0.041155858795326516,NaN,NaN,NaN,raw
810,0.7957021229679094,17.097445783132528,0.050454720898030304,NaN,NaN,NaN,raw
810,0.7958640287337719,17.110437500000003,0.0366306273106669,NaN,NaN,NaN,raw
810,0.796163277015711,17.110500188253013,0.03660644792592954,NaN,NaN,NaN,raw
810,0.7962599054762247,17.09816265060241,0.05029287608048358,NaN,NaN,NaN,raw
810,0.7964502480182695,17.10971329066265,0.0371901808303362,NaN,NaN,NaN,raw
810,0.7967380864319685,17.107816076807232,0.036182319426126625,NaN,NaN,NaN,raw
550,0.7967809707968714,18.73247619047619,0.035528181781232154,NaN,NaN,NaN,raw
810,0.7968222990147,17.0991265060241,0.05062640007033667,NaN,NaN,NaN,raw
810,0.7969204820728919,17.098,0.013,7874.83536,0.7969204820728919,0.8218029704366927,raw
810,0.7970400997995462,17.107897590361446,0.03615662113147115,NaN,NaN,NaN,raw
810,0.7973504718613362,17.10705384036145,0.03552419776420711,NaN,NaN,NaN,raw
550,0.7973845731612528,18.771,0.023,6191.52744,0.7973845731612528,0.32257373844549875,raw
810,0.7973914635416454,17.098753012048196,0.05086290983549003,NaN,NaN,NaN,raw
810,0.7974622093242942,17.166,0.009,6734.90015,0.7974622093242942,0.5656786961517355,raw
810,0.7976541315040079,17.1071265060241,0.0355026949506762,NaN,NaN,NaN,raw
810,0.7978078470187029,17.114,0.011,6523.53073,0.7978078470187029,0.4585955231505068,raw
810,0.7978605153402896,17.025,0.01,6887.51744,0.7978605153402896,0.0053208339213597355,raw
810,0.7979577317326769,17.107808546686748,0.03549515498893867,NaN,NaN,NaN,raw
810,0.7979759798012617,17.0986265060241,0.05093339937566087,NaN,NaN,NaN,raw
810,0.7982497897328047,17.10665530873494,0.035181317966845045,NaN,NaN,NaN,raw
810,0.7982919583992043,17.129,0.01,6422.71319,0.7982919583992043,0.8156517989482381,raw
810,0.798520753520279,17.204,0.02,6943.48888,0.798520753520279,0.7250252234807704,raw
810,0.7985408589487536,17.105975527108434,0.035586647978144856,NaN,NaN,NaN,raw
810,0.7985606585992622,17.098728915662655,0.05090673594798329,NaN,NaN,NaN,raw
810,0.7988170965050345,17.107138930722893,0.03588333785451172,NaN,NaN,NaN,raw
810,0.7988234453841869,17.175,0.015,5987.80664,0.7988234453841869,0.5754506698831392,raw
810,0.7988562660066236,17.029,0.009,7905.77664,0.7988562660066236,0.0034287251874047797,raw
810,0.7990936196027165,17.10435768072289,0.04077089031985667,NaN,NaN,NaN,raw
810,0.7991429391763906,17.09822289156627,0.05070107003903688,NaN,NaN,NaN,raw
550,0.7993472117648794,18.740142857142857,0.026732614033446574,NaN,NaN,NaN,raw
810,0.7993655422837477,17.10439382530121,0.040765049766558155,NaN,NaN,NaN,raw
550,0.7994662459363359,18.725428571428573,0.07052736979435596,NaN,NaN,NaN,raw
810,0.7995444635598687,17.154,0.015,6071.93753,0.7995444635598687,0.5266057738190284,raw
810,0.7996150523467804,17.11,0.009,7461.83134,0.7996150523467804,0.42985904153465526,raw
810,0.7996525442441967,17.102831513554218,0.03995024290826038,NaN,NaN,NaN,raw
810,0.7997256720191546,17.098765060240968,0.05074952379829711,NaN,NaN,NaN,raw
810,0.7999298103202943,17.10171159638554,0.0405919168506585,NaN,NaN,NaN,raw
810,0.8002033683380028,17.101778049698794,0.040586448271151716,NaN,NaN,NaN,raw
810,0.8003084904631654,17.09778915662651,0.050677448243735906,NaN,NaN,NaN,raw
810,0.8004649367721868,17.071,0.009,7114.87966,0.8004649367721868,0.32008721752754354,raw
810,0.8004757670730114,17.09933546686747,0.04308607769853631,NaN,NaN,NaN,raw
550,0.8005551807399888,18.742694003527337,0.0348530021558462,NaN,NaN,NaN,raw
810,0.800732589193423,17.099345820783135,0.04308606567381071,NaN,NaN,NaN,raw
810,0.8008968102595174,17.09728915662651,0.05037917562102527,NaN,NaN,NaN,raw
810,0.8010047186592855,17.099383283132532,0.04308537892332047,NaN,NaN,NaN,raw
550,0.8011908161970496,18.724,0.014,7182.67113,0.8011908161970496,0.3221587835560058,raw
810,0.8012714378703871,17.09754725150603,0.044346491613653526,NaN,NaN,NaN,raw
810,0.8014928057489407,17.09811445783133,0.050177673732641516,NaN,NaN,NaN,raw
810,0.801545106533984,17.0954484186747,0.04255541862002868,NaN,NaN,NaN,raw
810,0.8018263212757271,17.094961596385545,0.04242525440642403,NaN,NaN,NaN,raw
810,0.8019560458487831,17.12,0.01,7603.67224,0.8019560458487831,0.8194201882397465,raw
810,0.8020930797406272,17.09807228915663,0.05022465484926701,NaN,NaN,NaN,raw
810,0.8021243842882094,17.09725997740964,0.040459523975139314,NaN,NaN,NaN,raw
550,0.8022672404481238,18.74547619047619,0.035967767127092695,NaN,NaN,NaN,raw
810,0.8024290419639384,17.098115399096386,0.040777472871274104,NaN,NaN,NaN,raw
810,0.8026388068574306,17.118,0.016,6919.50265,0.8026388068574306,0.4198530674693757,raw
810,0.8026916515846206,17.09809638554217,0.05024005753177348,NaN,NaN,NaN,raw
810,0.8027321240906247,17.097177899096387,0.040387506073751,NaN,NaN,NaN,raw
810,0.8027840402719448,17.075,0.008,7097.84575,0.8027840402719448,0.8855293466149305,raw
810,0.8028622517304029,17.134,0.012,6855.53563,0.8028622517304029,0.5980610056412843,raw
810,0.8030341444761859,17.092271649096386,0.03632392312141339,NaN,NaN,NaN,raw
810,0.8031200129953504,16.996,0.01,7848.76397,0.8031200129953504,0.056593002191220876,raw
810,0.803281534383296,17.09857228915663,0.049878192995999604,NaN,NaN,NaN,raw
810,0.8033459050780224,17.09128012048193,0.03657416193011509,NaN,NaN,NaN,raw
810,0.8035636958022873,17.098466073221456,0.026102040792656257,NaN,NaN,NaN,raw
810,0.8036509808233382,17.08894634789157,0.03329542700823609,NaN,NaN,NaN,raw
810,0.8038695783149366,17.099006024096386,0.04931697070840785,NaN,NaN,NaN,raw
810,0.8039738436207775,17.091191076807235,0.03149633642751981,NaN,NaN,NaN,raw
810,0.8040098517085426,17.062,0.014,6838.84896,0.8040098517085426,0.9062296065185365,raw
810,0.8043067759784123,17.091272213855426,0.031518371815138425,NaN,NaN,NaN,raw
810,0.804455979534582,17.09957228915663,0.049232696239089165,NaN,NaN,NaN,raw
550,0.8045462917186038,18.748761904761903,0.03359249592264479,NaN,NaN,NaN,raw
810,0.8046402443672293,17.090834713855426,0.030706276339698933,NaN,NaN,NaN,raw
810,0.8049766649965022,17.02,0.009,5763.57629,0.8049766649965022,0.9595748380761506,raw
810,0.8049774996198475,17.09055854668675,0.03056777509648776,NaN,NaN,NaN,raw
810,0.8050406068678715,17.099457831325307,0.04916251373231911,NaN,NaN,NaN,raw
550,0.8052132438762621,18.754139707734947,0.021548749602463495,NaN,NaN,NaN,raw
550,0.8052132438762623,18.754139707734947,0.02236219428481814,NaN,NaN,NaN,raw
550,0.8052132438762623,18.754139707734947,0.02081806992657323,NaN,NaN,NaN,raw
810,0.8053303936735479,17.090649849397593,0.03059742679679445,NaN,NaN,NaN,raw
810,0.8056286249804916,17.099198795180722,0.04903421438503724,NaN,NaN,NaN,raw
810,0.8056841523170631,17.09076637801205,0.03063257403898839,NaN,NaN,NaN,raw
810,0.8059264782968967,17.04,0.008,6020.8356,0.8059264782968967,0.22250437253387645,raw
810,0.8060369821048637,17.09220387801205,0.03075415554547261,NaN,NaN,NaN,raw
550,0.806144659210986,18.787,0.021,5723.59726,0.806144659210986,0.44671947145798185,raw
810,0.8062196065593964,17.09883734939759,0.04876664337084313,NaN,NaN,NaN,raw
550,0.806303399747776,18.735285714285713,0.06299747073241335,NaN,NaN,NaN,raw
810,0.8063802323518898,17.09269484186747,0.030962654798698967,NaN,NaN,NaN,raw
810,0.8067160698285585,17.092793486445785,0.03098549820600327,NaN,NaN,NaN,raw
810,0.8068067187544778,17.098421686746992,0.048466700966665624,NaN,NaN,NaN,raw
810,0.8070450958554198,17.093074736445786,0.03127986060590853,NaN,NaN,NaN,raw
810,0.8073813110594572,17.09316698042169,0.03129942005501905,NaN,NaN,NaN,raw
810,0.8073985317397241,17.098548192771087,0.048432590733915704,NaN,NaN,NaN,raw
810,0.8077141007790076,17.09344823042169,0.03156903733785532,NaN,NaN,NaN,raw
810,0.8077250254245882,17.126,0.01,7154.86162,0.8077250254245882,0.839209686329923,raw
810,0.8079905864531677,17.099,0.04830785117192114,NaN,NaN,NaN,raw
810,0.8080508358665157,17.09354009789157,0.03158727219104471,NaN,NaN,NaN,raw
550,0.8081534344801184,18.770095238095237,0.03015007812401823,NaN,NaN,NaN,raw
810,0.8081854058582394,17.047,0.01,5654.76381,0.8081854058582394,0.21591236495078192,raw
810,0.808402053028408,17.09566509789157,0.03257174482304902,NaN,NaN,NaN,raw
810,0.8085369978580275,17.067,0.012,5359.6114,0.8085369978580275,0.9018122620018403,raw
810,0.8085858692342934,17.100319277108436,0.04730392246618012,NaN,NaN,NaN,raw
810,0.808752632653817,17.094642884036148,0.031834807094479514,NaN,NaN,NaN,raw
810,0.8091150929759736,17.097932040662652,0.026264280173719883,NaN,NaN,NaN,raw
810,0.8091878755246825,17.100831325301208,0.04731399159505749,NaN,NaN,NaN,raw
810,0.8094851697288838,17.09694540662651,0.02682645283964841,NaN,NaN,NaN,raw
810,0.8097967746207031,17.100819277108435,0.04732675444975056,NaN,NaN,NaN,raw
810,0.8098418365292364,17.098882718373495,0.02912047215853714,NaN,NaN,NaN,raw
810,0.8101964646469753,17.10008716114458,0.02833216335127417,NaN,NaN,NaN,raw
810,0.8102154520020122,17.14,0.011,6154.68129,0.8102154520020122,0.5107692557794508,raw
550,0.8103252410328855,18.754357142857142,0.029222318141294563,NaN,NaN,NaN,raw
810,0.8104072204305668,17.10116265060241,0.046993526854930336,NaN,NaN,NaN,raw
810,0.8105435329267492,17.097631777108436,0.03159504080386148,NaN,NaN,NaN,raw
810,0.8108819803205505,17.099600527108436,0.028403208326085293,NaN,NaN,NaN,raw
810,0.8110182817375621,17.10168674698795,0.04684828581601714,NaN,NaN,NaN,raw
810,0.8112243219857986,17.099625564759037,0.028403431614259195,NaN,NaN,NaN,raw
810,0.8115537244620883,17.09740060240964,0.031098712507123087,NaN,NaN,NaN,raw
810,0.8116287670556565,17.101518072289156,0.046708992436609316,NaN,NaN,NaN,raw
810,0.811755489981806,17.117,0.012,5682.92448,0.811755489981806,0.44997258944749774,raw
810,0.8118808181643544,17.113,0.008,6485.64207,0.8118808181643544,0.4169218603583431,raw
810,0.8118828448733539,17.098650602409638,0.02947879462829352,NaN,NaN,NaN,raw
550,0.8120122444815934,18.788,0.012,6399.77324,0.8120122444815934,0.7484126371309685,raw
810,0.8122043043909601,17.096405685240963,0.032084306467775395,NaN,NaN,NaN,raw
810,0.8122396050023354,17.101271084337352,0.04672438862254294,NaN,NaN,NaN,raw
810,0.8124276338096923,17.095960486861554,0.02532242354811965,NaN,NaN,NaN,raw
810,0.8124276338096924,17.095960486861554,0.025402431404820933,NaN,NaN,NaN,raw
810,0.8124276338096925,17.095960486861554,0.025483202455723927,NaN,NaN,NaN,raw
810,0.8124848787083465,17.129,0.014,7180.93682,0.8124848787083465,0.612569026354322,raw
810,0.8125116119036755,17.096466490963856,0.032090093701932075,NaN,NaN,NaN,raw
550,0.8126287964787912,18.78592857142857,0.04514280063287418,NaN,NaN,NaN,raw
550,0.8126600788692875,18.739785714285716,0.05360134695699698,NaN,NaN,NaN,raw
810,0.8128038418913799,17.09748060993976,0.03266561638006871,NaN,NaN,NaN,raw
810,0.8128519662698209,17.101024096385544,0.046871190583921474,NaN,NaN,NaN,raw
810,0.8130924066484364,17.09610560993976,0.032350954003424824,NaN,NaN,NaN,raw
550,0.813214066085493,18.83,0.016,6120.6129,0.813214066085493,0.640434316597748,raw
810,0.813288077883044,17.127,0.01,7198.66711,0.813288077883044,0.536643832027039,raw
810,0.8133779545575998,17.09626185993976,0.032377448156775554,NaN,NaN,NaN,raw
810,0.8134671743848821,17.101036144578313,0.04685850934219854,NaN,NaN,NaN,raw
810,0.8136623154696982,17.097938629518072,0.031108492229683517,NaN,NaN,NaN,raw
550,0.81383438626961,18.770261904761906,0.05173827054952291,NaN,NaN,NaN,raw
810,0.8139480028490444,17.09637612951807,0.033847678199660086,NaN,NaN,NaN,raw
810,0.8140229894524964,17.143,0.011,7550.83405,0.8140229894524964,0.8015580914398015,raw
810,0.8140807997434937,17.101289156626507,0.046727068301057384,NaN,NaN,NaN,raw
810,0.8142353900475428,17.094616152108433,0.03507789248629242,NaN,NaN,NaN,raw
810,0.8145054270592382,17.09234017319277,0.03697319672708403,NaN,NaN,NaN,raw
810,0.8147187433043589,17.101253012048197,0.04676306322068381,NaN,NaN,NaN,raw
810,0.8147581807382462,17.094127070783134,0.03873594526384941,NaN,NaN,NaN,raw
810,0.8149992894163209,17.09288855421687,0.03784527435485915,NaN,NaN,NaN,raw
810,0.8151239904764225,17.067,0.013,7902.65347,0.8151239904764225,0.32314697509718826,raw
810,0.8152426774763764,17.09435222138554,0.03906176458014721,NaN,NaN,NaN,raw
810,0.8152829159262183,17.161,0.012,6833.63817,0.8152829159262183,0.7606482450937619,raw
810,0.8153579514761866,17.1005421686747,0.04676149703511761,NaN,NaN,NaN,raw
810,0.8154789586140629,17.094306664156626,0.039053783787035064,NaN,NaN,NaN,raw
810,0.8155621644873463,17.021,0.009,5997.89423,0.8155621644873463,0.15222791204723762,raw
550,0.8156290138540498,18.741,0.016,5715.60467,0.8156290138540498,0.35102723793715995,raw
550,0.8156573375835728,18.764880952380953,0.057058613496556776,NaN,NaN,NaN,raw
810,0.8157165660510695,17.094270331325305,0.03904739869433915,NaN,NaN,NaN,raw
810,0.8158069815981435,17.083,0.011,7112.79911,0.8158069815981435,0.8699099312598264,raw
810,0.8159506619855146,17.093332831325306,0.03884367950751266,NaN,NaN,NaN,raw
810,0.8159955401558133,17.10025903614458,0.0464982151137258,NaN,NaN,NaN,raw
810,0.8161695042217616,17.028,0.012,6838.50554,0.8161695042217616,0.17167389593669213,raw
810,0.8161841979054751,17.094739081325304,0.04036348497489513,NaN,NaN,NaN,raw
810,0.8164230462517512,17.094696724397593,0.04035711993714159,NaN,NaN,NaN,raw
810,0.8164583314573974,17.08,0.01,7817.828,0.8164583314573974,0.8863250333088217,raw
810,0.8165063111227937,17.027,0.01,7162.86056,0.8165063111227937,0.9484842061538075,raw
810,0.8166405591613708,17.100367469879522,0.04653734794291237,NaN,NaN,NaN,raw
810,0.8166551888772151,17.095477974397593,0.04127415951289234,NaN,NaN,NaN,raw
810,0.8167498913462623,17.131,0.009,6368.83428,0.8167498913462623,0.5717492294988915,raw
810,0.8168856733035756,17.095602221385544,0.04129737125773898,NaN,NaN,NaN,raw
810,0.8169590976503969,17.082,0.008,6716.82927,0.8169590976503969,0.9131013878104568,raw
810,0.8171124105965577,17.094771272590364,0.04091093969394505,NaN,NaN,NaN,raw
810,0.8171281195463962,17.104,0.02,5747.58874,0.8171281195463962,0.7631210767776793,raw
810,0.8172849550453931,17.10065662650603,0.046365048729642006,NaN,NaN,NaN,raw
810,0.817354514102046,17.094764118975906,0.04090982889077651,NaN,NaN,NaN,raw
810,0.8175851708463389,17.094576618975907,0.040694804900967406,NaN,NaN,NaN,raw
810,0.8176789939971059,17.017,0.009,7098.89387,0.8176789939971059,0.12739799542578112,raw
810,0.8177822595862381,17.044,0.009,5996.85206,0.8177822595862381,0.9230859724502807,raw
810,0.8178290598989406,17.028,0.011,7143.74042,0.8178290598989406,0.05159985429418157,raw
810,0.8178290635736211,17.09456381777109,0.04069268962452008,NaN,NaN,NaN,raw
810,0.8178848923489568,17.158,0.014,6836.7679,0.8178848923489568,0.4549614594598097,raw
810,0.8179309297004046,17.100367469879522,0.04622373680771365,NaN,NaN,NaN,raw
810,0.8180586688816087,17.09630591114458,0.04215530415795685,NaN,NaN,NaN,raw
550,0.8181289328111754,18.72364285714286,0.06468694689735396,NaN,NaN,NaN,raw
810,0.8181956383523357,17.148,0.01,6353.88595,0.8181956383523357,0.598127526758617,raw
810,0.8182909262575158,17.097358810240962,0.04181915472219026,NaN,NaN,NaN,raw
810,0.8185387420969454,17.092233810240963,0.043771872877405985,NaN,NaN,NaN,raw
810,0.8185792781435349,17.100228915662655,0.0461778709435341,NaN,NaN,NaN,raw
810,0.8187847291358037,17.092227597891565,0.04377066976146186,NaN,NaN,NaN,raw
810,0.8190449932566348,17.094706325301203,0.041808901343181396,NaN,NaN,NaN,raw
550,0.8190984554670909,18.732904761904763,0.008737186925671438,NaN,NaN,NaN,raw
810,0.8192322050398648,17.10035542168675,0.04620599660154851,NaN,NaN,NaN,raw
810,0.8192465598840499,17.087,0.01,6108.79499,0.8192465598840499,0.36260169870547543,raw
810,0.8193182020302051,17.09526185993976,0.04176642104475346,NaN,NaN,NaN,raw
810,0.8193539676030923,17.158,0.015,6928.54729,0.8193539676030923,0.7658199947090907,raw
810,0.8195996590200393,17.096628765060245,0.04264183033071459,NaN,NaN,NaN,raw
810,0.8198759196390283,17.099878765060243,0.041180685019928144,NaN,NaN,NaN,raw
810,0.8198827520831707,17.099915662650606,0.04635546578063961,NaN,NaN,NaN,raw
810,0.8199134427231911,17.154,0.013,6806.87094,0.8199134427231911,0.5070763711628388,raw
810,0.8201494555362162,17.100529555722893,0.04102064433004286,NaN,NaN,NaN,raw
810,0.8202274679133552,17.105,0.008,6121.65828,0.8202274679133552,0.8764422623407881,raw
810,0.8204333154526241,17.10243580572289,0.03885357294593398,NaN,NaN,NaN,raw
810,0.8205436712584732,17.100409638554222,0.04608491139245449,NaN,NaN,NaN,raw
810,0.8207219066080609,17.102453501506027,0.038852729481727105,NaN,NaN,NaN,raw
550,0.82097966000462,18.7461443288854,0.025462980384867502,NaN,NaN,NaN,raw
550,0.8209796600046201,18.7461443288854,0.02635668870271048,NaN,NaN,NaN,raw
550,0.8209796600046202,18.746144328885403,0.02735162848646691,NaN,NaN,NaN,raw
810,0.8210278722207236,17.101512236445785,0.03850211377688546,NaN,NaN,NaN,raw
810,0.8212144865605056,17.100807228915663,0.04608830991761827,NaN,NaN,NaN,raw
810,0.821348009938951,17.10210655120482,0.03833763830290814,NaN,NaN,NaN,raw
810,0.8214040052698692,17.137,0.014,6807.9144,0.8214040052698692,0.7389775468745938,raw
810,0.8216699382543804,17.102169051204818,0.03834245462432187,NaN,NaN,NaN,raw
810,0.8218853670165249,17.10087951807229,0.0460885570733091,NaN,NaN,NaN,raw
810,0.8219923193066433,17.103648531626504,0.03918632228048847,NaN,NaN,NaN,raw
810,0.8220661131599627,17.157,0.012,6135.56481,0.8220661131599627,0.6217134342914505,raw
810,0.8223107569133045,17.106279743975904,0.035866729904772715,NaN,NaN,NaN,raw
810,0.8225562265054479,17.10069277108434,0.045959094547961786,NaN,NaN,NaN,raw
810,0.8226392112399817,17.110467243975904,0.03618188610714245,NaN,NaN,NaN,raw
550,0.8229375478896102,18.732904761904763,0.008737186925671438,NaN,NaN,NaN,raw
810,0.8229735212045466,17.112747929216866,0.03297392490881458,NaN,NaN,NaN,raw
810,0.8232130227879679,16.997,0.01,6435.93245,0.8232130227879679,0.09089180436239985,raw
810,0.8232295367196489,17.100343373493974,0.045740733634246064,NaN,NaN,NaN,raw
810,0.8233079927653375,17.11199792921687,0.03217471058749755,NaN,NaN,NaN,raw
550,0.8235374197360475,18.73407142857143,0.06418898094474823,NaN,NaN,NaN,raw
810,0.8236595153148116,17.11200527108434,0.03217199774209159,NaN,NaN,NaN,raw
810,0.8238906163539458,17.100319277108436,0.04573348871207279,NaN,NaN,NaN,raw
810,0.8240233044489698,17.11054122740964,0.03154094847836011,NaN,NaN,NaN,raw
810,0.8243789611569282,17.108596573795182,0.034018328348830604,NaN,NaN,NaN,raw
810,0.8245496623523912,17.100777108433736,0.04580847830829466,NaN,NaN,NaN,raw
810,0.824731048697305,17.10861106927711,0.03401480209337047,NaN,NaN,NaN,raw
810,0.8250021638305043,17.144,0.012,5762.54031,0.8250021638305043,0.7436729539458611,raw
810,0.8250098440294096,17.132,0.012,7145.8288,0.8250098440294096,0.5185250620997977,raw
810,0.825097044667831,17.109767319277108,0.03388510436302206,NaN,NaN,NaN,raw
810,0.8252114801674117,17.10082530120482,0.045825620314202516,NaN,NaN,NaN,raw
810,0.825465970531235,17.107959713855422,0.03275304721542282,NaN,NaN,NaN,raw
810,0.8255898284478462,17.088,0.01,6078.89953,0.8255898284478462,0.4179250244960713,raw
810,0.825838968453343,17.107966490963854,0.0327513514788704,NaN,NaN,NaN,raw
810,0.825875476135348,17.100933734939762,0.04593290700538863,NaN,NaN,NaN,raw
810,0.8262159975179092,17.106528990963856,0.03165691786147961,NaN,NaN,NaN,raw
550,0.8263173611616194,18.73702380952381,0.0035759495194958575,NaN,NaN,NaN,raw
810,0.8265407909514699,17.100879518072293,0.0459417015529956,NaN,NaN,NaN,raw
810,0.8265987898016461,17.106395707831325,0.03167253753880107,NaN,NaN,NaN,raw
810,0.8269789742528999,17.107507906626505,0.032077846938672286,NaN,NaN,NaN,raw
550,0.8271462911216076,18.741,0.013,7493.82446,0.8271462911216076,0.8613103120351298,raw
810,0.8272035046336742,17.10101807228916,0.04604036080362614,NaN,NaN,NaN,raw
810,0.8273514068646172,17.10749284638554,0.032081207277459584,NaN,NaN,NaN,raw
810,0.827429825640138,17.106,0.008,6036.83485,0.827429825640138,0.4439837637128221,raw
810,0.8276011487178039,17.148,0.013,6791.92478,0.8276011487178039,0.5380961741375359,raw
810,0.8277225184730049,17.105867846385543,0.03185454628810688,NaN,NaN,NaN,raw
810,0.827868997410263,17.101198795180725,0.04597670291202734,NaN,NaN,NaN,raw
810,0.8280864187403754,17.104715361445784,0.03269685086360132,NaN,NaN,NaN,raw
550,0.8282683726272028,18.736,0.06352104436266028,NaN,NaN,NaN,raw
810,0.8282927980399108,17.178,0.01,6501.63955,0.8282927980399108,0.6346153229151241,raw
810,0.8284526787383679,17.102954631024097,0.03127669964288527,NaN,NaN,NaN,raw
810,0.828526978765015,17.100981927710844,0.04584406678395485,NaN,NaN,NaN,raw
550,0.8285786131924137,18.727,0.0200748598998844,NaN,NaN,NaN,raw
810,0.8285879822942661,17.134,0.014,6951.49522,0.8285879822942661,0.8501279194697418,raw
550,0.8287073633958995,18.735544413919413,0.037864408853258036,NaN,NaN,NaN,raw
550,0.8287073633958996,18.735544413919413,0.038233826468078366,NaN,NaN,NaN,raw
810,0.8288058234497284,17.10171423192771,0.03214434698391096,NaN,NaN,NaN,raw
810,0.829142904206119,17.100120775266134,0.022872156988016295,NaN,NaN,NaN,raw
810,0.829142904206119,17.100120775266134,0.022853910350099576,NaN,NaN,NaN,raw
810,0.8291450816509509,17.10574548192771,0.026111255295515102,NaN,NaN,NaN,raw
810,0.8291796512835773,17.100602409638554,0.045721406632577295,NaN,NaN,NaN,raw
810,0.8294953793792943,17.10575564759036,0.02610914753525059,NaN,NaN,NaN,raw
810,0.8298368906453983,17.101150602409636,0.04552343618466369,NaN,NaN,NaN,raw
810,0.8298452515869681,17.10578237951807,0.02610383931489806,NaN,NaN,NaN,raw
810,0.829960292798205,17.038,0.011,6115.75166,0.829960292798205,0.24252038465783698,raw
810,0.8301947007324079,17.105783885542166,0.026103542616154413,NaN,NaN,NaN,raw
550,0.8303211758284306,18.704,0.013,6811.74162,0.8303211758284306,0.9251819224245992,raw
810,0.8304990063319214,17.10081927710843,0.04517417996191894,NaN,NaN,NaN,raw
810,0.8305325629426524,17.10284638554217,0.026939890396861944,NaN,NaN,NaN,raw
550,0.830752907900032,18.726190476190478,0.019260477314816463,NaN,NaN,NaN,raw
810,0.8308722409300789,17.100002635542168,0.028519800394676376,NaN,NaN,NaN,raw
810,0.830958430940882,17.124,0.01,5385.69274,0.830958430940882,0.6883047103583522,raw
810,0.8311595952320248,17.100156626506024,0.044989152073673766,NaN,NaN,NaN,raw
810,0.8312213853810362,17.100002635542168,0.028519800394676376,NaN,NaN,NaN,raw
810,0.8315792688041853,17.10040342620482,0.02843567880888458,NaN,NaN,NaN,raw
810,0.8318186855906251,17.10013253012048,0.04500431523668962,NaN,NaN,NaN,raw
810,0.8319370861690756,17.10153049698795,0.02916283619419287,NaN,NaN,NaN,raw
810,0.8319783727893082,17.108,0.012,6896.56813,0.8319783727893082,0.36422836464589636,raw
810,0.8322807643030823,17.10150301204819,0.02916388394835649,NaN,NaN,NaN,raw
810,0.832476820992938,17.100734939759036,0.04489059679827664,NaN,NaN,NaN,raw
810,0.8326087470594687,17.101477597891567,0.029164674503258183,NaN,NaN,NaN,raw
810,0.8327095736985939,17.136,0.011,5693.70883,0.8327095736985939,0.5170795646045008,raw
550,0.832781613057315,18.71485714285714,0.020561505543224952,NaN,NaN,NaN,raw
810,0.832930822794326,17.10225884789157,0.029621000756728053,NaN,NaN,NaN,raw
810,0.8331323301354571,17.10032530120482,0.045051245819718796,NaN,NaN,NaN,raw
810,0.8332669769651777,17.100785015060243,0.028420671747313022,NaN,NaN,NaN,raw
810,0.8332795767382777,17.085,0.01,6733.86966,0.8332795767382777,0.36151960758070345,raw
810,0.8335301755723776,17.064,0.011,5323.81242,0.8335301755723776,0.3298444325573655,raw
810,0.8336156859480037,17.100776920180724,0.028420586980878224,NaN,NaN,NaN,raw
550,0.8336611365037828,18.718348968932304,0.03869773138085685,NaN,NaN,NaN,raw
550,0.8336691752444624,18.73857142857143,0.06573690485062876,NaN,NaN,NaN,raw
810,0.8337864330957259,17.100656626506026,0.04482135771413502,NaN,NaN,NaN,raw
810,0.8338568572689837,17.061,0.01,6126.53008,0.8338568572689837,0.2969434294573148,raw
810,0.8339720849413499,17.098361445783134,0.024684799623576698,NaN,NaN,NaN,raw
810,0.8340692852270877,17.126,0.019,5342.58556,0.8340692852270877,0.4845156588799,raw
810,0.8343382505982279,17.096862010542168,0.025945580362530033,NaN,NaN,NaN,raw
550,0.8343544880990521,18.702,0.013,6856.58952,0.8343544880990521,0.8522713539750839,raw
810,0.8344390640266349,17.100668674698795,0.04480711368768152,NaN,NaN,NaN,raw
810,0.8347064106209459,17.09581438253012,0.0250593338032342,NaN,NaN,NaN,raw
810,0.8350770201721724,17.095813441265058,0.025059148721506153,NaN,NaN,NaN,raw
810,0.8350865269995085,17.101174698795184,0.04498942190384385,NaN,NaN,NaN,raw
810,0.8354281744489267,17.096027484939757,0.025135343211098216,NaN,NaN,NaN,raw
550,0.8355429979469349,18.729728550109503,0.014582800516263279,NaN,NaN,NaN,raw
550,0.835542997946935,18.729728550109503,0.015133287284759432,NaN,NaN,NaN,raw
550,0.835542997946935,18.729728550109503,0.014088323753046467,NaN,NaN,NaN,raw
550,0.835616915742191,18.72866666666667,0.023347129060638863,NaN,NaN,NaN,raw
810,0.8357320350064638,17.10082530120482,0.044793663900894586,NaN,NaN,NaN,raw
810,0.8357812064891359,17.09633998493976,0.02444326883380778,NaN,NaN,NaN,raw
810,0.8358137545583304,17.05,0.013,7672.51817,0.8358137545583304,0.0769212999548472,raw
810,0.835879539627058,17.041,0.016,5836.59296,0.835879539627058,0.138049930195848,raw
810,0.83612478189958,17.09422063253012,0.026862752612308357,NaN,NaN,NaN,raw
810,0.836384102598042,17.10082530120482,0.044793663900894586,NaN,NaN,NaN,raw
810,0.8364605402405718,17.093510542168673,0.026345520298769572,NaN,NaN,NaN,raw
810,0.8367912324483344,17.09478689759036,0.027635663693445667,NaN,NaN,NaN,raw
810,0.8370420979886203,17.10082530120482,0.04479366390089458,NaN,NaN,NaN,raw
810,0.837110205615041,17.0960640060241,0.028810006101051944,NaN,NaN,NaN,raw
810,0.8373256318118365,17.137,0.009,6184.58838,0.8373256318118365,0.4803218338784063,raw
810,0.837434834073387,17.09586201054217,0.028746209105692914,NaN,NaN,NaN,raw
810,0.8375146514710117,17.10264401488441,0.02031688695891025,NaN,NaN,NaN,raw
810,0.8375146514710117,17.102644014884415,0.020252490958697963,NaN,NaN,NaN,raw
810,0.8375146514710117,17.10264401488441,0.020188703427156403,NaN,NaN,NaN,raw
810,0.8375384912396839,17.1,0.011,6462.70627,0.8375384912396839,0.3585593108491594,raw
810,0.8376989528380407,17.10020481927711,0.04489131900588751,NaN,NaN,NaN,raw
810,0.8377362491555687,17.131,0.01,6071.60316,0.8377362491555687,0.8114074948971393,raw
810,0.8377647719851896,17.095883094879518,0.028750145687274818,NaN,NaN,NaN,raw
810,0.8380987203863813,17.09460184487952,0.027802633733646276,NaN,NaN,NaN,raw
810,0.8383580821850573,17.10083734939759,0.04467787795303486,NaN,NaN,NaN,raw
810,0.8384290656350895,17.094632906626508,0.027809788707807793,NaN,NaN,NaN,raw
810,0.8387692667820583,17.096226656626506,0.028687457673737374,NaN,NaN,NaN,raw
550,0.8388270838830587,18.745428571428572,0.06902476064730359,NaN,NaN,NaN,raw
810,0.8390276848606966,17.10093975903614,0.04457308588594844,NaN,NaN,NaN,raw
810,0.8391082477431548,17.097398531626506,0.028088215013377077,NaN,NaN,NaN,raw
550,0.8391423733540121,18.733142857142855,0.02716991132912639,NaN,NaN,NaN,raw
810,0.8394451061315169,17.098253012048193,0.028601744143087183,NaN,NaN,NaN,raw
810,0.8396975658269875,17.100704819277105,0.044330202861308024,NaN,NaN,NaN,raw
810,0.8397949489949466,17.099515248493976,0.02778426841826996,NaN,NaN,NaN,raw
810,0.8401593293937846,17.098769578313252,0.027367616617904753,NaN,NaN,NaN,raw
810,0.8402442797851108,17.053,0.012,5851.54331,0.8402442797851108,0.1159922972383356,raw
810,0.8403691030212413,17.100475903614452,0.04416150823720355,NaN,NaN,NaN,raw
810,0.8405146426084308,17.099967432228915,0.028277167669449165,NaN,NaN,NaN,raw
810,0.8408621498924629,17.101368222891566,0.02942584638147422,NaN,NaN,NaN,raw
810,0.8410391569228326,17.100572289156624,0.04413619640970307,NaN,NaN,NaN,raw
810,0.8410738275015319,17.108,0.011,7152.78733,0.8410738275015319,0.40242218151979614,raw
810,0.8411958994689852,17.101414344879515,0.02942612461904386,NaN,NaN,NaN,raw
810,0.8412573180848995,17.048,0.01,5665.90002,0.8412573180848995,0.03562772728582786,raw
810,0.8414934194661328,17.033,0.01,6046.92151,0.8414934194661328,0.018771789142192574,raw
810,0.8415475301245718,17.105976844879518,0.03236868628590812,NaN,NaN,NaN,raw
810,0.8417026978526205,17.10127710843373,0.043774439270039274,NaN,NaN,NaN,raw
810,0.8417417458804266,17.141,0.01,6158.51637,0.8417417458804266,0.7137857211455412,raw
810,0.8418980733878578,17.107903990963855,0.03013399991790287,NaN,NaN,NaN,raw
810,0.8420258269252372,17.141,0.018,6927.51223,0.8420258269252372,0.5518859378844354,raw
810,0.8422541495787138,17.107951242469877,0.030123725878924184,NaN,NaN,NaN,raw
810,0.8423664834563827,17.101536144578315,0.043500280955730136,NaN,NaN,NaN,raw
550,0.8424718646840033,18.744833333333332,0.00748206472285703,NaN,NaN,NaN,raw
810,0.8426109323967287,17.107995293674698,0.030113998281357558,NaN,NaN,NaN,raw
810,0.8429615877462359,17.104839043674698,0.03219682800418675,NaN,NaN,NaN,raw
810,0.8430348341706188,17.101409638554216,0.04342992576541871,NaN,NaN,NaN,raw
810,0.8433241100654613,17.10489966114458,0.03218924868793801,NaN,NaN,NaN,raw
810,0.8433959225367289,17.095,0.011,7847.73503,0.8433959225367289,0.8557492748441291,raw
810,0.8437029393660292,17.10495839608434,0.0321821197493677,NaN,NaN,NaN,raw
810,0.8437033780941179,17.101319277108438,0.04337727923018752,NaN,NaN,NaN,raw
810,0.8441019489794623,17.104043862951805,0.03183212794129842,NaN,NaN,NaN,raw
810,0.8441660134412814,17.136,0.013,6166.5131,0.8441660134412814,0.8183331775471743,raw
550,0.8442455480799254,18.752,0.018,6098.72191,0.8442455480799254,0.8168605154805846,raw
550,0.8443429620890258,18.737071428571426,0.07066765584351539,NaN,NaN,NaN,raw
550,0.8443565089345655,18.715023809523807,0.051658233895978935,NaN,NaN,NaN,raw
810,0.8443775663274692,17.1015,0.043283246111392754,NaN,NaN,NaN,raw
550,0.8444810166347452,18.656,0.019,5292.87562,0.8444810166347452,0.1578011412111664,raw
810,0.8445026475927176,17.10407285391566,0.031829535768708846,NaN,NaN,NaN,raw
810,0.8445659015233105,17.128,0.019,6852.76895,0.8445659015233105,0.6802909475445631,raw
810,0.844892114363109,17.102793486445783,0.032768455985364944,NaN,NaN,NaN,raw
810,0.8450518288987315,17.10139156626506,0.04321121825390363,NaN,NaN,NaN,raw
810,0.8452717271900853,17.102583960843376,0.03280365881424408,NaN,NaN,NaN,raw
810,0.845634556456365,17.104098456325303,0.031534808291180653,NaN,NaN,NaN,raw
810,0.8457294579899011,17.102138554216868,0.04321530405497238,NaN,NaN,NaN,raw
810,0.845809086895315,17.139,0.012,5393.69379,0.845809086895315,0.802092399331741,raw
810,0.8460097028243927,17.10336483433735,0.03189283930187893,NaN,NaN,NaN,raw
810,0.8462067600885348,17.146,0.011,6097.67965,0.8462067600885348,0.5875260710381554,raw
810,0.8463688655495544,17.103384600903613,0.03189124868043878,NaN,NaN,NaN,raw
810,0.8464120214551817,17.102301204819277,0.04325799556565002,NaN,NaN,NaN,raw
550,0.8465028031756187,18.658023809523808,0.07805539416224187,NaN,NaN,NaN,raw
810,0.8467481703788978,17.103188629518073,0.03188123851463429,NaN,NaN,NaN,raw
810,0.8470659355371026,17.196,0.02,5698.92853,0.8470659355371026,0.6817189057092037,raw
810,0.8470969240522088,17.102668674698798,0.04267301873467477,NaN,NaN,NaN,raw
810,0.8471218914928288,17.10631362951807,0.031190666791796072,NaN,NaN,NaN,raw
810,0.8474899720116257,17.10593862951807,0.0321576839013413,NaN,NaN,NaN,raw
810,0.847778540705431,17.102337349397594,0.042453761544713156,NaN,NaN,NaN,raw
810,0.8478709126487113,17.105943712349397,0.03215693618095379,NaN,NaN,NaN,raw
810,0.8482610225005894,17.1042249623494,0.031689217658152094,NaN,NaN,NaN,raw
810,0.8484591481650985,17.10223493975904,0.04236578360303728,NaN,NaN,NaN,raw
810,0.8485466029960662,17.036,0.011,7810.88621,0.8485466029960662,0.038233815099374624,raw
810,0.8486531125362475,17.102977409638555,0.030972462059669647,NaN,NaN,NaN,raw
810,0.849055768016076,17.102959149096385,0.03097351143914655,NaN,NaN,NaN,raw
810,0.8491392054548965,17.101939759036146,0.04230677269302355,NaN,NaN,NaN,raw
550,0.8492147597104728,18.65809523809524,0.07816392159721695,NaN,NaN,NaN,raw
810,0.8494465953144706,17.104602597891564,0.03225725657239039,NaN,NaN,NaN,raw
810,0.8498214904562175,17.102084337349396,0.04228953730316532,NaN,NaN,NaN,raw
810,0.849838320819348,17.104805911144577,0.032215256239044615,NaN,NaN,NaN,raw
810,0.8502325398933337,17.10285843373494,0.03425210175386871,NaN,NaN,NaN,raw
810,0.8505045567854251,17.101734939759034,0.042138899997824504,NaN,NaN,NaN,raw
810,0.8506213360629797,17.101773155120483,0.03371410465121021,NaN,NaN,NaN,raw
550,0.850684430803085,18.581,0.035,5786.5369,0.850684430803085,0.07100455659019644,raw
810,0.8510230142331078,17.102726280120482,0.034134640266850515,NaN,NaN,NaN,raw
810,0.8511804378092264,17.10176506024096,0.0421380010851357,NaN,NaN,NaN,raw
810,0.8514198083026098,17.10185128012048,0.03382333387037523,NaN,NaN,NaN,raw
810,0.8514906215132214,17.06,0.01,6168.60153,0.8514906215132214,0.28536533248552587,raw
810,0.8518020819428562,17.101845820783133,0.033823424563914746,NaN,NaN,NaN,raw
810,0.8518451762902259,17.094,0.012,6815.92087,0.8518451762902259,0.8643583054181363,raw
810,0.8518548163060641,17.101463855421684,0.041853806396720046,NaN,NaN,NaN,raw
810,0.8521843536715867,17.10182021837349,0.03382350590652266,NaN,NaN,NaN,raw
810,0.8523737867981254,17.077,0.013,7180.60304,0.8523737867981254,0.89863272364164,raw
550,0.8524788316935883,18.737285714285715,0.07083830837947705,NaN,NaN,NaN,raw
810,0.8525323641280087,17.101204819277104,0.041908778001792255,NaN,NaN,NaN,raw
810,0.8525842992831347,17.09969521837349,0.03354725401235853,NaN,NaN,NaN,raw
810,0.8529725598980725,17.098290097891564,0.03246956463355445,NaN,NaN,NaN,raw
810,0.8532115820405223,17.101728915662648,0.0414919343169554,NaN,NaN,NaN,raw
810,0.8532163937306905,17.148,0.009,6742.91542,0.8532163937306905,0.7098821506733657,raw
810,0.8532719960676332,17.021,0.013,7584.56948,0.8532719960676332,0.9597106609398907,raw
550,0.8533331272082232,18.710539115646256,0.05136131375660506,NaN,NaN,NaN,raw
550,0.8533331272082233,18.71053911564626,0.05517090109696654,NaN,NaN,NaN,raw
550,0.8533331272082233,18.71053911564626,0.05316401055901474,NaN,NaN,NaN,raw
810,0.8533752500126122,17.09824171686747,0.0324645481660878,NaN,NaN,NaN,raw
810,0.8537654982950409,17.09646046686747,0.028213116367052638,NaN,NaN,NaN,raw
810,0.8538927982393593,17.101439759036143,0.041467979438712256,NaN,NaN,NaN,raw
550,0.8541289073170143,18.705761904761903,0.11236686755965969,NaN,NaN,NaN,raw
810,0.8541587872786947,17.097002070783134,0.028501023779767067,NaN,NaN,NaN,raw
810,0.8542252611405274,17.086,0.013,7299.49905,0.8542252611405274,0.21038833146849356,raw
810,0.8545396322154601,17.09696479668675,0.028494600372826195,NaN,NaN,NaN,raw
810,0.8545727080662943,17.101078313253012,0.04082512461171285,NaN,NaN,NaN,raw
810,0.8547159557859112,17.101778325872797,0.018871197758834248,NaN,NaN,NaN,raw
810,0.8549080609170105,17.096957454819275,0.028493228908232974,NaN,NaN,NaN,raw
810,0.8552514588108933,17.100951807228913,0.040626727615131975,NaN,NaN,NaN,raw
810,0.8552858778075546,17.098978727409637,0.026234120208733436,NaN,NaN,NaN,raw
810,0.8555413077192497,17.154,0.013,7446.90195,0.8555413077192497,0.4967489140053658,raw
810,0.8556491674946235,17.09907435993976,0.026250834895259062,NaN,NaN,NaN,raw
810,0.8559311386928031,17.101506024096384,0.040265143507407744,NaN,NaN,NaN,raw
810,0.855992872449395,17.09897797439759,0.026245088384433884,NaN,NaN,NaN,raw
810,0.8563183884616592,17.039,0.009,6770.72828,0.8563183884616592,0.1999967060291965,raw
810,0.8563304543815734,17.098958772590358,0.02624323094002787,NaN,NaN,NaN,raw
810,0.8566074908699576,17.10127108433735,0.04007030194808897,NaN,NaN,NaN,raw
810,0.8566572497457271,17.098778614457828,0.026243132888370786,NaN,NaN,NaN,raw
810,0.8569785722028526,17.10074736445783,0.025595252877658993,NaN,NaN,NaN,raw
550,0.8571425749723858,18.754761904761903,0.03859161729145323,NaN,NaN,NaN,raw
810,0.8572312677715672,17.132,0.011,6086.55877,0.8572312677715672,0.8006007006733853,raw
810,0.8572633117473742,17.1,0.013,6579.52261,0.8572633117473742,0.22201990200665023,raw
810,0.8572845853866154,17.101216867469876,0.04006450804232139,NaN,NaN,NaN,raw
810,0.8572950637026122,17.10097364457831,0.025565667687208162,NaN,NaN,NaN,raw
810,0.8576320835409432,17.10098249246988,0.025565891807471815,NaN,NaN,NaN,raw
810,0.8579614133958784,17.10398249246988,0.028161642287976966,NaN,NaN,NaN,raw
810,0.8579621533092806,17.10131927710843,0.04000848988033116,NaN,NaN,NaN,raw
810,0.8582981927135798,17.10402315512048,0.028158441447367937,NaN,NaN,NaN,raw
810,0.8586073464648507,17.071,0.008,6344.86117,0.8586073464648507,0.2946400020355213,raw
810,0.8586310997665438,17.101036144578313,0.040041779932929414,NaN,NaN,NaN,raw
810,0.8586344502796152,17.104054781626505,0.02815634979051013,NaN,NaN,NaN,raw
810,0.8589765094521823,17.103929781626505,0.027963178145729715,NaN,NaN,NaN,raw
550,0.8592234594543697,18.799,0.016,6067.78651,0.8592234594543697,0.6478117439492053,raw
810,0.8592981051204509,17.10075301204819,0.04008724375764315,NaN,NaN,NaN,raw
810,0.8593315094706142,17.106496234939762,0.023522564335113818,NaN,NaN,NaN,raw
810,0.859553880574822,17.139,0.008,6456.80392,0.859553880574822,0.7337707186015905,raw
810,0.8596821715291298,17.12,0.01,6463.75691,0.8596821715291298,0.605818095327777,raw
810,0.8596878050525416,17.10656532379518,0.023510477383760057,NaN,NaN,NaN,raw
550,0.8597254337691993,18.728,0.012,7453.85635,0.8597254337691993,0.3718121999736468,raw
550,0.8599446892560428,18.753261904761903,0.03968256269840602,NaN,NaN,NaN,raw
810,0.8599655786819236,17.10114457831325,0.04015157116971709,NaN,NaN,NaN,raw
810,0.8600486152711224,17.10544032379518,0.025318119397389052,NaN,NaN,NaN,raw
810,0.860248866614711,17.102,0.018,6198.50224,0.860248866614711,0.24127145600141375,raw
810,0.8604041048812368,17.105520519578313,0.025307919216199144,NaN,NaN,NaN,raw
810,0.8606367434934776,17.100680722891564,0.04021443117371889,NaN,NaN,NaN,raw
810,0.8607424268948564,17.10499077560241,0.025582563075766247,NaN,NaN,NaN,raw
810,0.8607644754411012,17.105,0.012,6450.54669,0.8607644754411012,0.34991413214447675,raw
810,0.8608200490089075,17.099,0.011,6479.74908,0.8608200490089075,0.8121537720144261,raw
550,0.8608851745445593,18.73278571428571,0.06635473268313667,NaN,NaN,NaN,raw
810,0.8610797075168904,17.104303275602412,0.024495531301350286,NaN,NaN,NaN,raw
810,0.8613071786151314,17.10112048192771,0.03945473742430533,NaN,NaN,NaN,raw
810,0.8614132168597806,17.10436577560241,0.02449071493560845,NaN,NaN,NaN,raw
810,0.8616378894621448,17.096,0.012,5639.83356,0.8616378894621448,0.2809627466758684,raw
810,0.8617350957357601,17.10708452560241,0.021666439378013682,NaN,NaN,NaN,raw
810,0.8617729401412362,17.123,0.015,6409.87231,0.8617729401412362,0.3497449417736789,raw
810,0.8619729042825329,17.101240963855417,0.039364986861175254,NaN,NaN,NaN,raw
810,0.8620536904224056,17.106357304216868,0.022250525731328182,NaN,NaN,NaN,raw
810,0.8623670371543724,17.105474774096386,0.021755193969116692,NaN,NaN,NaN,raw
810,0.8626394511326567,17.101746987951802,0.03885087054864702,NaN,NaN,NaN,raw
810,0.8626909232732216,17.104006024096385,0.023641502544023203,NaN,NaN,NaN,raw
810,0.8629123421560507,17.173,0.011,6029.89424,0.8629123421560507,0.5984164979199704,raw
810,0.8630230262605754,17.104072100903615,0.023636409875488793,NaN,NaN,NaN,raw
810,0.8633093022944557,17.10250602409638,0.038868035786679044,NaN,NaN,NaN,raw
810,0.863349414883448,17.102562123493975,0.025302617779170682,NaN,NaN,NaN,raw
550,0.8635522285604522,18.73147619047619,0.0030408220335034434,NaN,NaN,NaN,raw
810,0.8636604801539287,17.103571159638552,0.024638467479870543,NaN,NaN,NaN,raw
810,0.863971824153653,17.10274096385542,0.03912790691656541,NaN,NaN,NaN,raw
810,0.8639781155251207,17.10347628012048,0.024654385151323625,NaN,NaN,NaN,raw
810,0.8641622872528387,17.144,0.009,6376.84665,0.8641622872528387,0.7097497501181351,raw
810,0.8642879712828913,17.103539344879515,0.024649775086155987,NaN,NaN,NaN,raw
810,0.8646101078343982,17.102404743975903,0.023785342583753366,NaN,NaN,NaN,raw
810,0.8646319966574522,17.103126506024093,0.038889925732453076,NaN,NaN,NaN,raw
810,0.8649484938647864,17.101856174698796,0.02356788213774886,NaN,NaN,NaN,raw
810,0.8652942568610397,17.103650602409637,0.03898622405801265,NaN,NaN,NaN,raw
810,0.8652982310154972,17.101918486445783,0.023568575991249185,NaN,NaN,NaN,raw
810,0.8656441997903475,17.10084431293255,0.017429610310839835,NaN,NaN,NaN,raw
810,0.8656441997903476,17.10084431293255,0.017540275615067918,NaN,NaN,NaN,raw
810,0.8656441997903476,17.100844312932548,0.01748468030686367,NaN,NaN,NaN,raw
810,0.8656594480404292,17.10196065512048,0.023569933664796438,NaN,NaN,NaN,raw
810,0.8657711881351133,17.05,0.011,6175.55944,0.8657711881351133,0.16793630741813104,raw
810,0.8659483755899524,17.103644578313254,0.0389806502208375,NaN,NaN,NaN,raw
810,0.8660289084459569,17.102057793674696,0.023570893891611634,NaN,NaN,NaN,raw
810,0.8660777632467216,17.084,0.01,6434.90441,0.8660777632467216,0.891973125468212,raw
810,0.8663342876243405,17.132,0.012,6214.49613,0.8663342876243405,0.451286114177492,raw
810,0.8664122666626659,17.1004015436747,0.02516560830607344,NaN,NaN,NaN,raw
810,0.8666034376652884,17.103506024096387,0.03897376693296228,NaN,NaN,NaN,raw
810,0.8666185124930053,17.126,0.009,7221.63037,0.8666185124930053,0.653741748759785,raw
810,0.8667965021947158,17.10055591114458,0.025171883437179667,NaN,NaN,NaN,raw
810,0.8668025208426116,17.078,0.01,7495.92413,0.8668025208426116,0.3523841832029575,raw
810,0.8671756005911302,17.098708396084337,0.027215736196413508,NaN,NaN,NaN,raw
810,0.867258363194503,17.10375903614458,0.039171600832651955,NaN,NaN,NaN,raw
810,0.8675464973624312,17.099458396084337,0.02746821164842795,NaN,NaN,NaN,raw
810,0.8676276675505505,17.053,0.011,7211.54895,0.8676276675505505,0.09016178321144253,raw
810,0.867911880981936,17.103331325301205,0.03928179292245483,NaN,NaN,NaN,raw
810,0.8679215916213358,17.098877070783132,0.0271489063879112,NaN,NaN,NaN,raw
550,0.8679756872383483,18.757809523809524,0.04260235773233473,NaN,NaN,NaN,raw
810,0.8683110887648023,17.098978915662652,0.027164168812933376,NaN,NaN,NaN,raw
810,0.8684065892412036,17.053,0.011,6732.83893,0.8684065892412036,0.15684717275507865,raw
810,0.868561435120233,17.103289156626506,0.03925998197578484,NaN,NaN,NaN,raw
810,0.8686961476834363,17.09973682228916,0.027579064840778614,NaN,NaN,NaN,raw
810,0.8687954316446849,17.098,0.016,6929.60742,0.8687954316446849,0.0333773456459312,raw
810,0.8690769347711358,17.097598079819278,0.024155508609965876,NaN,NaN,NaN,raw
810,0.8692134893691076,17.10277108433735,0.03930018900446636,NaN,NaN,NaN,raw
810,0.8694494053261587,17.097426016566267,0.02413902534340504,NaN,NaN,NaN,raw
810,0.8698178009742523,17.097480421686747,0.024153348382354802,NaN,NaN,NaN,raw
810,0.8698622502230487,17.10269277108434,0.03938476334560994,NaN,NaN,NaN,raw
550,0.8700460773675981,18.733642857142854,0.06654623279270641,NaN,NaN,NaN,raw
810,0.8701827119729078,17.096074171686748,0.022618767601598547,NaN,NaN,NaN,raw
810,0.8705105245015542,17.10244578313253,0.039144720767026,NaN,NaN,NaN,raw
810,0.8705511210720055,17.096121987951808,0.022635768176210543,NaN,NaN,NaN,raw
810,0.8709111918427872,17.096132906626508,0.02263960079720411,NaN,NaN,NaN,raw
810,0.8711571675046644,17.103138554216866,0.03870978368640871,NaN,NaN,NaN,raw
810,0.8712646804698496,17.09784318524096,0.021053803468693132,NaN,NaN,NaN,raw
810,0.8716301345177049,17.098385542168675,0.021428283186893573,NaN,NaN,NaN,raw
810,0.871807811412531,17.103349397590357,0.03869474437257779,NaN,NaN,NaN,raw
810,0.8719948599910741,17.099039533132533,0.021294009868114885,NaN,NaN,NaN,raw
550,0.8721478081026275,18.78688095238095,0.04656147644174865,NaN,NaN,NaN,raw
810,0.8723529231724261,17.09641453313253,0.022255569879448718,NaN,NaN,NaN,raw
810,0.8724594764703671,17.103789156626505,0.03824542915703282,NaN,NaN,NaN,raw
810,0.8727221800205092,17.09645105421687,0.022268537418726933,NaN,NaN,NaN,raw
550,0.8729958098028874,18.807,0.014,5686.76989,0.8729958098028874,0.6750843331628857,raw
810,0.8730319383757887,17.052,0.009,6476.6245,0.8730319383757887,0.12885611268029606,raw
810,0.873112160950686,17.095765248493976,0.021658744686748038,NaN,NaN,NaN,raw
810,0.8731155860345076,17.103939759036145,0.03820038057801538,NaN,NaN,NaN,raw
550,0.8734015371373971,18.82,0.013,6863.55604,0.8734015371373971,0.7532586257675575,raw
810,0.8734383273003914,17.042,0.011,5828.61013,0.8734383273003914,0.06323377766966587,raw
810,0.8735065861437761,17.12,0.012,5724.66362,0.8735065861437761,0.7276024355724076,raw
810,0.8735174177647782,17.096582266566266,0.021459178339177227,NaN,NaN,NaN,raw
810,0.8737759564261858,17.104397590361444,0.03772514305341824,NaN,NaN,NaN,raw
810,0.8739097369007517,17.09696479668675,0.021699001164403195,NaN,NaN,NaN,raw
810,0.8743102170921746,17.098565512048193,0.0201878512826333,NaN,NaN,NaN,raw
810,0.8744368128734632,17.104500000000005,0.037820749475771694,NaN,NaN,NaN,raw
810,0.8747227266562355,17.09858640813253,0.02019328875446248,NaN,NaN,NaN,raw
550,0.8749366974327044,18.78847619047619,0.043827196228505005,NaN,NaN,NaN,raw
810,0.8749613365289406,17.126,0.012,7267.52271,0.8749613365289406,0.8148285198931262,raw
810,0.8750975289624339,17.10456024096386,0.03779264780113146,NaN,NaN,NaN,raw
810,0.8751407119702486,17.100173004518073,0.01841199054821798,NaN,NaN,NaN,raw
810,0.8752283600551891,17.097,0.009,6005.91086,0.8752283600551891,0.2993403286745888,raw
810,0.8755545499183789,17.101132718373496,0.01935585672127637,NaN,NaN,NaN,raw
810,0.8757604848926502,17.104481927710843,0.03780728210945383,NaN,NaN,NaN,raw
810,0.8758394392098126,17.099,0.018,7475.76373,0.8758394392098126,0.2304432723503851,raw
810,0.8759667942745771,17.101413968373492,0.01937424686663522,NaN,NaN,NaN,raw
810,0.8763802805905511,17.101439570783135,0.01937663927610628,NaN,NaN,NaN,raw
810,0.8764210878285799,17.104656626506024,0.03746605960719587,NaN,NaN,NaN,raw
550,0.8764339050870511,18.749586482741243,0.03697652268106336,NaN,NaN,NaN,raw
550,0.8764339050870512,18.749586482741243,0.03971915682324888,NaN,NaN,NaN,raw
550,0.8764339050870512,18.74958648274124,0.038274337209664853,NaN,NaN,NaN,raw
810,0.8767765113586081,17.10188667168675,0.019570582194323963,NaN,NaN,NaN,raw
810,0.8768165215260524,17.104,0.015,5812.61953,0.8768165215260524,0.8602562410596875,raw
550,0.8768829038337019,18.74332980599647,0.045373465621542486,NaN,NaN,NaN,raw
810,0.8770828242011112,17.10472891566265,0.03735974183974285,NaN,NaN,NaN,raw
810,0.8771691824137651,17.101810240963857,0.019573103913971074,NaN,NaN,NaN,raw
810,0.8775425719095479,17.10181532379518,0.019573481098764875,NaN,NaN,NaN,raw
810,0.8776429051213199,17.121,0.011,6741.88097,0.8776429051213199,0.497252848910648,raw
810,0.8777489783945395,17.104927710843373,0.037035374779135495,NaN,NaN,NaN,raw
810,0.8777923094276048,17.048,0.014,6525.64442,0.8777923094276048,0.9796573713192629,raw
810,0.8779071237436857,17.102085655120483,0.019654919559997184,NaN,NaN,NaN,raw
810,0.8782603026673393,17.102083960843373,0.019654770315484776,NaN,NaN,NaN,raw
550,0.8783937455299174,18.742809523809523,0.07509590240368008,NaN,NaN,NaN,raw
550,0.8784127453578289,18.738428571428567,0.0694613498348477,NaN,NaN,NaN,raw
810,0.8784196568039441,17.10467469879518,0.03681340613310372,NaN,NaN,NaN,raw
810,0.8785971976615735,17.105021460843375,0.0189393771759792,NaN,NaN,NaN,raw
810,0.8789500313482059,17.105006212349398,0.01894047256910661,NaN,NaN,NaN,raw
810,0.8790979022586649,17.10405421686747,0.03694652253683418,NaN,NaN,NaN,raw
810,0.8792937840476562,17.1074749623494,0.01525268219053436,NaN,NaN,NaN,raw
810,0.8796545882555804,17.10696027861446,0.015093453146309123,NaN,NaN,NaN,raw
810,0.8797707388935616,17.104144578313253,0.03692289509976657,NaN,NaN,NaN,raw
810,0.8798125755456567,17.116,0.009,6128.63194,0.8798125755456567,0.7927015851928445,raw
810,0.8800198753679912,17.10854160391566,0.017305053106264578,NaN,NaN,NaN,raw
810,0.8803718427861402,17.108520331325302,0.01731059910337774,NaN,NaN,NaN,raw
810,0.8804430336760823,17.104222891566266,0.03705137735239235,NaN,NaN,NaN,raw
810,0.8807103423161569,17.1073640813253,0.017341061980470456,NaN,NaN,NaN,raw
810,0.8810489958341925,17.10862782379518,0.018560781374052353,NaN,NaN,NaN,raw
810,0.8811121870318847,17.104,0.03686091795828289,NaN,NaN,NaN,raw
810,0.881396223051391,17.108847703313252,0.018459992389311283,NaN,NaN,NaN,raw
810,0.8817468109943523,17.108838478915665,0.01846231793000644,NaN,NaN,NaN,raw
810,0.8817821192896222,17.10377108433735,0.036972496018626864,NaN,NaN,NaN,raw
810,0.8818042494604015,17.134,0.017,6086.91496,0.8818042494604015,0.5624707098522777,raw
810,0.8819872510430287,17.107,0.012,5389.5346,0.8819872510430287,0.9058232074003172,raw
810,0.8821023806281776,17.108869728915664,0.01844596684301022,NaN,NaN,NaN,raw
810,0.88244434284953,17.109067959337352,0.01843331035447167,NaN,NaN,NaN,raw
810,0.8824450514802736,17.103590361445782,0.03688229801049849,NaN,NaN,NaN,raw
810,0.882541634800873,17.117,0.009,6432.82425,0.882541634800873,0.44263002686238906,raw
810,0.8827749716145007,17.10844295933735,0.01894270923059968,NaN,NaN,NaN,raw
550,0.88281995261492,18.715833333333332,0.03969413243364422,NaN,NaN,NaN,raw
810,0.8830759982665768,17.1,0.016,6936.56533,0.8830759982665768,0.9159483205767174,raw
810,0.8831042006627244,17.10840436746988,0.01895177571118996,NaN,NaN,NaN,raw
810,0.8831056313697171,17.103301204819278,0.03664844779540233,NaN,NaN,NaN,raw
550,0.8833669540945266,18.67,0.014,7546.68639,0.8833669540945266,0.9299509091251821,raw
810,0.8834358687775616,17.107853727409637,0.01882959277841517,NaN,NaN,NaN,raw
810,0.8834734701049456,17.112,0.012,6472.80401,0.8834734701049456,0.9570468216697918,raw
810,0.8837612020272801,17.103734939759036,0.03579896200877101,NaN,NaN,NaN,raw
810,0.8837675154487951,17.10863723644578,0.01922146980199462,NaN,NaN,NaN,raw
810,0.8838125781912822,17.146,0.012,7130.90041,0.8838125781912822,0.58755387729434,raw
810,0.8841143474317656,17.11037763554217,0.015764453263159804,NaN,NaN,NaN,raw
810,0.8844062640067472,17.103451807228918,0.03566418409296854,NaN,NaN,NaN,raw
810,0.8844384136828012,17.121,0.01,7168.79418,0.8844384136828012,0.6401575374093227,raw
810,0.8844612787756062,17.11033264307229,0.015783298057238028,NaN,NaN,NaN,raw
810,0.8847890943637311,17.110862198795182,0.015849989881190543,NaN,NaN,NaN,raw
810,0.8850523207973486,17.10353012048193,0.035741440967169025,NaN,NaN,NaN,raw
810,0.8850984924138074,17.109420180722893,0.018378311092422155,NaN,NaN,NaN,raw
810,0.8854204737642604,17.10798268072289,0.019605104259178704,NaN,NaN,NaN,raw
810,0.8854651440233283,17.155,0.011,5735.79249,0.8854651440233283,0.5316179583060148,raw
810,0.8856997702542323,17.103819277108435,0.03580913869418957,NaN,NaN,NaN,raw
810,0.8857236871844941,17.107940700301207,0.01961485066306269,NaN,NaN,NaN,raw
810,0.8857933214894729,17.089,0.01,5677.73551,0.8857933214894729,0.3510629582833644,raw
810,0.8859344415395753,17.145,0.011,6832.61979,0.8859344415395753,0.5823917529196478,raw
810,0.8860080121569007,17.109128200301207,0.020498933992480442,NaN,NaN,NaN,raw
810,0.8862871333885458,17.107416603915663,0.023084243285296752,NaN,NaN,NaN,raw
810,0.8863396310055369,17.104036144578313,0.03593122919002678,NaN,NaN,NaN,raw
810,0.8865673928816871,17.10643298192771,0.022580072731509093,NaN,NaN,NaN,raw
550,0.8866801583924045,18.739071428571428,0.06915919682511125,NaN,NaN,NaN,raw
810,0.8868615977248309,17.106298192771085,0.022589450584046336,NaN,NaN,NaN,raw
810,0.8869792990674149,17.104186746987953,0.03616822737953865,NaN,NaN,NaN,raw
810,0.8871469935845239,17.106092243975905,0.02264490854238583,NaN,NaN,NaN,raw
810,0.887217667492223,17.1,0.008,6452.64177,0.887217667492223,0.8311702562041319,raw
810,0.8873638789118559,17.111,0.01,7137.85459,0.8873638789118559,0.4621465958607587,raw
810,0.8873966420051147,17.084,0.011,5692.6849,0.8873966420051147,0.32695194030929997,raw
810,0.8874386424661947,17.1039672439759,0.02468680825108861,NaN,NaN,NaN,raw
810,0.8876181537442713,17.103493975903614,0.035845754913357515,NaN,NaN,NaN,raw
810,0.8877184553469611,17.104066641566263,0.024676720768751745,NaN,NaN,NaN,raw
810,0.8879974044068946,17.105807228915662,0.02651676058038086,NaN,NaN,NaN,raw
810,0.8882562847961105,17.103379518072288,0.035778026976229144,NaN,NaN,NaN,raw
810,0.8882653699801382,17.105338478915662,0.026536330518782642,NaN,NaN,NaN,raw
810,0.8883616718740086,17.13,0.013,7087.79373,0.8883616718740086,0.3848342971778038,raw
550,0.8884623657534013,18.71945238095238,0.04313045785240007,NaN,NaN,NaN,raw
810,0.8885433609754864,17.105322477409636,0.02653748300893089,NaN,NaN,NaN,raw
810,0.88883535593342,17.105666227409635,0.02714566583650085,NaN,NaN,NaN,raw
810,0.8888909328826635,17.103692771084336,0.03542806038407368,NaN,NaN,NaN,raw
810,0.8891129874501447,17.105659826807226,0.027146228952606228,NaN,NaN,NaN,raw
810,0.8894091332504175,17.10512612951807,0.02700241070753185,NaN,NaN,NaN,raw
810,0.889521459806841,17.103234939759034,0.03565438791895222,NaN,NaN,NaN,raw
810,0.8895880010786641,17.121,0.014,6851.74166,0.8895880010786641,0.4829764756923396,raw
810,0.8896714764960052,17.058,0.01,6842.70286,0.8896714764960052,0.14950097396831552,raw
810,0.8897030353918306,17.10445331325301,0.027309941774166558,NaN,NaN,NaN,raw
810,0.8899867220642805,17.102859939759036,0.025706033453817823,NaN,NaN,NaN,raw
810,0.89011597876015,17.07,0.01,6724.85059,0.89011597876015,0.07024544581690861,raw
810,0.890145863123562,17.102879518072285,0.03589982614640474,NaN,NaN,NaN,raw
810,0.8902105861488963,17.142,0.014,5818.53419,0.8902105861488963,0.5113752182533062,raw
810,0.8902758129321595,17.1009280873494,0.027863950032412505,NaN,NaN,NaN,raw
810,0.8905686387387218,17.10140229668675,0.027783411323489927,NaN,NaN,NaN,raw
810,0.8907139987022674,17.049,0.01,6804.80967,0.8907139987022674,0.09813790063162742,raw
810,0.8907725532409208,17.102524096385544,0.035861974764742205,NaN,NaN,NaN,raw
810,0.8908688954830891,17.101183546686748,0.027454688295498058,NaN,NaN,NaN,raw
810,0.8911640231062679,17.101191641566267,0.02745559467416272,NaN,NaN,NaN,raw
810,0.8914018060236285,17.102686746987953,0.03584323703957248,NaN,NaN,NaN,raw
810,0.8914585904225696,17.10119672439759,0.027456182091426355,NaN,NaN,NaN,raw
810,0.8915777189904475,17.097,0.012,7186.87432,0.8915777189904475,0.31254145538332523,raw
810,0.8917647801211498,17.101345256024096,0.02746235490579323,NaN,NaN,NaN,raw
810,0.8918743990143412,17.049,0.011,6080.66081,0.8918743990143412,0.18520206698849506,raw
810,0.8920300104511012,17.10318072289157,0.035871874549801196,NaN,NaN,NaN,raw
810,0.8920320012875891,17.159,0.011,7270.65747,0.8920320012875891,0.5199006161656143,raw
810,0.8920483684487408,17.097,0.011,7184.7886,0.8920483684487408,0.851305835227322,raw
810,0.8920854743448399,17.10115530873494,0.02741440124393912,NaN,NaN,NaN,raw
810,0.8924033209940221,17.10606622574157,0.016321846167228708,NaN,NaN,NaN,raw
810,0.8924033209940223,17.106066225741575,0.016373744060252986,NaN,NaN,NaN,raw
810,0.8924033209940225,17.106066225741575,0.016270438650033317,NaN,NaN,NaN,raw
810,0.8924053972151864,17.10053030873494,0.028038995663224514,NaN,NaN,NaN,raw
810,0.8926569138784215,17.10322289156627,0.035826074219936554,NaN,NaN,NaN,raw
810,0.8927271953743384,17.10126487198795,0.028424397847582498,NaN,NaN,NaN,raw
810,0.8930392241732147,17.101333019578313,0.02843224432525115,NaN,NaN,NaN,raw
810,0.8931564168451587,17.157,0.014,5994.79238,0.8931564168451587,0.5175484208502894,raw
810,0.8932904725419335,17.103246987951813,0.035842828072096974,NaN,NaN,NaN,raw
810,0.8933671788092221,17.100579631024097,0.027963680131761703,NaN,NaN,NaN,raw
810,0.8936977773526807,17.100644766566266,0.027973591214089027,NaN,NaN,NaN,raw
810,0.8939150792915365,17.103921686746993,0.035888546491308924,NaN,NaN,NaN,raw
810,0.8940141624140368,17.100981174698795,0.02807030791336829,NaN,NaN,NaN,raw
810,0.8943351307047167,17.100231174698795,0.027837839276106665,NaN,NaN,NaN,raw
810,0.8944571893225657,17.082,0.01,6160.62058,0.8944571893225657,0.21457039228334907,raw
810,0.8945431175417257,17.104012048192775,0.03574776754238393,NaN,NaN,NaN,raw
810,0.8946566275482426,17.102699924698797,0.02747241860838413,NaN,NaN,NaN,raw
810,0.8949506780263619,17.042,0.013,6011.82772,0.8949506780263619,0.9551649798613653,raw
810,0.8949680807806496,17.103820783132534,0.026819163358698245,NaN,NaN,NaN,raw
810,0.8951637472994672,17.104174698795184,0.035959567676551285,NaN,NaN,NaN,raw
810,0.8952837447350581,17.103012048192774,0.02723543231712178,NaN,NaN,NaN,raw
550,0.8953399847732726,18.749285714285712,0.07367540929011458,NaN,NaN,NaN,raw
810,0.8955426573593286,17.138,0.01,7214.68748,0.8955426573593286,0.803297693555578,raw
550,0.8955587252334486,18.746571428571425,0.006577248975187637,NaN,NaN,NaN,raw
810,0.8956111910054112,17.101885353915662,0.02630022464842118,NaN,NaN,NaN,raw
810,0.8957837149472576,17.104295180722897,0.035978995231188964,NaN,NaN,NaN,raw
810,0.8959346492480442,17.103947853915663,0.02454867751277459,NaN,NaN,NaN,raw
810,0.8962581383835944,17.104462725903616,0.024690223761646056,NaN,NaN,NaN,raw
810,0.8964054531890658,17.10434939759036,0.036026230758507,NaN,NaN,NaN,raw
810,0.8965673853101535,17.104568524096386,0.024689621719307994,NaN,NaN,NaN,raw
810,0.8968900972657105,17.104853350903614,0.024652037377106428,NaN,NaN,NaN,raw
810,0.8970157378467907,17.104753012048192,0.035822193348915926,NaN,NaN,NaN,raw
810,0.8972127375096045,17.106259600903613,0.02255768842594639,NaN,NaN,NaN,raw
810,0.897535406707827,17.10681645331325,0.02269873215806876,NaN,NaN,NaN,raw
810,0.897626094069936,17.104921686746984,0.03590340423867227,NaN,NaN,NaN,raw
810,0.8976341738562041,17.064,0.014,6382.76829,0.8976341738562041,0.3757985475294845,raw
810,0.8978626572833551,17.105151355421686,0.020605018650869753,NaN,NaN,NaN,raw
810,0.8979156948371383,17.127,0.014,6458.90314,0.8979156948371383,0.2238820655438758,raw
810,0.8982061618865206,17.107245105421686,0.023013325540327253,NaN,NaN,NaN,raw
810,0.8982412063601534,17.105560240963854,0.035827439762583825,NaN,NaN,NaN,raw
810,0.8985325627257753,17.107313817771082,0.023004209497085135,NaN,NaN,NaN,raw
810,0.8988562202262457,17.105891566265058,0.03540416412700539,NaN,NaN,NaN,raw
810,0.8988622781708068,17.105694277108434,0.021142320526811947,NaN,NaN,NaN,raw
810,0.8991931681473347,17.10643655873494,0.021468087654898476,NaN,NaN,NaN,raw
810,0.8994700862733379,17.105777108433735,0.035320588297036715,NaN,NaN,NaN,raw
810,0.8995170922960982,17.105220256024097,0.02268335021046443,NaN,NaN,NaN,raw
810,0.8996457817702321,17.114,0.012,6181.48122,0.8996457817702321,0.8342845568113262,raw
810,0.8998248806876205,17.10596780873494,0.022284085651732788,NaN,NaN,NaN,raw
810,0.8998589863804227,17.097,0.011,5779.60105,0.8998589863804227,0.23561865816918726,raw
810,0.8999593754888338,17.137,0.011,7910.67885,0.8999593754888338,0.4889751405644347,raw
810,0.9000824821971738,17.105867469879517,0.03543026307323262,NaN,NaN,NaN,raw
810,0.9001464815599427,17.105936182228916,0.022287668769963125,NaN,NaN,NaN,raw
810,0.9002471096646332,17.077,0.016,7566.8558,0.9002471096646332,0.07116369392861088,raw
810,0.9004570343276705,17.10795030120482,0.018991986780802838,NaN,NaN,NaN,raw
810,0.9006888668001964,17.105945783132533,0.03542046250302826,NaN,NaN,NaN,raw
810,0.9007645727925713,17.10875734186747,0.019371291023601408,NaN,NaN,NaN,raw
810,0.9010646624665242,17.115,0.011,7293.60533,0.9010646624665242,0.6040588149353425,raw
810,0.9010748374468145,17.107773343373495,0.01862324127693389,NaN,NaN,NaN,raw
810,0.901124205578526,17.119,0.017,5760.48089,0.901124205578526,0.33869152745501196,raw
810,0.901297707673522,17.10607228915663,0.03556565695622665,NaN,NaN,NaN,raw
810,0.9013957848245086,17.107849021084338,0.018613569316432915,NaN,NaN,NaN,raw
810,0.9017029677150692,17.10727560240964,0.019003415918845672,NaN,NaN,NaN,raw
810,0.9019045015682707,17.10611445783133,0.03559595016981765,NaN,NaN,NaN,raw
810,0.9020035105424262,17.107333019578313,0.018998323280659882,NaN,NaN,NaN,raw
810,0.902198886818951,17.094,0.01,5988.88552,0.902198886818951,0.8831131969127455,raw
810,0.9023031036335947,17.107416603915667,0.018993255326181707,NaN,NaN,NaN,raw
810,0.9023554247942229,17.121,0.015,5972.8938,0.9023554247942229,0.6777400444516388,raw
810,0.902504019704486,17.10571686746988,0.035595002438721976,NaN,NaN,NaN,raw
810,0.9026123664533638,17.10882285391566,0.017262004314942393,NaN,NaN,NaN,raw
810,0.902920915801283,17.108223456325298,0.01694048617727509,NaN,NaN,NaN,raw
810,0.9030405157500354,17.164,0.011,5739.62272,0.9030405157500354,0.7242605514584284,raw
810,0.9031017407345732,17.10542168674699,0.03546184308116809,NaN,NaN,NaN,raw
810,0.9032282070471853,17.107768448795177,0.017207755136570347,NaN,NaN,NaN,raw
810,0.90352529273908,17.107821536144577,0.017204398147907935,NaN,NaN,NaN,raw
810,0.9037073110861653,17.10517469879518,0.03496647171002686,NaN,NaN,NaN,raw
810,0.9038210222297065,17.107886671686746,0.017200353454971968,NaN,NaN,NaN,raw
810,0.9038789517908299,17.127,0.012,6391.80929,0.9038789517908299,0.7139797232503042,raw
810,0.9041169894251337,17.107542921686743,0.017184147285069083,NaN,NaN,NaN,raw
810,0.9042806520519662,17.065,0.013,5767.78258,0.9042806520519662,0.9565882323495316,raw
810,0.9043064178512757,17.10592168674699,0.03480386446043106,NaN,NaN,NaN,raw
810,0.9044154285944754,17.108136671686744,0.017136294421271,NaN,NaN,NaN,raw
550,0.9046560325346685,18.751357142857138,0.07416365182990395,NaN,NaN,NaN,raw
550,0.9047114841970533,18.754119047619046,0.006658711239733974,NaN,NaN,NaN,raw
810,0.9047135281043754,17.10722703313253,0.01630725188279634,NaN,NaN,NaN,raw
810,0.9048343454560381,17.103,0.011,5737.53746,0.9048343454560381,0.26400884495524224,raw
810,0.9048883665936517,17.10645180722892,0.03477033867047564,NaN,NaN,NaN,raw
810,0.9050049781762937,17.13,0.009,6809.6817,0.9050049781762937,0.5191310245718341,raw
810,0.9050254598654107,17.107296875,0.01630602714856293,NaN,NaN,NaN,raw
810,0.9053390122340631,17.107109375,0.016695488730501914,NaN,NaN,NaN,raw
810,0.9054711262951092,17.10651204819277,0.03475729493115059,NaN,NaN,NaN,raw
810,0.9056490691721051,17.10729856927711,0.01671616805345582,NaN,NaN,NaN,raw
810,0.9059477508927599,17.107095256024095,0.01665894384120075,NaN,NaN,NaN,raw
810,0.9060540310334677,17.106716867469878,0.03468242876845982,NaN,NaN,NaN,raw
810,0.9062353056870052,17.086,0.012,7909.63809,0.9062353056870052,0.26284911021139123,raw
810,0.9062618938222797,17.106759789156627,0.0165189793123656,NaN,NaN,NaN,raw
810,0.9064703264893287,17.106523735417863,0.01676976949897734,NaN,NaN,NaN,raw
810,0.906576773188924,17.105976280120483,0.01713572642099058,NaN,NaN,NaN,raw
810,0.9066331083222176,17.106590361445782,0.03456904768792993,NaN,NaN,NaN,raw
810,0.9068730632896498,17.107160203313256,0.018407184193185887,NaN,NaN,NaN,raw
810,0.9071636002324206,17.109035203313255,0.02000954040998841,NaN,NaN,NaN,raw
810,0.9072130729873278,17.107596385542166,0.03449303467951118,NaN,NaN,NaN,raw
810,0.9074550909077155,17.109035203313255,0.02000954040998841,NaN,NaN,NaN,raw
810,0.9075305840888177,17.109,0.011,7252.5852,0.9075305840888177,0.8643501774367905,raw
810,0.9077438395384531,17.109114269578313,0.020001002243837426,NaN,NaN,NaN,raw
810,0.9077892739705492,17.107819277108433,0.034472173961850275,NaN,NaN,NaN,raw
810,0.9080181648264994,17.107583019578314,0.01736552942838584,NaN,NaN,NaN,raw
810,0.9080745262290293,17.091,0.01,6442.56725,0.9080745262290293,0.28234899545532244,raw
810,0.9082966336195435,17.10744484186747,0.017400837754007532,NaN,NaN,NaN,raw
810,0.9083629623668764,17.10759036144578,0.034289334376592484,NaN,NaN,NaN,raw
810,0.9085656277126739,17.107547251506023,0.017396689166805993,NaN,NaN,NaN,raw
810,0.9088472373475207,17.10697722138554,0.017033789675682098,NaN,NaN,NaN,raw
810,0.9089334299733857,17.10786144578313,0.033919674567211254,NaN,NaN,NaN,raw
810,0.9091167320239038,17.103,0.012,5463.5929,0.9091167320239038,0.3122852100441378,raw
810,0.9091178798438528,17.107695971385542,0.015633056661922988,NaN,NaN,NaN,raw
810,0.909389590465828,17.1066671686747,0.016793776403178508,NaN,NaN,NaN,raw
810,0.9094090397993568,17.116,0.009,6017.74275,0.9094090397993568,0.6070753658605099,raw
810,0.9094985598056331,17.10789156626506,0.033943451030131966,NaN,NaN,NaN,raw
810,0.9096560701580143,17.1056671686747,0.01793326112999945,NaN,NaN,NaN,raw
810,0.9099242110112903,17.105743034638554,0.01794182071516387,NaN,NaN,NaN,raw
810,0.9100642985503031,17.108102409638555,0.03400278589621588,NaN,NaN,NaN,raw
810,0.910192325801919,17.106055534638553,0.01845761592532976,NaN,NaN,NaN,raw
810,0.9102807854615094,17.071,0.011,6407.80329,0.9102807854615094,0.9242296651245852,raw
810,0.910460427997096,17.106137801204817,0.018465581209935158,NaN,NaN,NaN,raw
810,0.9106106888175418,17.112,0.009,6773.87598,0.9106106888175418,0.9327467211605835,raw
810,0.9106224775274774,17.108493975903613,0.03394715090253388,NaN,NaN,NaN,raw
810,0.9107173523538121,17.104584149096386,0.0204049755519752,NaN,NaN,NaN,raw
810,0.9109728816507767,17.104052899096388,0.021113429196004074,NaN,NaN,NaN,raw
810,0.9111767793231603,17.108265060240964,0.033868223897871294,NaN,NaN,NaN,raw
810,0.9112193567812445,17.103284450301206,0.021462704993373258,NaN,NaN,NaN,raw
810,0.9113738474061392,17.081,0.012,5364.86186,0.9113738474061392,0.1322454813234799,raw
810,0.9113857847914915,17.144,0.011,6009.74755,0.9113857847914915,0.5058004918282677,raw
810,0.911451218684707,17.103339231927713,0.021476298745403487,NaN,NaN,NaN,raw
810,0.911496068987617,17.154,0.012,7072.85294,0.911496068987617,0.42734022258264304,raw
810,0.9116831264036591,17.121,0.013,7945.7953,0.9116831264036591,0.6010503919933399,raw
810,0.9116912227018108,17.103344879518072,0.021477859074179737,NaN,NaN,NaN,raw
810,0.9117439758880889,17.10824698795181,0.03386272407503071,NaN,NaN,NaN,raw
810,0.9118189249675197,17.115,0.017,6199.56311,0.9118189249675197,0.510411624554763,raw
810,0.9119360404563894,17.103225527108435,0.02146279936334202,NaN,NaN,NaN,raw
810,0.9120127421119832,17.101,0.012,5749.70761,0.9120127421119832,0.2952626482638152,raw
810,0.9121769215504254,17.10378219126506,0.021366274012182395,NaN,NaN,NaN,raw
810,0.9123151220663379,17.10845180722892,0.033927472952705234,NaN,NaN,NaN,raw
810,0.9124267790561211,17.103834713855424,0.02137799979417135,NaN,NaN,NaN,raw
810,0.9126767593915762,17.103887236445786,0.021390273132946648,NaN,NaN,NaN,raw
810,0.9128904601059303,17.10875903614458,0.03412635713325634,NaN,NaN,NaN,raw
810,0.9129269168644388,17.105855986445782,0.024040982672468028,NaN,NaN,NaN,raw
810,0.9129412119345943,17.088,0.012,5292.89942,0.9129412119345943,0.20870797806310293,raw
810,0.9130011577544792,17.073,0.011,6442.91661,0.9130011577544792,0.02961002582378569,raw
810,0.913179979185575,17.105643072289155,0.023978334710651687,NaN,NaN,NaN,raw
810,0.9133616956059996,17.071,0.011,7818.90463,0.9133616956059996,0.18917493920525885,raw
810,0.9134363883807541,17.107427710843375,0.026175615240557868,NaN,NaN,NaN,raw
810,0.9134688738984835,17.108879518072293,0.03412699903004411,NaN,NaN,NaN,raw
810,0.9135846514764125,17.14,0.013,6458.56094,0.9135846514764125,0.4919358650859067,raw
810,0.9136773178475848,17.107518260542168,0.026183035313639053,NaN,NaN,NaN,raw
810,0.9139210873011336,17.108712537650604,0.025321004839019595,NaN,NaN,NaN,raw
550,0.9140284722930335,18.764119047619047,0.014118726407656212,NaN,NaN,NaN,raw
810,0.9140503965407728,17.109144578313256,0.034197158318986405,NaN,NaN,NaN,raw
550,0.9141384352832185,18.761714285714284,0.06982001979973294,NaN,NaN,NaN,raw
810,0.9141667592647593,17.1100250376506,0.026555343126248517,NaN,NaN,NaN,raw
810,0.9142756104483851,17.057,0.011,7875.9191,0.9142756104483851,0.1398607591072505,raw
810,0.9144122431898722,17.069,0.01,6050.77098,0.9144122431898722,0.2525676403201942,raw
810,0.9144178077745493,17.11005515813253,0.02655409709368672,NaN,NaN,NaN,raw
810,0.9145203124971886,17.082,0.009,6088.66457,0.9145203124971886,0.30478629074605124,raw
810,0.9146326538981289,17.109349397590364,0.03438196628605613,NaN,NaN,NaN,raw
810,0.9146560072019978,17.111015625,0.027038683027224543,NaN,NaN,NaN,raw
550,0.914746395767491,18.764133830455258,0.018773299385543826,NaN,NaN,NaN,raw
550,0.914746395767491,18.764133830455258,0.018090403943311222,NaN,NaN,NaN,raw
550,0.9147463957674911,18.764133830455258,0.017476990602218263,NaN,NaN,NaN,raw
810,0.9149014239919026,17.111910579819273,0.026481356888863383,NaN,NaN,NaN,raw
810,0.9151641758661495,17.110844503012046,0.02582642520228274,NaN,NaN,NaN,raw
810,0.9152107126361355,17.109180722891566,0.03413560997792718,NaN,NaN,NaN,raw
810,0.9152200926813864,17.107897216336713,0.015611914504259014,NaN,NaN,NaN,raw
810,0.9152200926813865,17.107897216336717,0.015513415637644145,NaN,NaN,NaN,raw
810,0.9152200926813866,17.107897216336713,0.015562431291020508,NaN,NaN,NaN,raw
810,0.9154411871530119,17.109469314759036,0.024596709266713576,NaN,NaN,NaN,raw
810,0.9156234421170666,17.104,0.011,5723.63532,0.9156234421170666,0.5281276315690775,raw
810,0.9157165830306344,17.108625564759038,0.024651443101300415,NaN,NaN,NaN,raw
810,0.915782721238177,17.10881325301205,0.03408680637354739,NaN,NaN,NaN,raw
810,0.9159932855345683,17.110086596385543,0.025978055472784315,NaN,NaN,NaN,raw
810,0.9162771183811427,17.10994390060241,0.025962732431057567,NaN,NaN,NaN,raw
810,0.9163584025491437,17.109271084337355,0.03380127316992645,NaN,NaN,NaN,raw
810,0.9165569961720874,17.108600150602413,0.02750739603516316,NaN,NaN,NaN,raw
810,0.9168319631337758,17.108961031626507,0.027581041275223008,NaN,NaN,NaN,raw
810,0.9169328007079479,17.1095421686747,0.03377781276619817,NaN,NaN,NaN,raw
810,0.9170992976849215,17.109025602409638,0.02758297175217805,NaN,NaN,NaN,raw
810,0.9171217711555073,17.166,0.01,7111.79139,0.9171217711555073,0.7144545685368939,raw
810,0.9173820539421373,17.10974642319277,0.02731588924065858,NaN,NaN,NaN,raw
810,0.9175070340757139,17.10918674698795,0.03385040269608481,NaN,NaN,NaN,raw
810,0.9176715175987371,17.10924642319277,0.028144086353811406,NaN,NaN,NaN,raw
810,0.9177036540513654,17.165,0.02,5433.69822,0.9177036540513654,0.3692769111621601,raw
810,0.9177740414888831,17.111,0.009,5655.84485,0.9177740414888831,0.5281950082644471,raw
810,0.9179580267997453,17.110500753012047,0.02726525721720429,NaN,NaN,NaN,raw
810,0.9180814079750728,17.10921686746988,0.033867674117479304,NaN,NaN,NaN,raw
810,0.9182501961226257,17.108785768072288,0.029038801031597058,NaN,NaN,NaN,raw
810,0.9184721916535636,17.154,0.01,7507.7621,0.9184721916535636,0.6731239921555243,raw
810,0.9185411897064291,17.10816076807229,0.028556532301014095,NaN,NaN,NaN,raw
810,0.9186560298407547,17.109457831325297,0.03378642409977945,NaN,NaN,NaN,raw
810,0.918799161001516,17.139,0.01,6700.8729,0.918799161001516,0.7833398606744595,raw
810,0.9188178930333941,17.109,0.02897788849653588,NaN,NaN,NaN,raw
810,0.9190927754822105,17.11070218373494,0.027380615485389653,NaN,NaN,NaN,raw
810,0.9192271846830913,17.109638554216865,0.03356209200445078,NaN,NaN,NaN,raw
810,0.9193803199881944,17.112026731927713,0.026302149055045427,NaN,NaN,NaN,raw
810,0.9196707436696573,17.113151731927715,0.02574030960383113,NaN,NaN,NaN,raw
810,0.9197938447673933,17.109885542168673,0.033292534908194615,NaN,NaN,NaN,raw
810,0.9199681588299269,17.11321667921687,0.025733027112158736,NaN,NaN,NaN,raw
810,0.920253633554502,17.112961031626504,0.025814922004181663,NaN,NaN,NaN,raw
810,0.9203604301672123,17.109993975903613,0.03328290069452833,NaN,NaN,NaN,raw
810,0.9204957944875787,17.094,0.012,5404.49682,0.9204957944875787,0.909154824588768,raw
810,0.920536944394841,17.113187876506025,0.025765484643389586,NaN,NaN,NaN,raw
810,0.9205984560139768,17.155,0.017,6013.92252,0.9205984560139768,0.43582219995732885,raw
810,0.9208325006523499,17.113285768072288,0.025754276176805094,NaN,NaN,NaN,raw
810,0.9209015760578982,17.110433734939757,0.03299299935701112,NaN,NaN,NaN,raw
810,0.9209688314222149,17.058,0.011,7825.86022,0.9209688314222149,0.06678356701377197,raw
810,0.9211140648403671,17.12,0.012,7656.55605,0.9211140648403671,0.9348608521504502,raw
810,0.9211141917947114,17.113152296686746,0.025786800313487217,NaN,NaN,NaN,raw
550,0.9211146010966331,18.77733333333333,0.014740152945053759,NaN,NaN,NaN,raw
810,0.921390920242219,17.113231362951808,0.02577925180191502,NaN,NaN,NaN,raw
810,0.9214451657425924,17.11082530120482,0.032558751905843945,NaN,NaN,NaN,raw
810,0.9216723585230273,17.111262612951805,0.023960845082699064,NaN,NaN,NaN,raw
810,0.9219479850495592,17.111356551204818,0.023958336553941435,NaN,NaN,NaN,raw
810,0.9219894121654991,17.111066265060238,0.03277436831874794,NaN,NaN,NaN,raw
810,0.9222213727852765,17.11082530120482,0.022895379231199445,NaN,NaN,NaN,raw
810,0.9222639947656717,17.057,0.01,6004.88427,0.9222639947656717,0.10352311672977521,raw
810,0.9224983705018591,17.11023155120482,0.023135805437248507,NaN,NaN,NaN,raw
810,0.9225299900382602,17.111138554216865,0.03282070791741197,NaN,NaN,NaN,raw
810,0.9227728693750586,17.110319653614457,0.02313718476140961,NaN,NaN,NaN,raw
810,0.9228182922306587,17.054,0.009,5653.76072,0.9228182922306587,0.07036030704148288,raw
810,0.9228964461581199,17.12,0.01,7610.66723,0.9228964461581199,0.7813031594105269,raw
810,0.9229049030036549,17.136,0.014,6942.48918,0.9229049030036549,0.5867241814084991,raw
810,0.9230449510097068,17.108350903614458,0.021950423601330513,NaN,NaN,NaN,raw
810,0.923071848810508,17.111469879518072,0.03295445428094796,NaN,NaN,NaN,raw
550,0.9232909490612136,18.779285714285717,0.0485599210673357,NaN,NaN,NaN,raw
810,0.9233162963697277,17.10636784638554,0.024558700820722652,NaN,NaN,NaN,raw
810,0.9235851234569986,17.10552597891566,0.023855674624704816,NaN,NaN,NaN,raw
810,0.9236136673813585,17.111385542168673,0.033004437286724926,NaN,NaN,NaN,raw
810,0.9238138703040022,17.118,0.011,5273.7826,0.9238138703040022,0.31892491605140094,raw
810,0.9238477269802281,17.103849774096382,0.025392334171291314,NaN,NaN,NaN,raw
810,0.9241021997506638,17.10392752259036,0.025415209787307495,NaN,NaN,NaN,raw
810,0.9241499390267541,17.111427710843373,0.03299941528684188,NaN,NaN,NaN,raw
810,0.924345903822541,17.101,0.012,7064.86152,0.924345903822541,0.33415055205114186,raw
810,0.92435376930819,17.102396460843373,0.026490946160067565,NaN,NaN,NaN,raw
810,0.9246031270094257,17.1029781626506,0.026504994006677347,NaN,NaN,NaN,raw
810,0.9246893890079165,17.111259036144578,0.033021743199198816,NaN,NaN,NaN,raw
810,0.9248660586906825,17.10165323795181,0.02482723327858818,NaN,NaN,NaN,raw
810,0.9251259315735638,17.10182718373494,0.024910097127489362,NaN,NaN,NaN,raw
810,0.9252405214784598,17.111945783132526,0.032883311789287065,NaN,NaN,NaN,raw
810,0.9253725191047124,17.105,0.02,5858.52585,0.9253725191047124,0.05124543148485827,raw
810,0.9253940122818635,17.103543862951806,0.02365350069595697,NaN,NaN,NaN,raw
810,0.9256741708328124,17.10331890060241,0.023525830295867214,NaN,NaN,NaN,raw
810,0.9257881110281934,17.11207228915662,0.0329393503763029,NaN,NaN,NaN,raw
550,0.9259144189454673,18.791,0.013,7159.76977,0.9259144189454673,0.33746142149357183,raw
810,0.9259605623754579,17.10339175451807,0.023553419297817,NaN,NaN,NaN,raw
810,0.9261277961413725,17.103,0.01,7460.83238,0.9261277961413725,0.2931408170788927,raw
810,0.9262354052401609,17.101327183734938,0.0256602936537045,NaN,NaN,NaN,raw
810,0.9263270829247324,17.112192771084334,0.03305641012657553,NaN,NaN,NaN,raw
810,0.9264520615943184,17.148,0.014,7808.82741,0.9264520615943184,0.6345785330995568,raw
810,0.9265064504436371,17.10273343373494,0.024352414595841337,NaN,NaN,NaN,raw
810,0.9266379684195272,17.092,0.009,6776.66273,0.9266379684195272,0.8934453597448737,raw
550,0.9267027446685893,18.779095238095238,0.012001133733292247,NaN,NaN,NaN,raw
810,0.9267697289268646,17.104604103915662,0.027156618627571846,NaN,NaN,NaN,raw
810,0.9268653719174551,17.112036144578312,0.03314264698674588,NaN,NaN,NaN,raw
810,0.9270251854129803,17.106572853915665,0.025609216870551607,NaN,NaN,NaN,raw
810,0.9271788039623061,17.091,0.013,7219.56554,0.9271788039623061,0.23718864212787594,raw
810,0.9272828609086421,17.106362198795182,0.02552278451582997,NaN,NaN,NaN,raw
810,0.9273390813614242,17.046,0.013,6094.57903,0.9273390813614242,0.955477479392357,raw
810,0.927401627794185,17.112060240963853,0.03314773154543528,NaN,NaN,NaN,raw
810,0.9275494646490845,17.10420594879518,0.02585068202533296,NaN,NaN,NaN,raw
810,0.9276304974264349,17.056,0.01,7188.62509,0.9276304974264349,0.05733820983550686,raw
810,0.9278113052774435,17.10406626506024,0.025822226147469894,NaN,NaN,NaN,raw
810,0.9279369734213324,17.112373493975905,0.03327851644543442,NaN,NaN,NaN,raw
810,0.9280629715370468,17.104134600903613,0.025845104049413127,NaN,NaN,NaN,raw
810,0.9283101123027835,17.103853350903613,0.025738099705112583,NaN,NaN,NaN,raw
810,0.9284106560080545,17.061,0.011,7923.55169,0.9284106560080545,0.023242607225256506,raw
810,0.9284752409271223,17.112614457831327,0.03342031003802329,NaN,NaN,NaN,raw
810,0.9285566064564295,17.102527484939756,0.026419124764092805,NaN,NaN,NaN,raw
810,0.9287983736001637,17.10240248493976,0.02643604249812317,NaN,NaN,NaN,raw
810,0.9290122698141905,17.112602409638555,0.03340855987537213,NaN,NaN,NaN,raw
810,0.9290330555196102,17.10248682228916,0.02646949220996413,NaN,NaN,NaN,raw
810,0.9292175083101029,17.116,0.012,6480.8158,0.9292175083101029,0.09380675550892192,raw
810,0.9292522664505721,17.103519766566265,0.02747632982965268,NaN,NaN,NaN,raw
810,0.9294470283127562,17.114949817511672,0.021308981728589593,NaN,NaN,NaN,raw
810,0.9294470283127562,17.114949817511672,0.02129198213934319,NaN,NaN,NaN,raw
810,0.9294825414009034,17.10381174698795,0.027542132546757643,NaN,NaN,NaN,raw
810,0.929547414087802,17.11293373493976,0.03376319235627589,NaN,NaN,NaN,raw
550,0.9296804618187751,18.778119047619047,0.012096620655891144,NaN,NaN,NaN,raw
810,0.9297099891278522,17.104559487951807,0.028092931246935574,NaN,NaN,NaN,raw
810,0.9299336367457796,17.104920180722893,0.028146308474123673,NaN,NaN,NaN,raw
810,0.9300791384707353,17.112801204819274,0.03364002303885592,NaN,NaN,NaN,raw
810,0.9301623751030285,17.105851656626506,0.028878450953623243,NaN,NaN,NaN,raw
810,0.9303915621466295,17.10663290662651,0.03035584586978798,NaN,NaN,NaN,raw
810,0.930609695107245,17.113156626506022,0.033698658161474195,NaN,NaN,NaN,raw
810,0.9306160368659511,17.10734073795181,0.030267584820040314,NaN,NaN,NaN,raw
810,0.9307843838359986,17.045,0.013,7893.65485,0.9307843838359986,0.07561419205376296,raw
810,0.9308497025684702,17.105808358433734,0.031247626816269407,NaN,NaN,NaN,raw
550,0.9309028659990872,18.767,0.015,6886.52075,0.9309028659990872,0.8734580094514968,raw
810,0.9309374412769102,17.102,0.013,6564.59939,0.9309374412769102,0.3021070510894788,raw
810,0.9309549015015364,17.171,0.014,7801.87603,0.9309549015015364,0.7659748541627778,raw
810,0.9309928997863608,17.117,0.009,5777.52599,0.9309928997863608,0.7971841674607276,raw
810,0.9310740312599262,17.10655440512048,0.03116755865760266,NaN,NaN,NaN,raw
810,0.9311420620193004,17.113259036144573,0.03382162312161401,NaN,NaN,NaN,raw
810,0.9312983642454935,17.108710655120483,0.029165616597178295,NaN,NaN,NaN,raw
810,0.9314362226978119,17.067,0.009,7113.88225,0.9314362226978119,0.18668435429572128,raw
810,0.931450748917996,17.107,0.011,5787.60792,0.931450748917996,0.3618549938000797,raw
810,0.9315326048647904,17.108813253012045,0.029183548901750254,NaN,NaN,NaN,raw
810,0.9316669876886616,17.11357228915662,0.03393868200956214,NaN,NaN,NaN,raw
810,0.9317223748075776,17.109,0.013,7974.65699,0.9317223748075776,0.33455224549470586,raw
810,0.931772647919152,17.109875753012048,0.027784097979580712,NaN,NaN,NaN,raw
550,0.9319479990870125,18.779421245421243,0.038381861326378885,NaN,NaN,NaN,raw
550,0.9319479990870125,18.779421245421243,0.0380110133895292,NaN,NaN,NaN,raw
810,0.932007062107302,17.10995952560241,0.0277959107711826,NaN,NaN,NaN,raw
810,0.932037751943426,17.069,0.011,6190.53131,0.932037751943426,0.1919087219030189,raw
810,0.932082452422037,17.097,0.012,5737.89458,0.932082452422037,0.02786807086886256,raw
810,0.932199210430203,17.113957831325298,0.034271173930011015,NaN,NaN,NaN,raw
550,0.9322241005117705,18.77635714285714,0.04851582952280274,NaN,NaN,NaN,raw
810,0.9322325384931238,17.10955327560241,0.02861742010601502,NaN,NaN,NaN,raw
810,0.9322552712692413,17.145,0.012,5979.85714,0.9322552712692413,0.5719254783798533,raw
810,0.9324561035693073,17.10756532379518,0.03054268541987445,NaN,NaN,NaN,raw
810,0.9326737330109233,17.10765982680723,0.030563444985745196,NaN,NaN,NaN,raw
810,0.9327413175153131,17.114343373493973,0.03429209889657348,NaN,NaN,NaN,raw
810,0.932901658963218,17.107657003012047,0.03056265373395463,NaN,NaN,NaN,raw
810,0.9330664382905525,17.136,0.009,7161.85814,0.9330664382905525,0.8043652398700942,raw
810,0.9331264314348535,17.10653407379518,0.03101924833957476,NaN,NaN,NaN,raw
810,0.9332845199150505,17.1145421686747,0.034478557659778086,NaN,NaN,NaN,raw
810,0.9333441146913162,17.106648908132527,0.031049984604120485,NaN,NaN,NaN,raw
810,0.933562002923968,17.1067547063253,0.03107862862985367,NaN,NaN,NaN,raw
810,0.9336467103566974,17.142,0.016,6223.55836,0.9336467103566974,0.8348770439461077,raw
810,0.9337792265124607,17.1088484563253,0.028969340848611046,NaN,NaN,NaN,raw
810,0.9337860469895531,17.173,0.015,6024.70417,0.9337860469895531,0.4971540297574393,raw
810,0.9338211594378159,17.11465060240964,0.03452726063428176,NaN,NaN,NaN,raw
810,0.9339940599267083,17.1102234563253,0.029669545496299625,NaN,NaN,NaN,raw
810,0.9342118075736652,17.1070047063253,0.02842434246504705,NaN,NaN,NaN,raw
810,0.9343426743980672,17.063,0.014,6819.77367,0.9343426743980672,0.10527683586951753,raw
810,0.9343573220888952,17.114873493975903,0.034277861339663075,NaN,NaN,NaN,raw
810,0.9344346419256555,17.106998117469878,0.028421975121779863,NaN,NaN,NaN,raw
810,0.9345177368995792,17.115,0.009,7508.81062,0.9345177368995792,0.9158482180573628,raw
810,0.9346696529127608,17.107108057228913,0.02845376076402962,NaN,NaN,NaN,raw
550,0.9347842323867163,18.776666666666667,0.009825085899123452,NaN,NaN,NaN,raw
810,0.9348973276116876,17.115343373493975,0.03419351592891351,NaN,NaN,NaN,raw
810,0.9349125851657792,17.10866886295181,0.027537821781315763,NaN,NaN,NaN,raw
810,0.9351559999924067,17.109387612951807,0.027791842349441,NaN,NaN,NaN,raw
810,0.9351598708874097,17.111396871736847,0.0203508896636549,NaN,NaN,NaN,raw
810,0.9351598708874099,17.111396871736844,0.020286385889146955,NaN,NaN,NaN,raw
810,0.93515987088741,17.111396871736844,0.02022249160165376,NaN,NaN,NaN,raw
810,0.9353118751660077,17.09,0.01,5386.77196,0.9353118751660077,0.9966944779134792,raw
810,0.9354007339706496,17.110900978915666,0.029304433465710326,NaN,NaN,NaN,raw
810,0.9354382274421325,17.11505421686747,0.03416967573281914,NaN,NaN,NaN,raw
810,0.9356259003543528,17.048,0.015,5744.50111,0.9356259003543528,0.15885735112897237,raw
810,0.9356293233649922,17.049,0.011,7170.89786,0.9356293233649922,0.13980856890339055,raw
810,0.9356518017309736,17.111173945783133,0.029326828735411536,NaN,NaN,NaN,raw
810,0.9359048060189434,17.11076769578313,0.030011928130985282,NaN,NaN,NaN,raw
810,0.9359764119459018,17.115626506024096,0.03385072788022685,NaN,NaN,NaN,raw
810,0.9361616492039625,17.111420557228914,0.02992989201646354,NaN,NaN,NaN,raw
810,0.9364163667404233,17.112984375,0.031340818858948925,NaN,NaN,NaN,raw
810,0.9365111387835359,17.115909638554214,0.03389052290683724,NaN,NaN,NaN,raw
810,0.9366725495374117,17.112203125,0.030824342197535038,NaN,NaN,NaN,raw
810,0.9367401331801375,17.077,0.012,6450.92075,0.9367401331801375,0.15000704781596141,raw
810,0.9369254574535631,17.112335090361444,0.03084283460553255,NaN,NaN,NaN,raw
810,0.937045002677541,17.116475903614454,0.03354936693748179,NaN,NaN,NaN,raw
810,0.9371716561724753,17.112460090361445,0.030949757995166124,NaN,NaN,NaN,raw
810,0.937424310149483,17.112579631024097,0.030965442716954658,NaN,NaN,NaN,raw
810,0.9375821185521014,17.116542168674695,0.033644595659429774,NaN,NaN,NaN,raw
810,0.9376713358560682,17.1118921310241,0.030532371339193887,NaN,NaN,NaN,raw
810,0.9377355386677664,17.112,0.009,7453.88347,0.9377355386677664,0.42982032667168824,raw
810,0.9378121105328319,17.146,0.01,7138.91507,0.9378121105328319,0.7304525767522136,raw
810,0.9379228262041579,17.068,0.012,6830.55198,0.9379228262041579,0.15946459696897364,raw
810,0.9379251283056753,17.110186370481927,0.028462920810303712,NaN,NaN,NaN,raw
810,0.9381235990500522,17.116789156626503,0.033650757160370436,NaN,NaN,NaN,raw
810,0.9381929970902328,17.110853539156626,0.028818925314944108,NaN,NaN,NaN,raw
810,0.9384465069280562,17.112598644578313,0.02748774965538576,NaN,NaN,NaN,raw
810,0.9386624136066706,17.116777108433734,0.03363662803444422,NaN,NaN,NaN,raw
810,0.9387169111672647,17.112725150602408,0.027507864925968326,NaN,NaN,NaN,raw
810,0.9389934180848086,17.113943900602408,0.028459404375331034,NaN,NaN,NaN,raw
550,0.9391104948458849,18.772,0.017239459956500718,NaN,NaN,NaN,raw
810,0.9392100547944013,17.11694578313253,0.03353121675784774,NaN,NaN,NaN,raw
810,0.9392400233700755,17.13,0.017,7144.82557,0.9392400233700755,0.37267355220865284,raw
810,0.9392645612357521,17.114069088855423,0.02847456589236138,NaN,NaN,NaN,raw
810,0.9394984749924333,17.162,0.012,7125.70506,0.9394984749924333,0.4749977915416821,raw
810,0.9395231189254852,17.114006588855425,0.028531238873259583,NaN,NaN,NaN,raw
810,0.9397565431379434,17.117734939759035,0.03329740524510806,NaN,NaN,NaN,raw
810,0.9397795339959725,17.114223644578313,0.028565865495224354,NaN,NaN,NaN,raw
810,0.9400313355562115,17.117598644578315,0.026815655987544804,NaN,NaN,NaN,raw
810,0.9401338891584601,17.056,0.009,7935.72342,0.9401338891584601,0.05787594003777485,raw
810,0.9402946619085082,17.119442394578314,0.023806369625464736,NaN,NaN,NaN,raw
810,0.9403014343426482,17.11789156626506,0.03345408868364453,NaN,NaN,NaN,raw
810,0.9403501715969469,17.164,0.015,7206.70717,0.9403501715969469,0.7338716766971629,raw
810,0.9404531207728724,17.12,0.014,7944.76236,0.9404531207728724,0.3916508937472827,raw
810,0.9405497077220364,17.119569277108432,0.023796193654737775,NaN,NaN,NaN,raw
810,0.9408059579527586,17.11969484186747,0.02378685920648496,NaN,NaN,NaN,raw
810,0.94083437083216,17.11856626506024,0.03349000493899874,NaN,NaN,NaN,raw
810,0.9409447972957423,17.14,0.015,5629.77936,0.9409447972957423,0.7756048020983144,raw
810,0.9410713787412956,17.12219484186747,0.02335496085962168,NaN,NaN,NaN,raw
550,0.9412257306492913,18.786642857142855,0.0525702564967285,NaN,NaN,NaN,raw
810,0.941328672913969,17.12231268825301,0.023334678312832396,NaN,NaN,NaN,raw
810,0.941369447179294,17.11836746987952,0.033537548774502164,NaN,NaN,NaN,raw
810,0.9415515329674236,17.12,0.009,6443.62183,0.9415515329674236,0.5380352142692573,raw
810,0.9415696594608286,17.122889495481928,0.023415424984596672,NaN,NaN,NaN,raw
810,0.9418069581745564,17.12167074548193,0.024964229468140885,NaN,NaN,NaN,raw
550,0.941888997840135,18.781045312711978,0.02282164598519255,NaN,NaN,NaN,raw
810,0.9419074053769811,17.1184156626506,0.033536982686879345,NaN,NaN,NaN,raw
810,0.9420449688167488,17.12013949548193,0.02492653538048174,NaN,NaN,NaN,raw
810,0.9422925839793602,17.12177296686747,0.02304092022850576,NaN,NaN,NaN,raw
810,0.942392960543657,17.136,0.009,6764.8482,0.942392960543657,0.6228423682641733,raw
810,0.9424549892084148,17.118843373493977,0.03371448099186104,NaN,NaN,NaN,raw
810,0.9425517115986073,17.12187951807229,0.02302500779668024,NaN,NaN,NaN,raw
810,0.9428117081018104,17.12198606927711,0.02300851742281902,NaN,NaN,NaN,raw
810,0.9430102577435686,17.11892168674699,0.033771960929392636,NaN,NaN,NaN,raw
810,0.9430722864096721,17.122106927710846,0.02299133896611683,NaN,NaN,NaN,raw
550,0.9431290090035743,18.782547619047616,0.027727752005752296,NaN,NaN,NaN,raw
810,0.9433332423637764,17.122888177710845,0.02368256065571432,NaN,NaN,NaN,raw
810,0.9433659582609835,17.154,0.013,6890.69685,0.9433659582609835,0.8058967228625988,raw
810,0.9435739084418779,17.119349397590362,0.033687308548037115,NaN,NaN,NaN,raw
810,0.9435857212374685,17.088,0.01,6431.80253,0.9435857212374685,0.25722946598943963,raw
810,0.9435988627078997,17.122825677710843,0.02357842217928509,NaN,NaN,NaN,raw
810,0.943643509697722,17.122,0.013,6790.92218,0.943643509697722,0.39359219816287805,raw
810,0.9436835502820031,17.156,0.01,6131.78297,0.9436835502820031,0.5325742795994302,raw
810,0.9438594117582028,17.123771460843372,0.023971359572748516,NaN,NaN,NaN,raw
550,0.943881653376593,18.753,0.014,6103.62361,0.943881653376593,0.30131607006842387,raw
810,0.9440557666384848,17.108,0.01,7445.88978,0.9440557666384848,0.3317752561542875,raw
810,0.9441087758275146,17.125804405120483,0.020553289811894332,NaN,NaN,NaN,raw
810,0.9441378779788082,17.119686746987952,0.033923060078821725,NaN,NaN,NaN,raw
550,0.9442796429848386,18.808,0.015,5662.80701,0.9442796429848386,0.41985648977788514,raw
810,0.9443675837146872,17.1253702936747,0.020870072693224002,NaN,NaN,NaN,raw
810,0.9446278761399863,17.124033509036146,0.019650265460628338,NaN,NaN,NaN,raw
810,0.9447111461666458,17.119927710843374,0.03405994114926848,NaN,NaN,NaN,raw
550,0.9447420848913074,18.758,0.04769696007084673,NaN,NaN,NaN,raw
810,0.94489921528351,17.123752259036145,0.01977387721662146,NaN,NaN,NaN,raw
810,0.9451618456600801,17.123850338855423,0.019755099360252614,NaN,NaN,NaN,raw
810,0.9452335984133242,17.157,0.018,6798.91862,0.9452335984133242,0.4975193611753639,raw
810,0.9452784162030875,17.12024698795181,0.03406383254776642,NaN,NaN,NaN,raw
810,0.9452936880516063,17.135,0.009,6448.83784,0.9452936880516063,0.6947818567168724,raw
810,0.9453290975070558,17.073,0.01,5352.70601,0.9453290975070558,0.13157855898134585,raw
810,0.945424296484062,17.123444088855422,0.019544828565235657,NaN,NaN,NaN,raw
810,0.9454284510829893,17.097,0.011,7437.89437,0.9454284510829893,0.2300512041492766,raw
810,0.945679817837082,17.125620105421685,0.022599016605328183,NaN,NaN,NaN,raw
810,0.9458465114077231,17.120271084337354,0.03406578317108685,NaN,NaN,NaN,raw
810,0.9459372688730967,17.125679028614456,0.022586344984796895,NaN,NaN,NaN,raw
550,0.9460649583124905,18.713,0.016,6789.88008,0.9460649583124905,0.164599984556844,raw
810,0.9461862444661687,17.125822289156627,0.02255330340404208,NaN,NaN,NaN,raw
810,0.9464156828659605,17.120198795180727,0.03398506265093667,NaN,NaN,NaN,raw
810,0.9464346180943197,17.125394013554217,0.022483816103343674,NaN,NaN,NaN,raw
810,0.9466945741037307,17.12530515813253,0.022516134387149486,NaN,NaN,NaN,raw
550,0.9468665274815585,18.770214285714285,0.05039198389442803,NaN,NaN,NaN,raw
810,0.9469447538974379,17.124213855421687,0.02365308599517852,NaN,NaN,NaN,raw
810,0.9469823017091705,17.12018674698795,0.03398299136452004,NaN,NaN,NaN,raw
810,0.9471846558244267,17.123682605421685,0.02314802480551021,NaN,NaN,NaN,raw
810,0.9474222194156997,17.124171686746987,0.02321874585875396,NaN,NaN,NaN,raw
810,0.9475485606459757,17.12081325301205,0.03391801263147539,NaN,NaN,NaN,raw
810,0.9475906139014114,17.155,0.012,5796.65236,0.9475906139014114,0.7073941324943007,raw
810,0.9476621986481465,17.125671686746987,0.02234042553753656,NaN,NaN,NaN,raw
810,0.9479098383031616,17.12501543674699,0.022756326736379194,NaN,NaN,NaN,raw
810,0.9479983260043809,17.16,0.013,5670.80419,0.9479983260043809,0.5253664704032417,raw
810,0.9480941127476399,17.148,0.01,6786.75196,0.9480941127476399,0.4737304679765657,raw
810,0.9481135393764389,17.121054216867467,0.03393277775768847,NaN,NaN,NaN,raw
810,0.9482271273977009,17.12379668674699,0.022077601712597997,NaN,NaN,NaN,raw
810,0.9485709825716245,17.124671686746986,0.0219860079852502,NaN,NaN,NaN,raw
810,0.9485832867321733,17.104,0.009,6446.7531,0.9485832867321733,0.2356424004319706,raw
810,0.9486795292065167,17.121222891566266,0.034046915315447554,NaN,NaN,NaN,raw
810,0.948950129822707,17.125806475903616,0.022647599503977676,NaN,NaN,NaN,raw
810,0.9491359733656282,17.111,0.008,6487.77567,0.9491359733656282,0.980570058181911,raw
810,0.9492385428824031,17.12170481927711,0.03411145156906921,NaN,NaN,NaN,raw
810,0.9493290545853976,17.12577748493976,0.022655959838582335,NaN,NaN,NaN,raw
810,0.9493432236631634,17.127,0.014,6169.67849,0.9493432236631634,0.588921089483847,raw
810,0.9495461304759374,17.188,0.017,6238.51272,0.9495461304759374,0.8213965713166544,raw
810,0.9497333373875487,17.12524623493976,0.0220925262799823,NaN,NaN,NaN,raw
810,0.9497899661198927,17.121885542168677,0.03412320150005502,NaN,NaN,NaN,raw
810,0.9498746243552887,17.123,0.012,7816.83144,0.9498746243552887,0.7547402713935298,raw
810,0.9501442513019003,17.126394766566268,0.02276922680535931,NaN,NaN,NaN,raw
550,0.9502549811473467,18.78964285714286,0.05496517378913936,NaN,NaN,NaN,raw
810,0.9503409166444868,17.122295180722894,0.034158324434154466,NaN,NaN,NaN,raw
810,0.950568513946074,17.126707266566267,0.022958973252729026,NaN,NaN,NaN,raw
550,0.9506373322970137,18.78254761904762,0.06628541923169047,NaN,NaN,NaN,raw
810,0.9507735815095657,17.116,0.009,6399.82148,0.9507735815095657,0.8515952341786033,raw
810,0.95099934574872,17.127019766566267,0.0222618418694847,NaN,NaN,NaN,raw
810,0.951016011142201,17.084,0.014,5786.57178,0.951016011142201,0.14561087883339496,raw
810,0.9510428199246235,17.137,0.011,6858.71597,0.9510428199246235,0.40062611131361336,raw
810,0.9511759433626139,17.135,0.013,7079.81968,0.9511759433626139,0.32879806177516,raw
810,0.9512650566757657,17.136,0.011,7088.85854,0.9512650566757657,0.6624019000664703,raw
810,0.9514964030822386,17.127926016566267,0.021580195517094575,NaN,NaN,NaN,raw
810,0.9515679786582041,17.101,0.01,5679.84426,0.9515679786582041,0.8615584293911525,raw
810,0.951983320151004,17.128198795180722,0.021535435454530277,NaN,NaN,NaN,raw
810,0.9524201208790088,17.123340672727366,0.0219673518073444,NaN,NaN,NaN,raw
810,0.9524596121449893,17.126723832831324,0.023616775701291406,NaN,NaN,NaN,raw
810,0.9529278083349084,17.127061746987952,0.023597575800408797,NaN,NaN,NaN,raw
810,0.9533853455192781,17.126973832831325,0.02362682821059231,NaN,NaN,NaN,raw
810,0.9538368013072613,17.117,0.013,5288.74187,0.9538368013072613,0.31594665220109164,raw
810,0.9538493691904347,17.124723832831325,0.024290758416418486,NaN,NaN,NaN,raw
810,0.9543016766039029,17.122661332831324,0.023999119749666512,NaN,NaN,NaN,raw
810,0.9547627545809957,17.121661332831323,0.02357213740204576,NaN,NaN,NaN,raw
550,0.9550425767000498,18.809380952380952,0.030907228971892516,NaN,NaN,NaN,raw
810,0.9550591322040418,17.136,0.013,5802.56496,0.9550591322040418,0.3541068876729696,raw
810,0.9552236488576593,17.121784638554214,0.0235791782694631,NaN,NaN,NaN,raw
550,0.955592057431204,18.845,0.015,6010.80586,0.955592057431204,0.7694649670065701,raw
810,0.9556952403647667,17.121878388554215,0.023512054562624955,NaN,NaN,NaN,raw
810,0.9561693642128848,17.12309017319277,0.024457439056335916,NaN,NaN,NaN,raw
810,0.956270590013446,17.156,0.011,5834.54893,0.956270590013446,0.7659868322407419,raw
810,0.9566556545266867,17.123933923192773,0.024492596299775037,NaN,NaN,NaN,raw
810,0.956836738572747,17.119,0.013,6124.48695,0.956836738572747,0.9268053799551126,raw
810,0.9571537286943712,17.12488064759036,0.02498422731798495,NaN,NaN,NaN,raw
810,0.9576674192664913,17.123568147590362,0.02595368669974828,NaN,NaN,NaN,raw
810,0.9581706480821595,17.14,0.009,6715.83542,0.9581706480821595,0.7873131606793322,raw
810,0.9581765281472971,17.121161897590362,0.023211942790564242,NaN,NaN,NaN,raw
810,0.9584276614623377,17.157,0.017,5705.92019,0.9584276614623377,0.6364791976047854,raw
810,0.9587203292683715,17.120259224397593,0.023738574529400668,NaN,NaN,NaN,raw
810,0.9588700926651654,17.145,0.011,6191.58358,0.9588700926651654,0.44265398302195536,raw
810,0.9591157151917287,17.083,0.008,6762.76813,0.9591157151917287,0.17369177450382267,raw
550,0.9592806915215988,18.7935,0.05900554080892568,NaN,NaN,NaN,raw
810,0.9593267566178245,17.121477974397592,0.02485854613110016,NaN,NaN,NaN,raw
810,0.9599633667477292,17.1219375,0.025009594932938913,NaN,NaN,NaN,raw
810,0.9606039918344891,17.123125,0.02561344153167981,NaN,NaN,NaN,raw
810,0.9612392172311388,17.12303125,0.02576630003981832,NaN,NaN,NaN,raw
810,0.9613342857555836,17.126,0.009,7157.6962,0.9613342857555836,0.9022139554472233,raw
810,0.9614278576082143,17.129,0.012,6205.49036,0.9614278576082143,0.18845989065266622,raw
810,0.9616570266734925,17.073,0.013,7901.66147,0.9616570266734925,0.20131579200460692,raw
810,0.9617365113889095,17.12980247690151,0.018845385273230427,NaN,NaN,NaN,raw
810,0.9617365113889095,17.129802476901506,0.018786029581627815,NaN,NaN,NaN,raw
810,0.9617365113889096,17.12980247690151,0.018905307158223757,NaN,NaN,NaN,raw
810,0.9618803825565578,17.12253125,0.025641428643958818,NaN,NaN,NaN,raw
810,0.9619645797865815,17.131,0.016,7972.58162,0.9619645797865815,0.8954546825407306,raw
810,0.9621897505458037,17.118,0.016,6594.50792,0.9621897505458037,0.2747397067123529,raw
810,0.962439371378423,17.083,0.01,6415.81731,0.962439371378423,0.06575944124051603,raw
810,0.9624721632353612,17.094,0.013,7173.68837,0.9624721632353612,0.10854963213387236,raw
810,0.9625293647131343,17.1230625,0.02608044317355514,NaN,NaN,NaN,raw
810,0.9628486080146104,17.116,0.011,7284.58798,0.9628486080146104,0.31646363465915783,raw
810,0.9628621562296757,17.125,0.01,7189.68028,0.9628621562296757,0.3143291837113793,raw
550,0.9631809885640905,18.8065,0.03392270625996643,NaN,NaN,NaN,raw
810,0.9632031403190808,17.1235625,0.02648668259406449,NaN,NaN,NaN,raw
810,0.9636742149596103,17.107,0.011,6788.84326,0.9636742149596103,0.9469013885354798,raw
810,0.9638514923462935,17.16,0.016,5721.91385,0.9638514923462935,0.8460018989535456,raw
810,0.963871621406156,17.124906250000002,0.02639569781049994,NaN,NaN,NaN,raw
810,0.9644789827122509,17.12675,0.027846352630797284,NaN,NaN,NaN,raw
810,0.9646972634072881,17.138,0.014,6003.85608,0.9646972634072881,0.9042835964264668,raw
810,0.9650624908180703,17.126656250000003,0.027819243020939046,NaN,NaN,NaN,raw
810,0.9651769162483106,17.152,0.01,6516.63597,0.9651769162483106,0.7110987812957319,raw
810,0.9656123387285902,17.126406250000002,0.027581970940593514,NaN,NaN,NaN,raw
810,0.9657813219710079,17.085,0.017,6879.57993,0.9657813219710079,0.0274415656876954,raw
810,0.9658376146617229,17.111,0.01,6708.88514,0.9658376146617229,0.921062318739132,raw
810,0.9661582953025913,17.127750000000002,0.028248893783651086,NaN,NaN,NaN,raw
810,0.966664066568967,17.128125,0.028495330687109847,NaN,NaN,NaN,raw
810,0.9671916019942728,17.093,0.01,6335.86009,0.9671916019942728,0.041845419893434155,raw
810,0.9672042288360103,17.128687499999998,0.029251344055141505,NaN,NaN,NaN,raw
810,0.9677828640068924,17.128781250000003,0.02931006033935752,NaN,NaN,NaN,raw
810,0.9683896626018509,17.13128125,0.02868430432337743,NaN,NaN,NaN,raw
810,0.9689314087300431,17.131687499999998,0.02869914857678287,NaN,NaN,NaN,raw
810,0.969280299537786,17.162,0.012,6885.49115,0.969280299537786,0.6712025799060939,raw
810,0.9694703655727608,17.130625,0.02942212246461128,NaN,NaN,NaN,raw
810,0.9700359864749544,17.13296875,0.027615428571023393,NaN,NaN,NaN,raw
550,0.9703951877918371,18.791833333333333,0.010103629710818492,NaN,NaN,NaN,raw
810,0.9705995920442092,17.1318125,0.028462128204607005,NaN,NaN,NaN,raw
810,0.9707124408014352,17.137,0.01,6035.84172,0.9707124408014352,0.3197355753454758,raw
810,0.9711578069124016,17.132624999999997,0.028426191920423907,NaN,NaN,NaN,raw
810,0.971273584285882,17.154,0.013,5408.68624,0.971273584285882,0.8700842550933885,raw
810,0.9713432238349924,17.081,0.01,7451.80927,0.9713432238349924,0.9932253267070337,raw
810,0.9715601103380322,17.121,0.009,6401.91459,0.9715601103380322,0.3286376410724188,raw
810,0.9717172757455046,17.134531250000002,0.0270005786975019,NaN,NaN,NaN,raw
810,0.9719433723730617,17.152,0.015,6814.91968,0.9719433723730617,0.722870238685573,raw
810,0.9722805145637494,17.1360625,0.025998681728366547,NaN,NaN,NaN,raw
810,0.9728258760660538,17.152,0.016,5827.60174,0.9728258760660538,0.9063453233193286,raw
810,0.9728537842028118,17.137749999999997,0.02640381204149472,NaN,NaN,NaN,raw
810,0.9729593734446098,17.144,0.011,5833.51179,0.9729593734446098,0.5476037745484064,raw
810,0.9732723631022964,17.176,0.013,6840.64604,0.9732723631022964,0.750080798559793,raw
810,0.9734497834177773,17.138156249999998,0.02630112149577437,NaN,NaN,NaN,raw
810,0.9737313915902632,17.133,0.011,7134.75579,0.9737313915902632,0.8339908799753175,raw
810,0.9738657231500838,17.148,0.013,6018.8081,0.9738657231500838,0.8857979978220101,raw
810,0.9740412027391585,17.139656249999998,0.025831475392778913,NaN,NaN,NaN,raw
810,0.9743073489407834,17.162,0.01,6352.89728,0.9743073489407834,0.4834190229430533,raw
810,0.9743553286061797,17.152,0.013,5697.92984,0.9743553286061797,0.545578195788039,raw
550,0.9746702167394687,18.781,0.014,7136.842,0.9746702167394687,0.296274582065962,raw
810,0.9747135194310204,17.13809375,0.026072305631987047,NaN,NaN,NaN,raw
810,0.9753688469199915,17.1391875,0.02679243694439445,NaN,NaN,NaN,raw
810,0.9757128540077247,17.175,0.012,6524.63552,0.9757128540077247,0.821678056179735,raw
810,0.9760193994541169,17.139562499999997,0.02706019276091846,NaN,NaN,NaN,raw
810,0.9766544091148717,17.142406249999997,0.02589788803819163,NaN,NaN,NaN,raw
550,0.9769081651829765,18.802999999999997,0.02306512518934313,NaN,NaN,NaN,raw
550,0.9772346551144437,18.801,0.015,7214.71588,0.9772346551144437,0.8640436669429619,raw
810,0.9773075576711108,17.141875,0.026724098101803845,NaN,NaN,NaN,raw
810,0.977386418133392,17.148,0.012,7566.53497,0.977386418133392,0.38492669950210257,raw
810,0.9779874089396117,17.14278125,0.025475775178936934,NaN,NaN,NaN,raw
810,0.9785332702304004,17.163,0.011,7632.58835,0.9785332702304004,0.66932330482814,raw
810,0.9786585840290059,17.142968749999998,0.02564331564163986,NaN,NaN,NaN,raw
810,0.9786701618577354,17.139,0.013,6166.55986,0.9786701618577354,0.9183501393636107,raw
810,0.9786744765751791,17.095,0.012,5314.82405,0.9786744765751791,0.1042358124468592,raw
550,0.9788196236950171,18.827,0.015,7227.57938,0.9788196236950171,0.37833340855286224,raw
810,0.9793280062640974,17.143375,0.02564868103255359,NaN,NaN,NaN,raw
810,0.9797568955436873,17.148,0.01,7160.83143,0.9797568955436873,0.6082913547998032,raw
810,0.9799999580027361,17.094,0.012,6343.86043,0.9799999580027361,0.15411445953031944,raw
810,0.9800323669296631,17.1431875,0.025590368021657445,NaN,NaN,NaN,raw
810,0.9800526263279608,17.144,0.011,5664.90533,0.9800526263279608,0.9080427882654476,raw
550,0.9801139528572094,18.795333333333332,0.03484728588187912,NaN,NaN,NaN,raw
810,0.9803423740377184,17.144,0.011,7959.72506,0.9803423740377184,0.3960092034431,raw
810,0.9804958054191957,17.143,0.009,7110.77048,0.9804958054191957,0.5307865512695571,raw
810,0.9807617538597242,17.146,0.023385962152677117,NaN,NaN,NaN,raw
810,0.9811932364646054,17.17,0.012,6033.75948,0.9811932364646054,0.8659434758701536,raw
810,0.9815344605603968,17.1471875,0.023037749526066967,NaN,NaN,NaN,raw
810,0.9819341311085736,17.138,0.011,7809.88964,0.9819341311085736,0.906627663760446,raw
810,0.9822976587008725,17.14703125,0.02302100636095129,NaN,NaN,NaN,raw
810,0.9825996332438081,17.155,0.009,6360.89605,0.9825996332438081,0.5923299225050869,raw
550,0.9829518197172243,18.819,0.0574195088798229,NaN,NaN,NaN,raw
810,0.9830424509726754,17.1461875,0.02332579563349287,NaN,NaN,NaN,raw
810,0.9838100636093259,17.146437499999998,0.023344457793605118,NaN,NaN,NaN,raw
550,0.9842875797621673,18.758,0.012,7576.61914,0.9842875797621673,0.9543887575455301,raw
810,0.984580854754995,17.14484375,0.022999452132324603,NaN,NaN,NaN,raw
810,0.9853479873791002,17.14596875,0.02328017899138583,NaN,NaN,NaN,raw
810,0.9853656264858728,17.11,0.012,6563.57537,0.9853656264858728,0.1117869219469867,raw
810,0.9856677430543641,17.173,0.014,5350.63415,0.9856677430543641,0.6999886849916948,raw
550,0.9857482556944888,18.872,0.016,6832.65449,0.9857482556944888,0.6566130654737208,raw
810,0.9859945973403228,17.164,0.009,6508.64732,0.9859945973403228,0.6238339821102272,raw
810,0.9861016311151616,17.176,0.015,6500.65147,0.9861016311151616,0.5211687953051296,raw
810,0.9861215839904389,17.145812499999998,0.02328288517206315,NaN,NaN,NaN,raw
810,0.9867383684613742,17.094,0.011,6789.89422,0.9867383684613742,0.19484463468688773,raw
810,0.9868919571475772,17.145687499999998,0.023203778196247294,NaN,NaN,NaN,raw
810,0.9876630898750136,17.146124999999998,0.023457236313851368,NaN,NaN,NaN,raw
810,0.9883929019845255,17.145,0.02288399919932776,NaN,NaN,NaN,raw
810,0.9889468425863015,17.122,0.01,6389.75298,0.9889468425863015,0.31565040863461036,raw
810,0.9890849612088459,17.145343750000002,0.023012772575526346,NaN,NaN,NaN,raw
550,0.9898137174107736,18.826333333333334,0.06028543218169206,NaN,NaN,NaN,raw
810,0.9907579023983999,17.168,0.018,5644.74551,0.9907579023983999,0.7873424641929887,raw
810,0.992133952324366,17.15,0.011,6828.83259,0.992133952324366,0.48178786522112205,raw
810,0.9938131255839835,17.148,0.009,5685.76895,0.9938131255839835,0.5341310021121899,raw
810,0.994683605596947,17.171,0.01,7873.86117,0.994683605596947,0.7380663572766935,raw
550,0.9949716849490263,18.865,0.013892443989449265,NaN,NaN,NaN,raw
810,0.9962867247595568,17.159,0.013,6025.76884,0.9962867247595568,0.7744221806642599,raw
810,0.9963657128682826,17.147,0.013,7903.75942,0.9963657128682826,0.6887106816866435,raw
810,0.9966592287637468,17.125,0.01,6077.91606,0.9966592287637468,0.3143390228487988,raw
810,0.9975229778174253,17.152,0.015,7967.72692,0.9975229778174253,0.5115294360221014,raw
810,0.9979376797637087,17.125,0.009,6065.74885,0.9979376797637087,0.28937371115353017,raw
810,0.9982796355616301,17.169,0.01,7197.68848,0.9982796355616301,0.4434103131679876,raw
810,0.9986208147129219,17.143,0.011,7947.56376,0.9986208147129219,0.3836850432489882,raw
810,0.998959289969207,17.158,0.009,6375.85057,0.998959289969207,0.5791916807102098,raw
810,0.9990315758841462,17.166,0.011,5986.8333,0.9990315758841462,0.4935321580414893,raw
810,0.9990668415121036,17.139,0.011,6390.79944,0.9990668415121036,0.553968412521499,raw
550,0.9994053167756647,18.849,0.015,7252.61714,0.9994053167756647,0.9326680080685037,raw
810,0.9995323133116472,17.159,0.012,7549.8556,0.9995323133116472,0.7087095822698757,raw
550,0.9997614823769254,18.874,0.016,5769.55401,0.9997614823769254,0.7455755434984894,raw
810,0.03572433906136273,17.167029751323955,0.023507890059262633,NaN,NaN,NaN,bng
810,0.07120708600050193,17.18211024795194,0.013879735131502167,NaN,NaN,NaN,bng
810,0.09782282246519299,17.199549960919626,0.013239043877465547,NaN,NaN,NaN,bng
810,0.12253373733223451,17.20969012866944,0.013745652171616113,NaN,NaN,NaN,bng
810,0.14591352677217312,17.2250535639393,0.01703285508424535,NaN,NaN,NaN,bng
810,0.17072964555782502,17.230823444003907,0.012123925220890354,NaN,NaN,NaN,bng
810,0.19330252417952506,17.241701229363656,0.01479951052687469,NaN,NaN,NaN,bng
810,0.21547777171561486,17.24662081771556,0.01482773238387507,NaN,NaN,NaN,bng
810,0.24083948385783496,17.254046237561003,0.012956685188587847,NaN,NaN,NaN,bng
810,0.26547676739788884,17.266226474528146,0.015537937696772634,NaN,NaN,NaN,bng
810,0.2886399331051754,17.27367644091751,0.014836777120614845,NaN,NaN,NaN,bng
810,0.31076769712872454,17.27536706920358,0.01632131755904791,NaN,NaN,NaN,bng
810,0.33083092393706065,17.278233109653804,0.013447564291600834,NaN,NaN,NaN,bng
810,0.3518807717550083,17.27476399709749,0.015753520577948894,NaN,NaN,NaN,bng
810,0.3742684620324822,17.28302454490607,0.012883967987740034,NaN,NaN,NaN,bng
810,0.3981398630649105,17.282883404662954,0.01349388310467942,NaN,NaN,NaN,bng
810,0.4195737488651749,17.274239784295407,0.018566863165258737,NaN,NaN,NaN,bng
810,0.4411336465014536,17.271612471945495,0.022169310922009054,NaN,NaN,NaN,bng
810,0.46573654859435065,17.251188418513024,0.025206262088065697,NaN,NaN,NaN,bng
810,0.48938682343125983,17.234695749403976,0.029029878607109975,NaN,NaN,NaN,bng
810,0.5111663090745768,17.217381660343904,0.03147498979344235,NaN,NaN,NaN,bng
810,0.5337959318589454,17.20063002832987,0.03136886745138503,NaN,NaN,NaN,bng
810,0.5594331506167585,17.168768653476103,0.033161925704650735,NaN,NaN,NaN,bng
810,0.5879629701529034,17.15049975157104,0.0331712162996029,NaN,NaN,NaN,bng
810,0.6167707003120796,17.128775132968585,0.03367870539950513,NaN,NaN,NaN,bng
810,0.6420841654700378,17.10765175079067,0.03618026950197405,NaN,NaN,NaN,bng
810,0.6646640413500005,17.09695722242849,0.03679277815054666,NaN,NaN,NaN,bng
810,0.6850337397553385,17.094441189482918,0.037140260265322154,NaN,NaN,NaN,bng
810,0.707141012842244,17.0923291401365,0.02961871824405214,NaN,NaN,NaN,bng
810,0.7302445608654161,17.089819958717072,0.03369658471648681,NaN,NaN,NaN,bng
810,0.7504045430632625,17.088759964890603,0.029830305039978793,NaN,NaN,NaN,bng
810,0.7694757981170884,17.0942661776476,0.02646917242170214,NaN,NaN,NaN,bng
810,0.7899877595101246,17.10000896465609,0.02759870730929925,NaN,NaN,NaN,bng
810,0.8124276338096924,17.095960486861554,0.02524316694198006,NaN,NaN,NaN,bng
810,0.8375146514710117,17.10264401488441,0.020125514842029287,NaN,NaN,NaN,bng
810,0.8656441997903475,17.100844312932548,0.017375057406101162,NaN,NaN,NaN,bng
810,0.8924033209940224,17.106066225741575,0.016219513834509494,NaN,NaN,NaN,bng
810,0.9152200926813863,17.107897216336717,0.015464860227032041,NaN,NaN,NaN,bng
810,0.9351598708874098,17.111396871736844,0.020159197262982435,NaN,NaN,NaN,bng
810,0.9617365113889096,17.12980247690151,0.01872723122274844,NaN,NaN,NaN,bng
550,0.08743168540755265,18.92032754811326,0.03300543305762641,NaN,NaN,NaN,bng
550,0.1384288073470999,18.964945839874414,0.01107878492676242,NaN,NaN,NaN,bng
550,0.16471376301990961,18.983758566389522,0.022524359224615226,NaN,NaN,NaN,bng
550,0.18890729146510812,18.99426026706979,0.018157462185654873,NaN,NaN,NaN,bng
550,0.211720047635314,19.003537414965987,0.025009445089793417,NaN,NaN,NaN,bng
550,0.23432255896696494,19.006388221456675,0.018673720345293444,NaN,NaN,NaN,bng
550,0.25440539350400243,19.042511577708005,0.01838024599707144,NaN,NaN,NaN,bng
550,0.27354560289477703,19.02925968806326,0.024744819945666113,NaN,NaN,NaN,bng
550,0.29294543160854025,19.05953741496599,0.017042719089731272,NaN,NaN,NaN,bng
550,0.3085142957238055,19.068526140085662,0.010899001088810324,NaN,NaN,NaN,bng
550,0.32353922574978994,19.070370748299325,0.010298353484289301,NaN,NaN,NaN,bng
550,0.3369764864809062,19.04421636432351,0.019110557031100137,NaN,NaN,NaN,bng
550,0.3542695381698514,19.047534013605443,0.01854188873650907,NaN,NaN,NaN,bng
550,0.37341556922159835,19.057369236583526,0.008122538632153904,NaN,NaN,NaN,bng
550,0.39241710749199843,19.09558405285191,0.04214397106531042,NaN,NaN,NaN,bng
550,0.41202337951690265,19.054292210545185,0.024203829464867033,NaN,NaN,NaN,bng
550,0.4362867738042926,19.0391768707483,0.012606911601047236,NaN,NaN,NaN,bng
550,0.4544912151677791,19.027919375157474,0.03444072307364178,NaN,NaN,NaN,bng
550,0.470007234259761,19.006758503401358,0.047949611461512734,NaN,NaN,NaN,bng
550,0.49131553867487326,18.994144955133052,0.03832486977896698,NaN,NaN,NaN,bng
550,0.5198804835036154,18.8780306122449,0.05296037178792954,NaN,NaN,NaN,bng
550,0.5638603290562461,18.846675988914086,0.028145746720103882,NaN,NaN,NaN,bng
550,0.5983497913568402,18.777979461015175,0.050007755225694714,NaN,NaN,NaN,bng
550,0.6192493952311058,18.729914328836948,0.03839924404367044,NaN,NaN,NaN,bng
550,0.6331156318386952,18.756408163265306,0.05964531281012017,NaN,NaN,NaN,bng
550,0.6416674468325941,18.790846938775505,0.053857048594112174,NaN,NaN,NaN,bng
550,0.6537464182365826,18.74837427563618,0.026411845308363494,NaN,NaN,NaN,bng
550,0.6756156489873413,18.719597738240594,0.05833363190648544,NaN,NaN,NaN,bng
550,0.6914134238313298,18.759722149543578,0.0491233417457621,NaN,NaN,NaN,bng
550,0.7048536239386137,18.7142193877551,0.07301268273995333,NaN,NaN,NaN,bng
550,0.721260092460796,18.72500327538423,0.05549053755146995,NaN,NaN,NaN,bng
550,0.7376147047018872,18.70720643642072,0.0461193616740135,NaN,NaN,NaN,bng
550,0.7591273352301552,18.69637940190321,0.05078374074906713,NaN,NaN,NaN,bng
550,0.7863393451914223,18.728156462585034,0.0323778028430286,NaN,NaN,NaN,bng
550,0.8052132438762623,18.754139707734947,0.020157009531449895,NaN,NaN,NaN,bng
550,0.8209796600046201,18.7461443288854,0.02465442474384949,NaN,NaN,NaN,bng
550,0.8355429979469351,18.729728550109503,0.013640960817881836,NaN,NaN,NaN,bng
550,0.8533331272082232,18.710539115646256,0.04973037820466633,NaN,NaN,NaN,bng
550,0.8764339050870511,18.749586482741243,0.035802364136104804,NaN,NaN,NaN,bng
550,0.9147463957674911,18.764133830455258,0.016922023386053718,NaN,NaN,NaN,bng
35456,raw
810,0.963871621406156,17.124906250000002,0.02639569781049994,NaN,NaN,NaN,raw
810,0.9644789827122509,17.12675,0.027846352630797284,NaN,NaN,NaN,raw
810,0.9646972634072881,17.138,0.014,6003.85608,0.9646972634072881,0.9042835964264668,raw
810,0.9650624908180703,17.126656250000003,0.027819243020939046,NaN,NaN,NaN,raw
810,0.9651769162483106,17.152,0.01,6516.63597,0.9651769162483106,0.7110987812957319,raw
810,0.9656123387285902,17.126406250000002,0.027581970940593514,NaN,NaN,NaN,raw
810,0.9657813219710079,17.085,0.017,6879.57993,0.9657813219710079,0.0274415656876954,raw
810,0.9658376146617229,17.111,0.01,6708.88514,0.9658376146617229,0.921062318739132,raw
810,0.9661582953025913,17.127750000000002,0.028248893783651086,NaN,NaN,NaN,raw
810,0.966664066568967,17.128125,0.028495330687109847,NaN,NaN,NaN,raw
810,0.9671916019942728,17.093,0.01,6335.86009,0.9671916019942728,0.041845419893434155,raw
810,0.9672042288360103,17.128687499999998,0.029251344055141505,NaN,NaN,NaN,raw
810,0.9677828640068924,17.128781250000003,0.02931006033935752,NaN,NaN,NaN,raw
810,0.9683896626018509,17.13128125,0.02868430432337743,NaN,NaN,NaN,raw
810,0.9689314087300431,17.131687499999998,0.02869914857678287,NaN,NaN,NaN,raw
810,0.969280299537786,17.162,0.012,6885.49115,0.969280299537786,0.6712025799060939,raw
810,0.9694703655727608,17.130625,0.02942212246461128,NaN,NaN,NaN,raw
810,0.9700359864749544,17.13296875,0.027615428571023393,NaN,NaN,NaN,raw
550,0.9703951877918371,18.791833333333333,0.010103629710818492,NaN,NaN,NaN,raw
810,0.9705995920442092,17.1318125,0.028462128204607005,NaN,NaN,NaN,raw
810,0.9707124408014352,17.137,0.01,6035.84172,0.9707124408014352,0.3197355753454758,raw
810,0.9711578069124016,17.132624999999997,0.028426191920423907,NaN,NaN,NaN,raw
810,0.971273584285882,17.154,0.013,5408.68624,0.971273584285882,0.8700842550933885,raw
810,0.9713432238349924,17.081,0.01,7451.80927,0.9713432238349924,0.9932253267070337,raw
810,0.9715601103380322,17.121,0.009,6401.91459,0.9715601103380322,0.3286376410724188,raw
810,0.9717172757455046,17.134531250000002,0.0270005786975019,NaN,NaN,NaN,raw
810,0.9719433723730617,17.152,0.015,6814.91968,0.9719433723730617,0.722870238685573,raw
810,0.9722805145637494,17.1360625,0.025998681728366547,NaN,NaN,NaN,raw
810,0.9728258760660538,17.152,0.016,5827.60174,0.9728258760660538,0.9063453233193286,raw
810,0.9728537842028118,17.137749999999997,0.02640381204149472,NaN,NaN,NaN,raw
810,0.9729593734446098,17.144,0.011,5833.51179,0.9729593734446098,0.5476037745484064,raw
810,0.9732723631022964,17.176,0.013,6840.64604,0.9732723631022964,0.750080798559793,raw
810,0.9734497834177773,17.138156249999998,0.02630112149577437,NaN,NaN,NaN,raw
810,0.9737313915902632,17.133,0.011,7134.75579,0.9737313915902632,0.8339908799753175,raw
810,0.9738657231500838,17.148,0.013,6018.8081,0.9738657231500838,0.8857979978220101,raw
810,0.9740412027391585,17.139656249999998,0.025831475392778913,NaN,NaN,NaN,raw
810,0.9743073489407834,17.162,0.01,6352.89728,0.9743073489407834,0.4834190229430533,raw
810,0.9743553286061797,17.152,0.013,5697.92984,0.9743553286061797,0.545578195788039,raw
550,0.9746702167394687,18.781,0.014,7136.842,0.9746702167394687,0.296274582065962,raw
810,0.9747135194310204,17.13809375,0.026072305631987047,NaN,NaN,NaN,raw
810,0.9753688469199915,17.1391875,0.02679243694439445,NaN,NaN,NaN,raw
810,0.9757128540077247,17.175,0.012,6524.63552,0.9757128540077247,0.821678056179735,raw
810,0.9760193994541169,17.139562499999997,0.02706019276091846,NaN,NaN,NaN,raw
810,0.9766544091148717,17.142406249999997,0.02589788803819163,NaN,NaN,NaN,raw
550,0.9769081651829765,18.802999999999997,0.02306512518934313,NaN,NaN,NaN,raw
550,0.9772346551144437,18.801,0.015,7214.71588,0.9772346551144437,0.8640436669429619,raw
810,0.9773075576711108,17.141875,0.026724098101803845,NaN,NaN,NaN,raw
810,0.977386418133392,17.148,0.012,7566.53497,0.977386418133392,0.38492669950210257,raw
810,0.9779874089396117,17.14278125,0.025475775178936934,NaN,NaN,NaN,raw
810,0.9785332702304004,17.163,0.011,7632.58835,0.9785332702304004,0.66932330482814,raw
810,0.9786585840290059,17.142968749999998,0.02564331564163986,NaN,NaN,NaN,raw
810,0.9786701618577354,17.139,0.013,6166.55986,0.9786701618577354,0.9183501393636107,raw
810,0.9786744765751791,17.095,0.012,5314.82405,0.9786744765751791,0.1042358124468592,raw
550,0.9788196236950171,18.827,0.015,7227.57938,0.9788196236950171,0.37833340855286224,raw
810,0.9793280062640974,17.143375,0.02564868103255359,NaN,NaN,NaN,raw
810,0.9797568955436873,17.148,0.01,7160.83143,0.9797568955436873,0.6082913547998032,raw
810,0.9799999580027361,17.094,0.012,6343.86043,0.9799999580027361,0.15411445953031944,raw
810,0.9800323669296631,17.1431875,0.025590368021657445,NaN,NaN,NaN,raw
810,0.9800526263279608,17.144,0.011,5664.90533,0.9800526263279608,0.9080427882654476,raw
550,0.9801139528572094,18.795333333333332,0.03484728588187912,NaN,NaN,NaN,raw
810,0.9803423740377184,17.144,0.011,7959.72506,0.9803423740377184,0.3960092034431,raw
810,0.9804958054191957,17.143,0.009,7110.77048,0.9804958054191957,0.5307865512695571,raw
810,0.9807617538597242,17.146,0.023385962152677117,NaN,NaN,NaN,raw
810,0.9811932364646054,17.17,0.012,6033.75948,0.9811932364646054,0.8659434758701536,raw
810,0.9815344605603968,17.1471875,0.023037749526066967,NaN,NaN,NaN,raw
810,0.9819341311085736,17.138,0.011,7809.88964,0.9819341311085736,0.906627663760446,raw
810,0.9822976587008725,17.14703125,0.02302100636095129,NaN,NaN,NaN,raw
810,0.9825996332438081,17.155,0.009,6360.89605,0.9825996332438081,0.5923299225050869,raw
550,0.9829518197172243,18.819,0.0574195088798229,NaN,NaN,NaN,raw
810,0.9830424509726754,17.1461875,0.02332579563349287,NaN,NaN,NaN,raw
810,0.9838100636093259,17.146437499999998,0.023344457793605118,NaN,NaN,NaN,raw
550,0.9842875797621673,18.758,0.012,7576.61914,0.9842875797621673,0.9543887575455301,raw
810,0.984580854754995,17.14484375,0.022999452132324603,NaN,NaN,NaN,raw
810,0.9853479873791002,17.14596875,0.02328017899138583,NaN,NaN,NaN,raw
810,0.9853656264858728,17.11,0.012,6563.57537,0.9853656264858728,0.1117869219469867,raw
810,0.9856677430543641,17.173,0.014,5350.63415,0.9856677430543641,0.6999886849916948,raw
550,0.9857482556944888,18.872,0.016,6832.65449,0.9857482556944888,0.6566130654737208,raw
810,0.9859945973403228,17.164,0.009,6508.64732,0.9859945973403228,0.6238339821102272,raw
810,0.9861016311151616,17.176,0.015,6500.65147,0.9861016311151616,0.5211687953051296,raw
810,0.9861215839904389,17.145812499999998,0.02328288517206315,NaN,NaN,NaN,raw
810,0.9867383684613742,17.094,0.011,6789.89422,0.9867383684613742,0.19484463468688773,raw
810,0.9868919571475772,17.145687499999998,0.023203778196247294,NaN,NaN,NaN,raw
810,0.9876630898750136,17.146124999999998,0.023457236313851368,NaN,NaN,NaN,raw
810,0.9883929019845255,17.145,0.02288399919932776,NaN,NaN,NaN,raw
810,0.9889468425863015,17.122,0.01,6389.75298,0.9889468425863015,0.31565040863461036,raw
810,0.9890849612088459,17.145343750000002,0.023012772575526346,NaN,NaN,NaN,raw
550,0.9898137174107736,18.826333333333334,0.06028543218169206,NaN,NaN,NaN,raw
810,0.9907579023983999,17.168,0.018,5644.74551,0.9907579023983999,0.7873424641929887,raw
810,0.992133952324366,17.15,0.011,6828.83259,0.992133952324366,0.48178786522112205,raw
810,0.9938131255839835,17.148,0.009,5685.76895,0.9938131255839835,0.5341310021121899,raw
810,0.994683605596947,17.171,0.01,7873.86117,0.994683605596947,0.7380663572766935,raw
550,0.9949716849490263,18.865,0.013892443989449265,NaN,NaN,NaN,raw
810,0.9962867247595568,17.159,0.013,6025.76884,0.9962867247595568,0.7744221806642599,raw
810,0.9963657128682826,17.147,0.013,7903.75942,0.9963657128682826,0.6887106816866435,raw
810,0.9966592287637468,17.125,0.01,6077.91606,0.9966592287637468,0.3143390228487988,raw
810,0.9975229778174253,17.152,0.015,7967.72692,0.9975229778174253,0.5115294360221014,raw
810,0.9979376797637087,17.125,0.009,6065.74885,0.9979376797637087,0.28937371115353017,raw
810,0.9982796355616301,17.169,0.01,7197.68848,0.9982796355616301,0.4434103131679876,raw
810,0.9986208147129219,17.143,0.011,7947.56376,0.9986208147129219,0.3836850432489882,raw
810,0.998959289969207,17.158,0.009,6375.85057,0.998959289969207,0.5791916807102098,raw
810,0.9990315758841462,17.166,0.011,5986.8333,0.9990315758841462,0.4935321580414893,raw
810,0.9990668415121036,17.139,0.011,6390.79944,0.9990668415121036,0.553968412521499,raw
550,0.9994053167756647,18.849,0.015,7252.61714,0.9994053167756647,0.9326680080685037,raw
810,0.9995323133116472,17.159,0.012,7549.8556,0.9995323133116472,0.7087095822698757,raw
550,0.9997614823769254,18.874,0.016,5769.55401,0.9997614823769254,0.7455755434984894,raw
810,0.03572433906136273,17.167029751323955,0.023507890059262633,NaN,NaN,NaN,bng
810,0.07120708600050193,17.18211024795194,0.013879735131502167,NaN,NaN,NaN,bng
810,0.09782282246519299,17.199549960919626,0.013239043877465547,NaN,NaN,NaN,bng
810,0.12253373733223451,17.20969012866944,0.013745652171616113,NaN,NaN,NaN,bng
810,0.14591352677217312,17.2250535639393,0.01703285508424535,NaN,NaN,NaN,bng
810,0.17072964555782502,17.230823444003907,0.012123925220890354,NaN,NaN,NaN,bng
810,0.19330252417952506,17.241701229363656,0.01479951052687469,NaN,NaN,NaN,bng
810,0.21547777171561486,17.24662081771556,0.01482773238387507,NaN,NaN,NaN,bng
810,0.24083948385783496,17.254046237561003,0.012956685188587847,NaN,NaN,NaN,bng
810,0.26547676739788884,17.266226474528146,0.015537937696772634,NaN,NaN,NaN,bng
810,0.2886399331051754,17.27367644091751,0.014836777120614845,NaN,NaN,NaN,bng
810,0.31076769712872454,17.27536706920358,0.01632131755904791,NaN,NaN,NaN,bng
810,0.33083092393706065,17.278233109653804,0.013447564291600834,NaN,NaN,NaN,bng
810,0.3518807717550083,17.27476399709749,0.015753520577948894,NaN,NaN,NaN,bng
810,0.3742684620324822,17.28302454490607,0.012883967987740034,NaN,NaN,NaN,bng
810,0.3981398630649105,17.282883404662954,0.01349388310467942,NaN,NaN,NaN,bng
810,0.4195737488651749,17.274239784295407,0.018566863165258737,NaN,NaN,NaN,bng
810,0.4411336465014536,17.271612471945495,0.022169310922009054,NaN,NaN,NaN,bng
810,0.46573654859435065,17.251188418513024,0.025206262088065697,NaN,NaN,NaN,bng
810,0.48938682343125983,17.234695749403976,0.029029878607109975,NaN,NaN,NaN,bng
810,0.5111663090745768,17.217381660343904,0.03147498979344235,NaN,NaN,NaN,bng
810,0.5337959318589454,17.20063002832987,0.03136886745138503,NaN,NaN,NaN,bng
810,0.5594331506167585,17.168768653476103,0.033161925704650735,NaN,NaN,NaN,bng
810,0.5879629701529034,17.15049975157104,0.0331712162996029,NaN,NaN,NaN,bng
810,0.6167707003120796,17.128775132968585,0.03367870539950513,NaN,NaN,NaN,bng
810,0.6420841654700378,17.10765175079067,0.03618026950197405,NaN,NaN,NaN,bng
810,0.6646640413500005,17.09695722242849,0.03679277815054666,NaN,NaN,NaN,bng
810,0.6850337397553385,17.094441189482918,0.037140260265322154,NaN,NaN,NaN,bng
810,0.707141012842244,17.0923291401365,0.02961871824405214,NaN,NaN,NaN,bng
810,0.7302445608654161,17.089819958717072,0.03369658471648681,NaN,NaN,NaN,bng
810,0.7504045430632625,17.088759964890603,0.029830305039978793,NaN,NaN,NaN,bng
810,0.7694757981170884,17.0942661776476,0.02646917242170214,NaN,NaN,NaN,bng
810,0.7899877595101246,17.10000896465609,0.02759870730929925,NaN,NaN,NaN,bng
810,0.8124276338096924,17.095960486861554,0.02524316694198006,NaN,NaN,NaN,bng
810,0.8375146514710117,17.10264401488441,0.020125514842029287,NaN,NaN,NaN,bng
810,0.8656441997903475,17.100844312932548,0.017375057406101162,NaN,NaN,NaN,bng
810,0.8924033209940224,17.106066225741575,0.016219513834509494,NaN,NaN,NaN,bng
810,0.9152200926813863,17.107897216336717,0.015464860227032041,NaN,NaN,NaN,bng
810,0.9351598708874098,17.111396871736844,0.020159197262982435,NaN,NaN,NaN,bng
810,0.9617365113889096,17.12980247690151,0.01872723122274844,NaN,NaN,NaN,bng
550,0.08743168540755265,18.92032754811326,0.03300543305762641,NaN,NaN,NaN,bng
550,0.1384288073470999,18.964945839874414,0.01107878492676242,NaN,NaN,NaN,bng
550,0.16471376301990961,18.983758566389522,0.022524359224615226,NaN,NaN,NaN,bng
550,0.18890729146510812,18.99426026706979,0.018157462185654873,NaN,NaN,NaN,bng
550,0.211720047635314,19.003537414965987,0.025009445089793417,NaN,NaN,NaN,bng
550,0.23432255896696494,19.006388221456675,0.018673720345293444,NaN,NaN,NaN,bng
550,0.25440539350400243,19.042511577708005,0.01838024599707144,NaN,NaN,NaN,bng
550,0.27354560289477703,19.02925968806326,0.024744819945666113,NaN,NaN,NaN,bng
550,0.29294543160854025,19.05953741496599,0.017042719089731272,NaN,NaN,NaN,bng
550,0.3085142957238055,19.068526140085662,0.010899001088810324,NaN,NaN,NaN,bng
550,0.32353922574978994,19.070370748299325,0.010298353484289301,NaN,NaN,NaN,bng
550,0.3369764864809062,19.04421636432351,0.019110557031100137,NaN,NaN,NaN,bng
550,0.3542695381698514,19.047534013605443,0.01854188873650907,NaN,NaN,NaN,bng
550,0.37341556922159835,19.057369236583526,0.008122538632153904,NaN,NaN,NaN,bng
550,0.39241710749199843,19.09558405285191,0.04214397106531042,NaN,NaN,NaN,bng
550,0.41202337951690265,19.054292210545185,0.024203829464867033,NaN,NaN,NaN,bng
550,0.4362867738042926,19.0391768707483,0.012606911601047236,NaN,NaN,NaN,bng
550,0.4544912151677791,19.027919375157474,0.03444072307364178,NaN,NaN,NaN,bng
550,0.470007234259761,19.006758503401358,0.047949611461512734,NaN,NaN,NaN,bng
550,0.49131553867487326,18.994144955133052,0.03832486977896698,NaN,NaN,NaN,bng
550,0.5198804835036154,18.8780306122449,0.05296037178792954,NaN,NaN,NaN,bng
550,0.5638603290562461,18.846675988914086,0.028145746720103882,NaN,NaN,NaN,bng
550,0.5983497913568402,18.777979461015175,0.050007755225694714,NaN,NaN,NaN,bng
550,0.6192493952311058,18.729914328836948,0.03839924404367044,NaN,NaN,NaN,bng
550,0.6331156318386952,18.756408163265306,0.05964531281012017,NaN,NaN,NaN,bng
550,0.6416674468325941,18.790846938775505,0.053857048594112174,NaN,NaN,NaN,bng
550,0.6537464182365826,18.74837427563618,0.026411845308363494,NaN,NaN,NaN,bng
550,0.6756156489873413,18.719597738240594,0.05833363190648544,NaN,NaN,NaN,bng
550,0.6914134238313298,18.759722149543578,0.0491233417457621,NaN,NaN,NaN,bng
550,0.7048536239386137,18.7142193877551,0.07301268273995333,NaN,NaN,NaN,bng
550,0.721260092460796,18.72500327538423,0.05549053755146995,NaN,NaN,NaN,bng
550,0.7376147047018872,18.70720643642072,0.0461193616740135,NaN,NaN,NaN,bng
550,0.7591273352301552,18.69637940190321,0.05078374074906713,NaN,NaN,NaN,bng
550,0.7863393451914223,18.728156462585034,0.0323778028430286,NaN,NaN,NaN,bng
550,0.8052132438762623,18.754139707734947,0.020157009531449895,NaN,NaN,NaN,bng
550,0.8209796600046201,18.7461443288854,0.02465442474384949,NaN,NaN,NaN,bng
550,0.8355429979469351,18.729728550109503,0.013640960817881836,NaN,NaN,NaN,bng
550,0.8533331272082232,18.710539115646256,0.04973037820466633,NaN,NaN,NaN,bng
550,0.8764339050870511,18.749586482741243,0.035802364136104804,NaN,NaN,NaN,bng
550,0.9147463957674911,18.764133830455258,0.016922023386053718,NaN,NaN,NaN,bng
#band: central wavelength of the passband of the observation in nm
#ph: phase of the observation when folded with ogle period
#mag: observed magnitude
#mag_e: error of mag
#hjd_2450000: heliocentric julian date - 2450000
#ph1: phase when folding on ogle period of fundamental radial mode
#ph2: phase when folding on ogle period of first overtone radial mode
#processing: which processing was done to get the datapoint
band,ph,mag,mag_e,hjd_2450000,ph1,ph2,processing
810,0.001513574374257587,17.182,0.024,7857.87177,0.001513574374257587,0.5376555519360409,raw
810,0.0037880349227634724,17.173,0.012,7484.84704,0.0037880349227634724,0.6591231147613144,raw
810,0.004672494622354861,17.148,0.009,6120.67946,0.004672494622354861,0.7828023443671555,raw
810,0.005547318120079581,17.116,0.012,7226.54573,0.005547318120079581,0.16741526097030146,raw
810,0.006271385362197179,17.116,0.013,7561.67795,0.006271385362197179,0.9960391058630194,raw
810,0.007681090090045473,17.18,0.01,6760.69913,0.007681090090045473,0.7482192767074594,raw
810,0.007783866676618345,17.159,0.015,6100.517,0.007783866676618345,0.6564552115014521,raw
810,0.009246843790606363,17.131,0.011,7080.88281,0.009246843790606363,0.6027722408871341,raw
810,0.009643165038141888,17.171,0.015,6797.89807,0.009643165038141888,0.3146213632899162,raw
810,0.010694661861634813,17.104,0.011,6114.77155,0.010694661861634813,0.1461212305675872,raw
810,0.011785940387198934,17.117,0.012,6151.62254,0.011785940387198934,0.9682781960236753,raw
810,0.012436916302249301,17.116,0.01,7071.84509,0.012436916302249301,0.2716067973033205,raw
810,0.012695511744823307,17.18,0.013,7638.51023,0.012695511744823307,0.3358854484940821,raw
810,0.014612483508244622,17.172,0.014,6835.79335,0.014612483508244622,0.3704548269197403,raw
810,0.015758961662868387,17.138,0.012,5378.80404,0.015758961662868387,0.9537699614156736,raw
810,0.016362147579400244,17.1519375,0.03070351193530267,NaN,NaN,NaN,raw
810,0.01642414738307707,17.131,0.01,6117.55472,0.01642414738307707,0.09916245419663028,raw
810,0.017084615679777926,17.164,0.009,6067.84139,0.017084615679777926,0.7651969206908689,raw
810,0.017201485214684453,17.15090625,0.030211469062314922,NaN,NaN,NaN,raw
810,0.017977959203733462,17.15071875,0.030088294128254884,NaN,NaN,NaN,raw
810,0.01817034259875072,17.169,0.01,6785.73338,0.01817034259875072,0.2950461872587766,raw
810,0.018325845045183087,17.101,0.01,5680.91041,0.018325845045183087,0.1419922155328095,raw
810,0.018742907501803074,17.15140625,0.03027493307309922,NaN,NaN,NaN,raw
810,0.01879833545172005,17.169,0.014,6571.58288,0.01879833545172005,0.23939218092345982,raw
810,0.01951998914688602,17.15446875,0.03150932721612583,NaN,NaN,NaN,raw
810,0.020293109341366744,17.15746875,0.0322890017977756,NaN,NaN,NaN,raw
810,0.020596594935341273,17.132,0.011,7924.62668,0.020596594935341273,0.32258464705591905,raw
810,0.02107740016134585,17.156937499999998,0.03204526788073973,NaN,NaN,NaN,raw
810,0.02188660758002925,17.157062500000002,0.03206137008321519,NaN,NaN,NaN,raw
810,0.022667447524497675,17.1595,0.0329682153870426,NaN,NaN,NaN,raw
810,0.023171043456386542,17.243,0.014,6707.86213,0.023171043456386542,0.7329025217495655,raw
810,0.023331781088927528,17.147,0.011,7109.74243,0.023331781088927528,0.3318464829480945,raw
810,0.023439889948690507,17.15925,0.03290847522957369,NaN,NaN,NaN,raw
810,0.024154511553206248,17.166,0.011,5327.70281,0.024154511553206248,0.6511658200361126,raw
810,0.024155547085683793,17.109,0.009,6068.88679,0.024155547085683793,0.0012476452902774327,raw
810,0.0241937449264924,17.162312500000002,0.032152296361073564,NaN,NaN,NaN,raw
810,0.02445162304866244,17.131,0.012,5978.84625,0.02445162304866244,0.4096896672162984,raw
810,0.024918674213267877,17.162906250000002,0.031456431082556045,NaN,NaN,NaN,raw
810,0.025375432975124568,17.183,0.01,6010.83012,0.025375432975124568,0.8213557175113237,raw
810,0.025634620796154195,17.16490625,0.03039456591393858,NaN,NaN,NaN,raw
810,0.026131659251404926,17.164,0.014,7307.5547,0.026131659251404926,0.4409622932198545,raw
810,0.026152858899877174,17.142,0.013,7435.83655,0.026152858899877174,0.8284920860187412,raw
810,0.026351700891495966,17.16496875,0.030428641404800134,NaN,NaN,NaN,raw
810,0.02680533058810397,17.163,0.009,6104.69538,0.02680533058810397,0.5937707143239095,raw
810,0.027059550186663728,17.164375,0.030472356589686573,NaN,NaN,NaN,raw
810,0.027740537664215026,17.16515625,0.03009244828106168,NaN,NaN,NaN,raw
810,0.028044719001627527,17.185,0.017,7258.5371,0.028044719001627527,0.5951233817013417,raw
810,0.028282086033868836,17.16,0.016,5841.52691,0.028282086033868836,0.6914863876609161,raw
810,0.028372378703352297,17.149,0.015,6134.59359,0.028372378703352297,0.5443294810265797,raw
810,0.028437261278668302,17.16615625,0.029445531316587142,NaN,NaN,NaN,raw
810,0.028635202572331764,17.167,0.011,6888.64061,0.028635202572331764,0.40771713423600886,raw
810,0.029122380997819164,17.165781250000002,0.029550104388222108,NaN,NaN,NaN,raw
810,0.029150840160582447,17.17,0.011,6562.54765,0.029150840160582447,0.9135527047255891,raw
810,0.029777305779816743,17.166625000000003,0.030026601109575085,NaN,NaN,NaN,raw
810,0.0304139307627338,17.214,0.014,6912.62889,0.0304139307627338,0.7172741228350787,raw
810,0.030438701740081342,17.16975,0.028119560405869406,NaN,NaN,NaN,raw
810,0.03101123158558039,17.212,0.014,6844.83788,0.03101123158558039,0.7161864704594336,raw
810,0.03109678615419398,17.17034375,0.028303207814320747,NaN,NaN,NaN,raw
810,0.03171679138245054,17.170499999999997,0.028097755621538996,NaN,NaN,NaN,raw
810,0.032279860308449315,17.169125,0.02538065049116814,NaN,NaN,NaN,raw
810,0.03277839632937685,17.163,0.011,6008.74681,0.03277839632937685,0.3652749493212468,raw
810,0.032838692720702056,17.1684375,0.026281279366904556,NaN,NaN,NaN,raw
810,0.03337871116389124,17.170156249999998,0.02786732318707514,NaN,NaN,NaN,raw
810,0.03367850407448714,17.163,0.014,6844.49116,0.03367850407448714,0.9745722488860338,raw
810,0.033937685602268175,17.172687500000002,0.02572990916825109,NaN,NaN,NaN,raw
810,0.03423372201359598,17.209,0.014,6070.62853,0.03423372201359598,0.7267297469388723,raw
810,0.034361322612312506,17.163,0.012,5351.69402,0.034361322612312506,0.9669899108212121,raw
810,0.034508375399468605,17.173375,0.024859281384781495,NaN,NaN,NaN,raw
810,0.0348180211512954,17.202,0.016,6585.49434,0.0348180211512954,0.9952083405078156,raw
810,0.034983677564014215,17.136,0.009,6857.70221,0.034983677564014215,0.23225153453131497,raw
810,0.03507787595253831,17.1733125,0.024836806064465568,NaN,NaN,NaN,raw
810,0.035347206954611465,17.18,0.011,6164.49368,0.035347206954611465,0.49890946004961734,raw
810,0.03563029831161657,17.17121875,0.028238311170144956,NaN,NaN,NaN,raw
810,0.03564207479575998,17.182,0.011,6020.91546,0.03564207479575998,0.393320338544072,raw
810,0.03572433906136273,17.16702975132396,0.023731424946164065,NaN,NaN,NaN,raw
810,0.03572433906136273,17.16702975132396,0.023656206294361666,NaN,NaN,NaN,raw
810,0.03572433906136273,17.167029751323955,0.023581698372929543,NaN,NaN,NaN,raw
810,0.03620187891840487,17.17065625,0.02900790701437867,NaN,NaN,NaN,raw
810,0.036776769273501486,17.171468750000003,0.029150316077520593,NaN,NaN,NaN,raw
810,0.037263660953613,17.153,0.01,6381.77389,0.037263660953613,0.2488339019000705,raw
550,0.0372797404670564,18.909,0.018,6862.57007,0.0372797404670564,0.6443252673088864,raw
810,0.03731665467955736,17.17078125,0.029080238689839985,NaN,NaN,NaN,raw
810,0.037550560944509925,17.163,0.01,7159.80858,0.037550560944509925,0.4204737886466319,raw
810,0.03785603580291763,17.17159375,0.029132466507982315,NaN,NaN,NaN,raw
810,0.038403467471255226,17.17278125,0.028955733038665332,NaN,NaN,NaN,raw
810,0.03871930304558191,17.163,0.011,5298.85315,0.03871930304558191,0.9433954475171049,raw
810,0.03896343249698475,17.1733125,0.029002155092337615,NaN,NaN,NaN,raw
810,0.0390084466926055,17.152,0.012,6871.6095,0.0390084466926055,0.9791483029512165,raw
810,0.03912793562267325,17.196,0.012,7183.79679,0.03912793562267325,0.7298810512565979,raw
810,0.03949051577365026,17.201,0.014,6100.87567,0.03949051577365026,0.42362979863901273,raw
810,0.039529396778789305,17.17275,0.029242037791398057,NaN,NaN,NaN,raw
810,0.03985703670332441,17.188,0.01,6119.64875,0.03985703670332441,0.57817268839608,raw
810,0.04005761087205428,17.1714375,0.028256814764675252,NaN,NaN,NaN,raw
810,0.04043676223955117,17.137,0.011,5736.54166,0.04043676223955117,0.13404967951100843,raw
810,0.04060588660706799,17.1695,0.02750131961643246,NaN,NaN,NaN,raw
810,0.04110771350201503,17.170312499999998,0.027686537429565315,NaN,NaN,NaN,raw
810,0.041189249088347424,17.199,0.01,5708.73014,0.041189249088347424,0.6468013074063492,raw
810,0.04121441828101524,17.125,0.011,6012.92151,0.04121441828101524,0.2947191429175291,raw
810,0.041435101735260105,17.221,0.016,5826.58265,0.041435101735260105,0.7265701818123489,raw
810,0.041583654784403734,17.168406249999997,0.030192777789484232,NaN,NaN,NaN,raw
810,0.042042729113745736,17.19,0.014,7838.76526,0.042042729113745736,0.6699249894190871,raw
810,0.0420529675810144,17.16734375,0.02930331851184204,NaN,NaN,NaN,raw
810,0.042520571569411914,17.1685,0.02985124409791925,NaN,NaN,NaN,raw
810,0.0427136965590762,17.153,0.009,6747.84836,0.0427136965590762,0.2611582759855082,raw
810,0.042992884892896654,17.16834375,0.029682849805580506,NaN,NaN,NaN,raw
810,0.043503503924966935,17.170625,0.029921132892128093,NaN,NaN,NaN,raw
810,0.04359945067335502,17.181,0.01,6831.63166,0.04359945067335502,0.4688382781769178,raw
810,0.043809174741909374,17.097,0.01,6159.62956,0.043809174741909374,0.09483537306550716,raw
810,0.04401965118972839,17.17128125,0.030360452177983388,NaN,NaN,NaN,raw
810,0.044443438317102846,17.124,0.016,5759.83542,0.044443438317102846,0.9580681668212492,raw
810,0.044529012661200795,17.1715,0.030465210195533998,NaN,NaN,NaN,raw
810,0.04499723419348811,17.17121875,0.030682278561768212,NaN,NaN,NaN,raw
810,0.0452018219511956,17.189,0.011,7499.81027,0.0452018219511956,0.6646150641026907,raw
810,0.04532105199541547,17.163,0.009,7452.87793,0.04532105199541547,0.27902785908554506,raw
810,0.04546045334950577,17.170250000000003,0.03143041469249074,NaN,NaN,NaN,raw
810,0.04554228198139754,17.186,0.016,5320.7573,0.04554228198139754,0.7951177348932106,raw
810,0.045890192090155324,17.187,0.015,6368.91394,0.045890192090155324,0.7421374069635931,raw
810,0.045892515745720175,17.172031250000003,0.03259970747444452,NaN,NaN,NaN,raw
810,0.04631657164298986,17.172625,0.032395489530727635,NaN,NaN,NaN,raw
810,0.04655408339567657,17.184,0.013,5659.71374,0.04655408339567657,0.8035291271589813,raw
810,0.0467489432606385,17.171,0.03248920416225634,NaN,NaN,NaN,raw
550,0.04699386823995155,18.868,0.022,6491.63381,0.04699386823995155,0.23291054278524825,raw
810,0.047201580570288115,17.168999999999997,0.032552686822362877,NaN,NaN,NaN,raw
810,0.04726169717832818,17.152,0.012,7119.83252,0.04726169717832818,0.9139710819217726,raw
810,0.0473167817472131,17.172,0.01,6895.60005,0.0473167817472131,0.2935606915361859,raw
810,0.04773195741603331,17.16996875,0.033581373845553764,NaN,NaN,NaN,raw
810,0.04825925463165959,17.1716875,0.03324536106373443,NaN,NaN,NaN,raw
810,0.0485560551060189,17.15,0.017,5842.5769,0.0485560551060189,0.9373548593666783,raw
810,0.0487755349336112,17.17184375,0.03338930616423521,NaN,NaN,NaN,raw
810,0.04883685696768225,17.189,0.013,6813.90347,0.04883685696768225,0.5492552522282494,raw
810,0.04890862511092564,17.102,0.01,7444.88329,0.04890862511092564,0.17895079298068595,raw
810,0.049251731505137286,17.175,0.013,5614.86818,0.049251731505137286,0.881444821588957,raw
810,0.04929156893695108,17.17453125,0.03295547766403205,NaN,NaN,NaN,raw
810,0.04932465024103294,17.2,0.019,5369.77688,0.04932465024103294,0.6451917530066567,raw
810,0.049813944677111976,17.174,0.03231298550518142,NaN,NaN,NaN,raw
810,0.04993204750280711,17.197,0.013,6444.70245,0.04993204750280711,0.8494195016392041,raw
810,0.05033414058573271,17.173156249999998,0.032234132755762604,NaN,NaN,NaN,raw
810,0.05084001378510944,17.173935993975903,0.03203198284965508,NaN,NaN,NaN,raw
810,0.0513234865902632,17.209,0.01,5297.81459,0.0513234865902632,0.7219750911554002,raw
810,0.05133918887729037,17.173846385542166,0.03201559069231743,NaN,NaN,NaN,raw
550,0.05164460709541648,18.892,0.021377558326432483,NaN,NaN,NaN,raw
810,0.051837355452829845,17.176783885542168,0.028897870212174742,NaN,NaN,NaN,raw
810,0.0518639194269781,17.201,0.015,6881.69574,0.0518639194269781,0.5530379724368686,raw
810,0.051941641882876866,17.189,0.012,5690.65622,0.051941641882876866,0.9877216131808382,raw
810,0.05224674998680712,17.144,0.016,7275.58023,0.05224674998680712,0.049402304537579766,raw
810,0.052329571312765485,17.177565135542167,0.027739553953481808,NaN,NaN,NaN,raw
810,0.05237357393707498,17.132,0.014,6174.58137,0.05237357393707498,0.07590059648646275,raw
810,0.052545299724442884,17.22,0.019,5788.69296,0.052545299724442884,0.6826934080145293,raw
810,0.05257823540523532,17.171,0.01,5741.76059,0.05257823540523532,0.29704203471555957,raw
810,0.05279931365333515,17.177241340361448,0.027662137612426994,NaN,NaN,NaN,raw
810,0.052963827387429774,17.144,0.013,7648.606,0.052963827387429774,0.9301592421452369,raw
810,0.05328582548627728,17.177745105421685,0.027540939636639946,NaN,NaN,NaN,raw
810,0.053549943411653644,17.174565920028368,0.020900574181248938,NaN,NaN,NaN,raw
810,0.05378584115246442,17.177543486445785,0.02750214717181461,NaN,NaN,NaN,raw
810,0.05397490968243801,17.137,0.011,6796.87054,0.05397490968243801,0.11679354518309992,raw
810,0.05427623314514905,17.178762236445785,0.028769656886342157,NaN,NaN,NaN,raw
810,0.05475149216264073,17.17866848644578,0.028756923456272954,NaN,NaN,NaN,raw
810,0.0552183651831903,17.17954988704819,0.028342418028816832,NaN,NaN,NaN,raw
810,0.05569668135838053,17.17951863704819,0.028351560789614073,NaN,NaN,NaN,raw
810,0.056143534931274566,17.180465549698795,0.027835177824625443,NaN,NaN,NaN,raw
810,0.056602058408904865,17.18019182981928,0.027791578519588033,NaN,NaN,NaN,raw
810,0.056829095767170656,17.219,0.012,6040.73872,0.056829095767170656,0.7941380991269398,raw
810,0.05707125974199445,17.18166057981928,0.024582621505072497,NaN,NaN,NaN,raw
810,0.05731027313959203,17.192,0.011,7895.78472,0.05731027313959203,0.6312841335129633,raw
810,0.05753731816445985,17.181832266566268,0.0245537711972588,NaN,NaN,NaN,raw
810,0.05771021875079896,17.204,0.02,5339.88213,0.05771021875079896,0.7020337281319371,raw
810,0.05772750638789148,17.211,0.01,6569.51053,0.05772750638789148,0.8067542249991675,raw
810,0.05801618626400874,17.179863516566265,0.025555349428993505,NaN,NaN,NaN,raw
810,0.05815112542040879,17.204,0.017,6221.51576,0.05815112542040879,0.46587263408946455,raw
810,0.05848158856020555,17.179355986445785,0.02536460101876483,NaN,NaN,NaN,raw
810,0.058688998189609265,17.163,0.011,7807.83044,0.058688998189609265,0.5021168046660023,raw
810,0.05890163893913137,17.17795180722891,0.03328932984550162,NaN,NaN,NaN,raw
810,0.05890504399247484,17.177949736445782,0.024911462616308166,NaN,NaN,NaN,raw
810,0.05933060002858867,17.17733546686747,0.02456468597923841,NaN,NaN,NaN,raw
810,0.059573053623144995,17.17813253012048,0.03339271235476641,NaN,NaN,NaN,raw
810,0.05975050515917246,17.191,0.01,7220.65457,0.05975050515917246,0.5665614378140162,raw
810,0.059774103911572896,17.177116528614455,0.02448847273361822,NaN,NaN,NaN,raw
810,0.06019434583504335,17.149,0.012,6841.7192,0.06019434583504335,0.045508573202823754,raw
810,0.060213589420848423,17.17808527861446,0.023737807177501565,NaN,NaN,NaN,raw
810,0.06023357684942487,17.178638554216867,0.03394633137254468,NaN,NaN,NaN,raw
810,0.060663998899878474,17.179667921686747,0.022204889170455475,NaN,NaN,NaN,raw
810,0.060889430649563495,17.17912048192771,0.03407634835691889,NaN,NaN,NaN,raw
810,0.061120333383593656,17.178511671686746,0.020965728678825457,NaN,NaN,NaN,raw
810,0.06154278329938597,17.179548192771083,0.033723035419817166,NaN,NaN,NaN,raw
810,0.061579619853711715,17.178199171686746,0.021154976219131594,NaN,NaN,NaN,raw
810,0.061582735856063664,17.226,0.017,5791.47728,0.061582735856063664,0.6381944157765247,raw
810,0.061762371955410345,17.181,0.01,5987.89805,0.061762371955410345,0.7709714243665076,raw
810,0.06203209952017828,17.179414909638552,0.020223569306995693,NaN,NaN,NaN,raw
810,0.06220163383591445,17.180204819277105,0.03353885454979924,NaN,NaN,NaN,raw
810,0.0624718960487317,17.181352409638553,0.018959380711422162,NaN,NaN,NaN,raw
810,0.06262289935330045,17.171,0.014,7966.70661,0.06262289935330045,0.3291447843912465,raw
810,0.0628237416172267,17.18023173945783,0.017678912192199556,NaN,NaN,NaN,raw
810,0.06285536943862799,17.180301204819276,0.033561245666107485,NaN,NaN,NaN,raw
810,0.06316070852338795,17.17845048945783,0.019256125186779913,NaN,NaN,NaN,raw
810,0.06350503587956499,17.177808734939756,0.018711671585518487,NaN,NaN,NaN,raw
810,0.06350960825185178,17.180240963855418,0.033608653417236026,NaN,NaN,NaN,raw
810,0.06386546136915403,17.177464984939757,0.01817561036640111,NaN,NaN,NaN,raw
810,0.0639230677697924,17.149,0.009,6019.88235,0.0639230677697924,0.18355722003252595,raw
810,0.06416560102403003,17.180493975903612,0.03339311251576166,NaN,NaN,NaN,raw
810,0.06421595141327978,17.176828689759034,0.017562778843131954,NaN,NaN,NaN,raw
810,0.06456948606293554,17.177473832831325,0.017416984842507668,NaN,NaN,NaN,raw
810,0.06464842942659743,17.137,0.009,6064.7291,0.06464842942659743,0.10818686744642037,raw
810,0.06482492098110519,17.180759036144575,0.03349177750250749,NaN,NaN,NaN,raw
810,0.06487406042288058,17.164,0.012,6213.52221,0.06487406042288058,0.3681270155520906,raw
810,0.06493613142350385,17.177652861445782,0.017451465948212376,NaN,NaN,NaN,raw
810,0.06530175400958188,17.177845444277107,0.017490888944957733,NaN,NaN,NaN,raw
810,0.06548171258262038,17.181343373493977,0.03298681350046098,NaN,NaN,NaN,raw
810,0.06566572026481782,17.17759544427711,0.0173534362006435,NaN,NaN,NaN,raw
810,0.06603199245756947,17.17870576054217,0.01658442216704099,NaN,NaN,NaN,raw
810,0.0661337661383723,17.181993975903612,0.03277443515690171,NaN,NaN,NaN,raw
810,0.06631028628362401,17.175,0.011,5660.76355,0.06631028628362401,0.049012589173798915,raw
810,0.06639852610003318,17.177467055722893,0.01800875884786581,NaN,NaN,NaN,raw
810,0.06675181663336317,17.17755704066265,0.018024474315454134,NaN,NaN,NaN,raw
810,0.06678667726603646,17.18264457831325,0.03252747371353533,NaN,NaN,NaN,raw
810,0.06708879786772176,17.178102409638555,0.01834778549671835,NaN,NaN,NaN,raw
810,0.0671480032033287,17.183,0.013,5817.55276,0.0671480032033287,0.41215265976279625,raw
810,0.0672754024490132,17.161,0.01,6016.75469,0.0672754024490132,0.4936716171068838,raw
810,0.06743044354648081,17.175758659638554,0.016752908661680003,NaN,NaN,NaN,raw
810,0.06744317671435998,17.18290361445783,0.03267715890540726,NaN,NaN,NaN,raw
810,0.06776772129326383,17.17587763554217,0.016804771208145865,NaN,NaN,NaN,raw
550,0.06792069252818085,18.877,0.01915724406066862,NaN,NaN,NaN,raw
810,0.06804839859614731,17.199,0.015,7824.86841,0.06804839859614731,0.9453587830430479,raw
810,0.06808815395901087,17.183138554216868,0.03273843198453655,NaN,NaN,NaN,raw
810,0.06809321413675207,17.135,0.011,6102.62385,0.06809321413675207,0.16288669143432344,raw
810,0.06809329840471051,17.17537123493976,0.01691397396395593,NaN,NaN,NaN,raw
810,0.06842338527935365,17.175798192771083,0.016972413392459813,NaN,NaN,NaN,raw
810,0.0687286941484639,17.183463855421685,0.03255496825952935,NaN,NaN,NaN,raw
810,0.06876395159623488,17.17657003012048,0.017728555681054668,NaN,NaN,NaN,raw
810,0.06908601845052079,17.17672891566265,0.017785209034295903,NaN,NaN,NaN,raw
810,0.06926112205474055,17.2,0.012,6058.8207,0.06926112205474055,0.47045767171402986,raw
810,0.06936680683243304,17.183638554216866,0.03234888534944568,NaN,NaN,NaN,raw
810,0.06941207990641476,17.17879141566265,0.018285708860739727,NaN,NaN,NaN,raw
810,0.06973326803216856,17.1789484186747,0.01832233081776416,NaN,NaN,NaN,raw
810,0.07000210697859359,17.183644578313253,0.03234529895311761,NaN,NaN,NaN,raw
810,0.07005915342828774,17.180483433734942,0.01667846785232812,NaN,NaN,NaN,raw
810,0.07038738691270113,17.17983471385542,0.017066604145083358,NaN,NaN,NaN,raw
810,0.0706342904773174,17.183680722891562,0.03233218476372215,NaN,NaN,NaN,raw
550,0.07066021257924149,18.899,0.015,7568.65328,0.07066021257924149,0.9158704630626744,raw
810,0.07072596776062193,17.18054743975904,0.016858960275730663,NaN,NaN,NaN,raw
810,0.07106330693571808,17.18200545933735,0.01883206469154859,NaN,NaN,NaN,raw
810,0.07120708600050193,17.18211024795194,0.01396730530703415,NaN,NaN,NaN,raw
810,0.07120708600050193,17.182110247951943,0.013923313684984295,NaN,NaN,NaN,raw
810,0.07120708600050195,17.18211024795194,0.014011716564758006,NaN,NaN,NaN,raw
810,0.07127297637764213,17.18429518072289,0.03171468794075161,NaN,NaN,NaN,raw
810,0.07138220779513657,17.182159638554218,0.018852153317221537,NaN,NaN,NaN,raw
810,0.07139742532672244,17.183,0.013,7906.91433,0.07139742532672244,0.4368824738667172,raw
810,0.07171375253882414,17.18228463855422,0.018816376804179785,NaN,NaN,NaN,raw
810,0.07191505600309599,17.184530120481927,0.031745135575591124,NaN,NaN,NaN,raw
810,0.07196265340826358,17.139,0.009,7576.64962,0.07196265340826358,0.01958373180059425,raw
810,0.07203188263513627,17.182432417168677,0.018837852402604164,NaN,NaN,NaN,raw
810,0.07219472771612345,17.182,0.01,7199.80006,0.07219472771612345,0.9599589921890583,raw
810,0.07232618279886083,17.197,0.015,5840.49928,0.07232618279886083,0.4934446752831718,raw
810,0.07234474105341948,17.182463667168676,0.018839653696113467,NaN,NaN,NaN,raw
810,0.07251539757635328,17.151,0.012,6113.7501,0.07251539757635328,0.9612981842310546,raw
810,0.07255525985246676,17.184807228915663,0.03148350518829205,NaN,NaN,NaN,raw
810,0.07262010140220809,17.164,0.011,5654.85574,0.07262010140220809,0.4125453696487966,raw
810,0.07266762554357856,17.183301204819276,0.018446314759847413,NaN,NaN,NaN,raw
810,0.07300534723298799,17.18345971385542,0.018464572094711876,NaN,NaN,NaN,raw
810,0.07318567934188135,17.184662650602412,0.03126902896358729,NaN,NaN,NaN,raw
810,0.07332506785098278,17.181584713855422,0.019831401268561488,NaN,NaN,NaN,raw
810,0.07366248824656718,17.18174642319277,0.019865548705684816,NaN,NaN,NaN,raw
810,0.07375349157882738,17.205,0.016,7557.87729,0.07375349157882738,0.8666450490854913,raw
810,0.07381574758900054,17.185325301204823,0.031629525306599876,NaN,NaN,NaN,raw
810,0.07401273279903176,17.182558923192772,0.018367135605338786,NaN,NaN,NaN,raw
810,0.07434502606606477,17.182575677710844,0.018368232216795108,NaN,NaN,NaN,raw
810,0.07435703435839969,17.215,0.012,6839.63824,0.07435703435839969,0.594454320418663,raw
810,0.07444362104815151,17.18551807228916,0.03160853795120742,NaN,NaN,NaN,raw
810,0.07466569478490581,17.18221592620482,0.01812711131102681,NaN,NaN,NaN,raw
810,0.07498436719383043,17.18213347138554,0.018126432440407906,NaN,NaN,NaN,raw
810,0.07507676210241106,17.186120481927713,0.031090053984128625,NaN,NaN,NaN,raw
810,0.07530177733652575,17.182295368975904,0.018163462561707942,NaN,NaN,NaN,raw
810,0.07532839248233358,17.16,0.013,6197.53407,0.07532839248233358,0.17041127804441203,raw
810,0.07561038411663448,17.182742846385544,0.018373860479259888,NaN,NaN,NaN,raw
810,0.0757086475563461,17.186807228915658,0.031124172747950214,NaN,NaN,NaN,raw
810,0.07590799345546756,17.182897213855423,0.018408041907241542,NaN,NaN,NaN,raw
810,0.07621410203642526,17.18386596385542,0.01921178880656132,NaN,NaN,NaN,raw
810,0.07627656618569745,17.228,0.01,6729.78237,0.07627656618569745,0.6190403975688241,raw
810,0.07633859363976439,17.18692771084337,0.031148046539275113,NaN,NaN,NaN,raw
810,0.07651152636438804,17.184024096385542,0.0192382390873361,NaN,NaN,NaN,raw
810,0.07681875137874125,17.186586596385542,0.018494400487713232,NaN,NaN,NaN,raw
810,0.07691971808162634,17.179,0.009,6723.87259,0.07691971808162634,0.9783594608743442,raw
810,0.07696684034802395,17.1873734939759,0.03134682269660975,NaN,NaN,NaN,raw
810,0.0771270979057881,17.186828124999998,0.018483033965043832,NaN,NaN,NaN,raw
810,0.07715947258839151,17.184,0.011,5296.78063,0.07715947258839151,0.5103938713309617,raw
810,0.07745096029043726,17.18660033885542,0.018398353306804362,NaN,NaN,NaN,raw
810,0.07760770613410375,17.187801204819277,0.031208044782486306,NaN,NaN,NaN,raw
810,0.0777780869423764,17.18841283885542,0.0176184628501202,NaN,NaN,NaN,raw
810,0.07810433914363557,17.187168862951808,0.01921430259461596,NaN,NaN,NaN,raw
810,0.07825027077546198,17.187975903614458,0.031149483542044568,NaN,NaN,NaN,raw
810,0.07827945837198058,17.139,0.01,6837.55372,0.07827945837198058,0.13578543153198552,raw
810,0.07843581197528238,17.18648136295181,0.020425456223436434,NaN,NaN,NaN,raw
810,0.07875213683206161,17.186653049698798,0.02043276442599409,NaN,NaN,NaN,raw
810,0.07888560661771167,17.188313253012048,0.03141913244981838,NaN,NaN,NaN,raw
810,0.07907006620295845,17.186206513554218,0.020173368106823564,NaN,NaN,NaN,raw
810,0.07930103981561842,17.161,0.013,5639.90923,0.07930103981561842,0.44281654266887926,raw
810,0.07936207869352074,17.184,0.011,6374.83558,0.07936207869352074,0.40818620437494246,raw
810,0.07940539554142075,17.18636972891566,0.02018713211274358,NaN,NaN,NaN,raw
810,0.07952252105765348,17.18848795180723,0.03134127648225347,NaN,NaN,NaN,raw
810,0.07956432391802082,17.181,0.011,7225.52852,0.07956432391802082,0.9916613317855081,raw
810,0.07972417411253414,17.18530722891566,0.019515209913761385,NaN,NaN,NaN,raw
810,0.08005920899638903,17.18549397590361,0.019545861172891026,NaN,NaN,NaN,raw
810,0.08015923154484388,17.18882530120482,0.031214791922375643,NaN,NaN,NaN,raw
810,0.08038106797196021,17.186240210843373,0.020020629953006706,NaN,NaN,NaN,raw
810,0.08050970744079677,17.198,0.011,6127.65877,0.08050970744079677,0.7111466936112265,raw
810,0.08070776505819396,17.187232868975904,0.019457180269765745,NaN,NaN,NaN,raw
810,0.08079647522030077,17.189234939759036,0.03137242925355117,NaN,NaN,NaN,raw
810,0.08104188050852595,17.187391942771082,0.01947438888733083,NaN,NaN,NaN,raw
810,0.08119289991736878,17.214,0.011,6505.55159,0.08119289991736878,0.0022448203890235163,raw
810,0.08136325510180992,17.187360692771083,0.019407812805029352,NaN,NaN,NaN,raw
810,0.08143263449790494,17.18959036144578,0.031487192642003246,NaN,NaN,NaN,raw
810,0.0816969549681027,17.187524472891567,0.01942614631923212,NaN,NaN,NaN,raw
810,0.08179385386756621,17.221,0.009,6367.88348,0.08179385386756621,0.5380424866762041,raw
810,0.08198104303444545,17.189659230522565,0.02357296120220004,NaN,NaN,NaN,raw
810,0.08198104303444545,17.18965923052257,0.023554155486241252,NaN,NaN,NaN,raw
810,0.08203179560295853,17.187937688253015,0.01937954906708354,NaN,NaN,NaN,raw
810,0.08206181658162283,17.18972891566265,0.03164546031924774,NaN,NaN,NaN,raw
810,0.0823719408448845,17.188894766566264,0.02009388198578062,NaN,NaN,NaN,raw
810,0.08268977910763378,17.189710843373494,0.03163351890119539,NaN,NaN,NaN,raw
810,0.08271829525760341,17.189169427710844,0.020084884691661108,NaN,NaN,NaN,raw
810,0.08298345043840527,17.209,0.011,5662.85523,0.08298345043840527,0.5229963079709705,raw
810,0.08299533029276063,17.145,0.011,5725.77939,0.08299533029276063,0.11417055972015078,raw
810,0.08306028187376784,17.19076939006024,0.02192713603936786,NaN,NaN,NaN,raw
810,0.0832272320149059,17.142,0.014,5688.92886,0.0832272320149059,0.29299750791687984,raw
810,0.08330807475881721,17.190156626506024,0.031775913091412276,NaN,NaN,NaN,raw
810,0.08339151215413819,17.190944465361447,0.02192647816106866,NaN,NaN,NaN,raw
810,0.08373271827092464,17.19116321536145,0.021420618659119574,NaN,NaN,NaN,raw
810,0.08392723144752601,17.190710843373495,0.032100044414386984,NaN,NaN,NaN,raw
810,0.08406302302583105,17.191338478915664,0.021419492133435872,NaN,NaN,NaN,raw
810,0.08438884447550923,17.191869728915663,0.020845897258408255,NaN,NaN,NaN,raw
810,0.08454628641979377,17.190548192771082,0.03207520655431549,NaN,NaN,NaN,raw
810,0.08455794863402843,17.181,0.012,7181.7267,0.08455794863402843,0.3020771058909304,raw
810,0.0847236247812869,17.192194653614457,0.020800258546871852,NaN,NaN,NaN,raw
810,0.08507284713868568,17.192383471385543,0.020792948031063595,NaN,NaN,NaN,raw
810,0.08516473733150809,17.191493975903615,0.03353925732141573,NaN,NaN,NaN,raw
810,0.08537624932068866,17.21,0.012,6825.73618,0.08537624932068866,0.8587442224470578,raw
550,0.0854010253957919,18.908333333333335,0.04966219219218255,NaN,NaN,NaN,raw
810,0.08544027763395527,17.19282680722892,0.020693409237799845,NaN,NaN,NaN,raw
810,0.08578269924181363,17.191765060240964,0.033805489723577296,NaN,NaN,NaN,raw
810,0.08580149073830648,17.19351976656627,0.02092507330917586,NaN,NaN,NaN,raw
550,0.08610799676534953,18.864,0.015,7848.86235,0.08610799676534953,0.2670221874686831,raw
810,0.08615887905181782,17.193438441265062,0.02091215233339078,NaN,NaN,NaN,raw
810,0.08640034196696982,17.191897590361446,0.033628204165113654,NaN,NaN,NaN,raw
810,0.08652672768158984,17.193648343373496,0.020902306764639802,NaN,NaN,NaN,raw
810,0.08656055317078426,17.227,0.011,5422.63221,0.08656055317078426,0.699715328111779,raw
810,0.08688451849644982,17.194398343373496,0.022054901282970385,NaN,NaN,NaN,raw
810,0.08701698936113327,17.192168674698795,0.033712984380037975,NaN,NaN,NaN,raw
810,0.08725184559657409,17.194600903614457,0.02203907908332837,NaN,NaN,NaN,raw
550,0.08743168540755267,18.92032754811326,0.03661624038712807,NaN,NaN,NaN,raw
550,0.08743168540755267,18.920327548113264,0.035284292115354485,NaN,NaN,NaN,raw
550,0.08743168540755267,18.920327548113264,0.034087864684413556,NaN,NaN,NaN,raw
810,0.08761081127315665,17.193725903614457,0.0215065645000858,NaN,NaN,NaN,raw
810,0.0876346183970135,17.192222891566264,0.03370376770702011,NaN,NaN,NaN,raw
810,0.0878514880896546,17.218,0.012,7933.68889,0.0878514880896546,0.7061327979718044,raw
810,0.08797785673070074,17.1939375,0.021499278889320503,NaN,NaN,NaN,raw
810,0.08824281379539647,17.192789156626503,0.03383020171940028,NaN,NaN,NaN,raw
810,0.08833290896108836,17.19444653614458,0.02158862923983608,NaN,NaN,NaN,raw
810,0.08855127785136574,17.239,0.019,5338.84991,0.08855127785136574,0.4941742686460202,raw
810,0.08868082536349264,17.19429028614458,0.021497802136388095,NaN,NaN,NaN,raw
810,0.08884963974731319,17.19357831325301,0.03464910527750429,NaN,NaN,NaN,raw
810,0.08903810879286003,17.195894013554216,0.01952591558493433,NaN,NaN,NaN,raw
810,0.08919805410914705,17.146,0.01,6536.49498,0.08919805410914705,0.18838374429287796,raw
810,0.08940770609107396,17.197598644578314,0.016869500512797085,NaN,NaN,NaN,raw
810,0.08945535877471657,17.193921686746986,0.03462666531846562,NaN,NaN,NaN,raw
810,0.08972732620532042,17.178,0.013,7509.90752,0.08972732620532042,0.2620544929868629,raw
810,0.08979436767192778,17.1978077936747,0.016815660351843276,NaN,NaN,NaN,raw
810,0.09007504847840571,17.194397590361444,0.034589870564568456,NaN,NaN,NaN,raw
810,0.09018111093893044,17.198009600903614,0.016766419932141455,NaN,NaN,NaN,raw
810,0.09055816556257591,17.198961219879518,0.01718814790379952,NaN,NaN,NaN,raw
810,0.09069763649441451,17.19453012048193,0.03463815984663662,NaN,NaN,NaN,raw
810,0.09094472340719925,17.199487575301205,0.01687542959001369,NaN,NaN,NaN,raw
810,0.09132209976664799,17.19518674698795,0.03577600438785518,NaN,NaN,NaN,raw
810,0.09132482954596313,17.20031588855422,0.017119165627399614,NaN,NaN,NaN,raw
810,0.09170539417231255,17.199959902108432,0.017029499007090557,NaN,NaN,NaN,raw
810,0.09171805088408291,17.211,0.013,6730.83068,0.09171805088408291,0.861315445497894,raw
810,0.09194613347315965,17.19539759036145,0.035836477018082236,NaN,NaN,NaN,raw
810,0.09209275341840328,17.20017639307229,0.016965875932065163,NaN,NaN,NaN,raw
810,0.09247313420887765,17.201148343373493,0.017362564282942156,NaN,NaN,NaN,raw
810,0.09256763137300478,17.195951807228916,0.03563872718689602,NaN,NaN,NaN,raw
810,0.0926422059928882,17.238,0.02,6082.81649,0.0926422059928882,0.7960781201782083,raw
810,0.09285574125968721,17.20026750753012,0.01671153203577471,NaN,NaN,NaN,raw
810,0.09318710170188192,17.196072289156625,0.035682873621381894,NaN,NaN,NaN,raw
810,0.09324363328250049,17.20049171686747,0.01664737573864163,NaN,NaN,NaN,raw
810,0.09328075551820803,17.193,0.016,7147.6603,0.09328075551820803,0.4359986627314356,raw
810,0.0936317144641182,17.200721950301205,0.016580139129669356,NaN,NaN,NaN,raw
810,0.09380727122303383,17.196499999999997,0.035248683620380646,NaN,NaN,NaN,raw
810,0.09403260471627647,17.200157756024097,0.016277648209877472,NaN,NaN,NaN,raw
810,0.0940514504800376,17.206,0.014,7926.7381,0.0940514504800376,0.8387910952369566,raw
810,0.09411677531534224,17.204,0.014,5606.88789,0.09411677531534224,0.8120615835832723,raw
810,0.09442840003251708,17.196319277108433,0.03519918028601785,NaN,NaN,NaN,raw
810,0.09443443951703953,17.20185184487952,0.01819418406417567,NaN,NaN,NaN,raw
810,0.09483101695172477,17.200320594879518,0.016988922287096232,NaN,NaN,NaN,raw
810,0.09505434555775132,17.196548192771083,0.03528130369832608,NaN,NaN,NaN,raw
810,0.09522024372134638,17.200534450301205,0.01694432654150251,NaN,NaN,NaN,raw
810,0.09561819699763385,17.202248870481927,0.01371655621560755,NaN,NaN,NaN,raw
810,0.0956812453461395,17.19684939759036,0.03512033296416315,NaN,NaN,NaN,raw
810,0.09601995737376437,17.202438817771082,0.013639390556408431,NaN,NaN,NaN,raw
810,0.0963030159916113,17.197168674698794,0.03521615306959017,NaN,NaN,NaN,raw
810,0.09641748494528637,17.204782567771083,0.015606469193786712,NaN,NaN,NaN,raw
810,0.09661203437644872,17.221,0.016,7949.68371,0.09661203437644872,0.9181366728807916,raw
810,0.09680772941007376,17.204990963855423,0.015507533784021853,NaN,NaN,NaN,raw
810,0.09692779966197516,17.197843373493974,0.0343475928944296,NaN,NaN,NaN,raw
810,0.09719817791965986,17.20520218373494,0.015406155259019172,NaN,NaN,NaN,raw
810,0.09732813377195271,17.218,0.012,7815.83976,0.09732813377195271,0.6335935499737388,raw
810,0.09755431736387009,17.19860843373494,0.034106388648211514,NaN,NaN,NaN,raw
810,0.0975697139276536,17.204258847891566,0.01689175078228108,NaN,NaN,NaN,raw
810,0.09782282246519299,17.199549960919626,0.013364933022274877,NaN,NaN,NaN,raw
810,0.09782282246519299,17.19954996091963,0.013322571796783976,NaN,NaN,NaN,raw
810,0.09782282246519299,17.199549960919626,0.013280610836503325,NaN,NaN,NaN,raw
810,0.09793085134582094,17.203696347891565,0.016959593443951555,NaN,NaN,NaN,raw
810,0.0981781951167173,17.198692771084335,0.03409979394990627,NaN,NaN,NaN,raw
810,0.0982897125443479,17.20459017319277,0.017259186855489873,NaN,NaN,NaN,raw
810,0.09857252726214938,17.223,0.014,6062.65501,0.09857252726214938,0.6718271511836065,raw
810,0.09863963939535476,17.202560429216867,0.02158503225644408,NaN,NaN,NaN,raw
810,0.09880397879668996,17.198813253012048,0.03400812833706287,NaN,NaN,NaN,raw
810,0.09898935869800202,17.201438817771084,0.020593850377077203,NaN,NaN,NaN,raw
550,0.09913288450964804,18.930333333333333,0.05746593193652452,NaN,NaN,NaN,raw
810,0.0993248279019496,17.200749058734942,0.02114174238582596,NaN,NaN,NaN,raw
810,0.0994295340911579,17.199343373493974,0.03448964954185907,NaN,NaN,NaN,raw
550,0.09943486684278469,18.962,0.018,6035.88647,0.09943486684278469,0.4154532622833358,raw
810,0.09966248156744648,17.20121780873494,0.021130675143267462,NaN,NaN,NaN,raw
810,0.09999572417535021,17.20145218373494,0.02111824883441106,NaN,NaN,NaN,raw
810,0.10005321620878,17.199590361445782,0.03454747673795398,NaN,NaN,NaN,raw
810,0.10032150643095382,17.201345256024094,0.02110313622203206,NaN,NaN,NaN,raw
810,0.10065253430738129,17.201157756024095,0.0211054427950768,NaN,NaN,NaN,raw
810,0.1006799761587198,17.19994578313253,0.0346893147506236,NaN,NaN,NaN,raw
810,0.10098666802269884,17.2013531626506,0.02108814016841167,NaN,NaN,NaN,raw
810,0.10110152741981437,17.247,0.01,6771.85632,0.10110152741981437,0.6128096574120718,raw
810,0.10124175576129346,17.19,0.01,6380.75319,0.10124175576129346,0.06561506260550232,raw
810,0.10130489637520507,17.20042168674699,0.03456925257803973,NaN,NaN,NaN,raw
810,0.10130501748297441,17.200554781626504,0.021749177873733594,NaN,NaN,NaN,raw
810,0.10162004752899256,17.200739081325302,0.021741752501753413,NaN,NaN,NaN,raw
810,0.10191940891525611,17.201640060240962,0.02218195114158429,NaN,NaN,NaN,raw
810,0.10193255895034552,17.200861445783133,0.0346696805146507,NaN,NaN,NaN,raw
810,0.10221394775914497,17.201546310240964,0.022103690219802224,NaN,NaN,NaN,raw
810,0.1023116908108932,17.2,0.016,5355.88941,0.1023116908108932,0.9406888293924567,raw
810,0.10244820849402458,17.253,0.013,6538.58547,0.10244820849402458,0.6598221212443605,raw
810,0.10250997030729433,17.20171103162651,0.02209484383531815,NaN,NaN,NaN,raw
810,0.1025628713516023,17.20106626506024,0.034467223876071804,NaN,NaN,NaN,raw
810,0.10279370707448163,17.200429781626504,0.022307541897444532,NaN,NaN,NaN,raw
810,0.1030902527605516,17.20056984186747,0.02230980749736285,NaN,NaN,NaN,raw
810,0.10319198880116971,17.20128915662651,0.03450833193038663,NaN,NaN,NaN,raw
810,0.1032112520224473,17.165,0.01,6746.82645,0.1032112520224473,0.07535131599433953,raw
810,0.10327444826543797,17.193,0.011,7229.70853,0.10327444826543797,0.9324633112501033,raw
810,0.1033844489883818,17.200079442771084,0.022523846184629624,NaN,NaN,NaN,raw
810,0.10342969182602246,17.224,0.012,6808.70774,0.10342969182602246,0.43588636823915294,raw
810,0.10366931184392887,17.19946705572289,0.022143760977025043,NaN,NaN,NaN,raw
810,0.10376529060522444,17.131,0.011,6731.87781,0.10376529060522444,0.10106654101036838,raw
810,0.10383322367760042,17.202108433734942,0.033742702752552214,NaN,NaN,NaN,raw
810,0.10392211622820469,17.174,0.013,5801.57377,0.10392211622820469,0.23400824819145782,raw
810,0.10395654411764946,17.199129141566267,0.022236371407203054,NaN,NaN,NaN,raw
810,0.10408567281410797,17.208,0.012,6212.4929,0.10408567281410797,0.16649187939765397,raw
810,0.10423471529363676,17.199260353915662,0.022250060234272975,NaN,NaN,NaN,raw
810,0.10447103467595298,17.204,0.01,6486.78673,0.10447103467595298,0.8652840398281114,raw
810,0.10447648265935312,17.202578313253017,0.03390561604752053,NaN,NaN,NaN,raw
810,0.10451362346984491,17.199410203313253,0.022268494081222195,NaN,NaN,NaN,raw
810,0.10470966736102127,17.198,0.012,6052.92302,0.10470966736102127,0.8556579419910122,raw
810,0.10479322382583775,17.199548945783132,0.02228576274567888,NaN,NaN,NaN,raw
810,0.10507706126965474,17.197330195783135,0.020900479163408568,NaN,NaN,NaN,raw
810,0.10512067892267875,17.202572289156628,0.03390616575108607,NaN,NaN,NaN,raw
810,0.10524152828656952,17.171,0.01,6445.76462,0.10524152828656952,0.12134029573462612,raw
810,0.10535961145676305,17.19779122740964,0.0208962843841857,NaN,NaN,NaN,raw
810,0.10564040247022426,17.198590549698796,0.02148117401717043,NaN,NaN,NaN,raw
810,0.10576220681872085,17.20274698795181,0.03395196013388895,NaN,NaN,NaN,raw
810,0.1058825803520449,17.226,0.015,6578.5661,0.1058825803520449,0.176099796222843,raw
810,0.1059219538391132,17.198726468373494,0.021509747307938063,NaN,NaN,NaN,raw
810,0.10603727738089219,17.218,0.013,5669.81619,0.10603727738089219,0.41209105821326375,raw
810,0.10621212191902867,17.198912274096386,0.021546751846403298,NaN,NaN,NaN,raw
810,0.10640052120275452,17.20311445783133,0.03434784853226149,NaN,NaN,NaN,raw
810,0.10640771032194607,17.177,0.013,5977.8318,0.10640771032194607,0.23983921995204582,raw
810,0.10650682256492398,17.197006024096385,0.01917504608128715,NaN,NaN,NaN,raw
810,0.10680416217969403,17.196128953313252,0.01962005367619489,NaN,NaN,NaN,raw
810,0.1070437793181094,17.203090361445785,0.03435074385664633,NaN,NaN,NaN,raw
810,0.10708373315907511,17.196619917168675,0.0199471892508544,NaN,NaN,NaN,raw
810,0.10736398399359633,17.198994917168676,0.020575489426744867,NaN,NaN,NaN,raw
810,0.10759247440728359,17.183,0.01,7839.83099,0.10759247440728359,0.9494604196152068,raw
810,0.10764431481379688,17.199401167168674,0.020581642794135633,NaN,NaN,NaN,raw
810,0.10768813863965572,17.203403614457834,0.0344584033671627,NaN,NaN,NaN,raw
810,0.1079261315313147,17.199026167168675,0.020225225893164455,NaN,NaN,NaN,raw
810,0.10799541155574843,17.188,0.014,5995.91001,0.10799541155574843,0.9080949784674885,raw
810,0.10820355352865363,17.202338667168675,0.017174794167481737,NaN,NaN,NaN,raw
810,0.10833101172275166,17.2035421686747,0.034263789952878945,NaN,NaN,NaN,raw
810,0.10848666355699871,17.202462537650604,0.017187369815661657,NaN,NaN,NaN,raw
810,0.10876936029738354,17.2036500376506,0.01645452997255009,NaN,NaN,NaN,raw
810,0.108978277847441,17.204385542168676,0.0342151238313582,NaN,NaN,NaN,raw
810,0.1090615233496059,17.205181287650603,0.01896138973008824,NaN,NaN,NaN,raw
810,0.10934506056115006,17.2059312876506,0.019383116620928804,NaN,NaN,NaN,raw
810,0.10962718755049043,17.204385542168673,0.034215123831358205,NaN,NaN,NaN,raw
810,0.10962843833162167,17.206044804216866,0.01937348110167152,NaN,NaN,NaN,raw
810,0.10991888178879633,17.205701054216867,0.019616886498439644,NaN,NaN,NaN,raw
810,0.11018432562195812,17.176,0.015,7973.67609,0.11018432562195812,0.23646332665157388,raw
810,0.11020294471030767,17.205824736445784,0.01960899890466872,NaN,NaN,NaN,raw
810,0.11028336174875944,17.20475301204819,0.03418194397489527,NaN,NaN,NaN,raw
810,0.11029020880596363,17.226,0.01,6755.86774,0.11029020880596363,0.4141527851061255,raw
810,0.1104183210331518,17.20475587947026,0.014622960376947889,NaN,NaN,NaN,raw
810,0.11050404215335043,17.206941641566264,0.018550763759556457,NaN,NaN,NaN,raw
810,0.11080978354466074,17.20707567771084,0.018534966804538245,NaN,NaN,NaN,raw
810,0.11094220275479157,17.20521084337349,0.033870843856137214,NaN,NaN,NaN,raw
810,0.11111472085946948,17.20704442771084,0.01850284627906426,NaN,NaN,NaN,raw
550,0.11123343976435406,18.96007142857143,0.006124973969124425,NaN,NaN,NaN,raw
810,0.11143234344570706,17.206356927710843,0.018491362196637464,NaN,NaN,NaN,raw
810,0.11159706936818856,17.205945783132528,0.033705004758145585,NaN,NaN,NaN,raw
810,0.11173907846766526,17.206485128012048,0.018482375831623262,NaN,NaN,NaN,raw
550,0.11185578992080991,18.965,0.021,5677.8141,0.11185578992080991,0.5191624670296733,raw
810,0.11187862916267477,17.192,0.012,7964.63785,0.11187862916267477,0.9041856328512949,raw
810,0.11205094719734718,17.205610128012047,0.02047832203661692,NaN,NaN,NaN,raw
810,0.11207773902424378,17.173,0.012,7169.91626,0.11207773902424378,0.040222390152848675,raw
810,0.1121382601413643,17.217,0.014,7186.60335,0.1121382601413643,0.7329521452211338,raw
810,0.11217927872712607,17.241,0.015,5643.74478,0.11217927872712607,0.6468383111168805,raw
810,0.11224503451185557,17.206,0.033733357288289405,NaN,NaN,NaN,raw
810,0.11235843950974828,17.205747552710843,0.020475622435395913,NaN,NaN,NaN,raw
810,0.11244782678659249,17.212,0.015,5376.75177,0.11244782678659249,0.564081975406225,raw
810,0.11264279452007031,17.237,0.015,7179.65058,0.11264279452007031,0.8613753358949907,raw
810,0.11266943438449395,17.20650865963855,0.02005104899979816,NaN,NaN,NaN,raw
810,0.11289274458464338,17.206072289156626,0.033716027348763125,NaN,NaN,NaN,raw
810,0.11296841192051943,17.212,0.011,5385.79078,0.11296841192051943,0.8980066551066557,raw
810,0.11299610642613578,17.205558546686746,0.020905072422802883,NaN,NaN,NaN,raw
810,0.11331549552342307,17.206171310240965,0.020659737831060895,NaN,NaN,NaN,raw
810,0.11343489048522315,17.257,0.012,6473.57925,0.11343489048522315,0.6152407797126216,raw
810,0.11354422544536646,17.228,0.011,6451.67751,0.11354422544536646,0.7686733443042613,raw
810,0.11354457131444387,17.206210843373494,0.03375469623729835,NaN,NaN,NaN,raw
810,0.11364527686423989,17.206309487951806,0.020656372631466496,NaN,NaN,NaN,raw
810,0.11396127686627672,17.206641189759036,0.020709636401558835,NaN,NaN,NaN,raw
810,0.11400385799061041,17.187,0.011,7467.85064,0.11400385799061041,0.3047969854578696,raw
550,0.11405290024145903,18.943228530728533,0.0361324962316629,NaN,NaN,NaN,raw
810,0.11421069241104229,17.20653012048193,0.034049638399502945,NaN,NaN,NaN,raw
810,0.1142711998032594,17.206756965361443,0.02070697518546084,NaN,NaN,NaN,raw
810,0.11456925424360931,17.207538215361446,0.01996752520178188,NaN,NaN,NaN,raw
810,0.11487373764652366,17.20817093373494,0.020195903343116585,NaN,NaN,NaN,raw
810,0.11487664646393755,17.206740963855424,0.034142114884147354,NaN,NaN,NaN,raw
810,0.11518351578491905,17.207632718373496,0.019933220841221275,NaN,NaN,NaN,raw
810,0.11549220205803493,17.208219879518076,0.020135286193458644,NaN,NaN,NaN,raw
810,0.1155459313406509,17.207036144578314,0.03397305377238539,NaN,NaN,NaN,raw
810,0.11564057442592457,17.225,0.012,7224.49812,0.11564057442592457,0.7876947480617673,raw
810,0.1157817011941504,17.208321724397592,0.020131654522876262,NaN,NaN,NaN,raw
810,0.11608283562742988,17.208878953313253,0.01991087642972784,NaN,NaN,NaN,raw
810,0.11620120014049462,17.196,0.013,7269.69246,0.11620120014049462,0.45579949722014135,raw
810,0.1162160419054166,17.20721686746988,0.0339670243628607,NaN,NaN,NaN,raw
810,0.11638273191312626,17.21044145331325,0.018942793910214924,NaN,NaN,NaN,raw
810,0.11638750967176748,17.149,0.017,6834.78579,0.11638750967176748,0.21534169502956502,raw
810,0.11668087084996775,17.210253953313256,0.01890543966320378,NaN,NaN,NaN,raw
810,0.11688353331494482,17.20748795180723,0.03367792874070977,NaN,NaN,NaN,raw
810,0.11699053817449728,17.208722703313253,0.018309825750416488,NaN,NaN,NaN,raw
810,0.1173005125328705,17.208855986445784,0.018304889687220067,NaN,NaN,NaN,raw
810,0.11754431039914479,17.20735542168675,0.03364791227892436,NaN,NaN,NaN,raw
810,0.11760998209960055,17.207230986445783,0.02022427571226865,NaN,NaN,NaN,raw
810,0.1179194085190493,17.204980986445783,0.020802390696089024,NaN,NaN,NaN,raw
810,0.11814164397219429,17.173,0.013,6811.84168,0.11814164397219429,0.13920453147875378,raw
810,0.11821586266894182,17.20760843373494,0.03360641607146327,NaN,NaN,NaN,raw
810,0.11822952316532975,17.20512669427711,0.02082659657456611,NaN,NaN,NaN,raw
810,0.11854653539865423,17.203970444277108,0.02145043423710971,NaN,NaN,NaN,raw
810,0.11886012183353226,17.202529743975905,0.019204491086832802,NaN,NaN,NaN,raw
810,0.11888401462888999,17.207963855421685,0.03352880110939714,NaN,NaN,NaN,raw
810,0.11909027791261906,17.215,0.01,6089.77863,0.11909027791261906,0.687696822835278,raw
810,0.11919069886292175,17.20200960090362,0.018711466122496342,NaN,NaN,NaN,raw
810,0.11952829677494184,17.201909262048197,0.01869681375113499,NaN,NaN,NaN,raw
810,0.11954472153393657,17.20809036144578,0.033344087166384824,NaN,NaN,NaN,raw
810,0.11972206771315541,17.201,0.013,7086.83122,0.11972206771315541,0.32608053504372947,raw
810,0.11986481365185561,17.202680534638557,0.018570576766712185,NaN,NaN,NaN,raw
550,0.11991590882622577,18.95340476190476,0.011501183021078757,NaN,NaN,NaN,raw
810,0.12002683064201847,17.225,0.015,6570.57513,0.12002683064201847,0.08387264991688426,raw
810,0.12020310923461616,17.208777108433736,0.033043658265818066,NaN,NaN,NaN,raw
810,0.1202139655539187,17.202726468373495,0.01858221995176483,NaN,NaN,NaN,raw
810,0.12054329487277352,17.20288535391566,0.0186393017016078,NaN,NaN,NaN,raw
810,0.12082016349449987,17.224,0.012,6382.84588,0.12082016349449987,0.5417591135537805,raw
810,0.12086104172388343,17.20920481927711,0.0329198324809407,NaN,NaN,NaN,raw
810,0.12087183633859874,17.203054405120483,0.018702586368839237,NaN,NaN,NaN,raw
810,0.12121772466099881,17.202672439759034,0.018361637732939605,NaN,NaN,NaN,raw
810,0.12151493102761839,17.209831325301206,0.03325286746427388,NaN,NaN,NaN,raw
810,0.12155113821694866,17.202109939759033,0.018842064110810193,NaN,NaN,NaN,raw
810,0.12167442016652785,17.223,0.01,7156.709,0.12167442016652785,0.7906496974355832,raw
810,0.12167870612029219,17.211,0.021,5492.52152,0.12167870612029219,0.1889465001222561,raw
810,0.12189935744027368,17.20228972138554,0.018919650199398036,NaN,NaN,NaN,raw
810,0.12208863311207097,17.192,0.028,5348.94334,0.12208863311207097,0.08344293632217159,raw
810,0.1221642139797983,17.210265060240964,0.03337013156859643,NaN,NaN,NaN,raw
810,0.12225664397238122,17.20447722138554,0.016444297059996154,NaN,NaN,NaN,raw
810,0.12235085292195436,17.16,0.011,6423.86879,0.12235085292195436,0.28741401182924164,raw
550,0.12240966252946757,18.953214285714285,0.05547304067525253,NaN,NaN,NaN,raw
810,0.12253373733223448,17.20969012866944,0.013876358619358662,NaN,NaN,NaN,raw
810,0.12253373733223448,17.20969012866944,0.013832376389482344,NaN,NaN,NaN,raw
810,0.12253373733223452,17.20969012866944,0.01378880974145676,NaN,NaN,NaN,raw
810,0.12254443994243047,17.165,0.011,6079.69806,0.12254443994243047,0.12593495860164694,raw
810,0.122601630747249,17.206024472891563,0.01888490800775139,NaN,NaN,NaN,raw
810,0.12281641326561762,17.21073493975904,0.033221053688559675,NaN,NaN,NaN,raw
810,0.12292874467924521,17.2062125376506,0.018928504842872295,NaN,NaN,NaN,raw
810,0.12311280338690267,17.175,0.018,6351.90607,0.12311280338690267,0.3632776046069921,raw
810,0.1232487403604975,17.2069937876506,0.01800696910845249,NaN,NaN,NaN,raw
810,0.12346965640132024,17.210897590361444,0.033229346197358504,NaN,NaN,NaN,raw
810,0.12357527505457265,17.207190888554216,0.018048385178274083,NaN,NaN,NaN,raw
810,0.12389942966281883,17.207223268072287,0.018050745932604532,NaN,NaN,NaN,raw
810,0.12412269038582985,17.211355421686743,0.032696587730450415,NaN,NaN,NaN,raw
810,0.12421897154055557,17.207190888554216,0.018037270284593506,NaN,NaN,NaN,raw
810,0.12434770449908683,17.203,0.015,7654.54082,0.12434770449908683,0.624399304671897,raw
810,0.1245252180051788,17.208344314759035,0.01923687991217789,NaN,NaN,NaN,raw
810,0.1247723980518513,17.211680722891565,0.03285118680695988,NaN,NaN,NaN,raw
810,0.12484473097734772,17.208406814759034,0.01921548581842933,NaN,NaN,NaN,raw
810,0.12515542947521346,17.208069088855417,0.01900829646147941,NaN,NaN,NaN,raw
810,0.12538355327706086,17.208,0.012,6509.73872,0.12538355327706086,0.9582760720550141,raw
810,0.12541518466729162,17.211825301204815,0.03277692589491648,NaN,NaN,NaN,raw
810,0.12547472646233454,17.208982304216867,0.019731624135798674,NaN,NaN,NaN,raw
550,0.12548227402839984,18.942,0.035,5669.82295,0.12548227402839984,0.42655031103276997,raw
810,0.12578113730102036,17.208696159638553,0.019572567660471208,NaN,NaN,NaN,raw
810,0.12605925824705794,17.212445783132527,0.032362249991842354,NaN,NaN,NaN,raw
810,0.12610660346878075,17.208867469879515,0.019601132983499043,NaN,NaN,NaN,raw
550,0.1263809962696801,18.959404761904764,0.0211894194493066,NaN,NaN,NaN,raw
810,0.12643190319931855,17.20903237951807,0.01963167881657146,NaN,NaN,NaN,raw
810,0.12670900074272687,17.21277710843373,0.03233018600852375,NaN,NaN,NaN,raw
810,0.1267713456750247,17.20871987951807,0.019481181820006837,NaN,NaN,NaN,raw
810,0.1268704339308897,17.178,0.011,7158.79669,0.1268704339308897,0.2560990347592451,raw
810,0.1271118054939133,17.208853350903617,0.019511914528718834,NaN,NaN,NaN,raw
810,0.12735905705181744,17.21296987951807,0.03233094487250613,NaN,NaN,NaN,raw
810,0.1274595946912735,17.20960128012048,0.019302644585355914,NaN,NaN,NaN,raw
810,0.12781293366232882,17.20903049698795,0.019550838441864744,NaN,NaN,NaN,raw
810,0.12782067869920866,17.219,0.022,5696.94025,0.12782067869920866,0.428901864665022,raw
810,0.12792311011071433,17.257,0.013,6759.69799,0.12792311011071433,0.6068381571112695,raw
810,0.12801195622302317,17.213373493975897,0.03196881466921328,NaN,NaN,NaN,raw
810,0.12816167165898884,17.211561746987954,0.01819457738708082,NaN,NaN,NaN,raw
810,0.1283815057722677,17.198,0.014,7952.82358,0.1283815057722677,0.6341387664760987,raw
810,0.1285151728814941,17.21316641566265,0.016099337374734693,NaN,NaN,NaN,raw
810,0.1286649728793466,17.2139156626506,0.03188947002772453,NaN,NaN,NaN,raw
810,0.1288649688127001,17.21248719879518,0.016654157104094566,NaN,NaN,NaN,raw
810,0.12920726619363937,17.21342469879518,0.01526204705182216,NaN,NaN,NaN,raw
810,0.12925696209276794,17.209,0.013,5378.49585,0.12925696209276794,0.29456920303164225,raw
810,0.12931561800019428,17.213963855421685,0.031881958718251655,NaN,NaN,NaN,raw
810,0.12934460840187967,17.245,0.009,6017.81921,0.12934460840187967,0.770618926604584,raw
810,0.12954939107791608,17.214177899096384,0.01572114447263809,NaN,NaN,NaN,raw
810,0.1298736137155171,17.214346197289156,0.015718781076678897,NaN,NaN,NaN,raw
810,0.12994648282256094,17.203,0.009,6152.70656,0.12994648282256094,0.2869348886579246,raw
810,0.12996918257372217,17.21419277108434,0.03202554201517066,NaN,NaN,NaN,raw
550,0.12997882403349303,18.96142857142857,0.020583825629630282,NaN,NaN,NaN,raw
810,0.1301987879575105,17.215158697289155,0.015785206606183797,NaN,NaN,NaN,raw
810,0.1304206128224905,17.238,0.009,6420.74277,0.1304206128224905,0.601036274971193,raw
810,0.1305139679140121,17.21594992469879,0.016233446226206306,NaN,NaN,NaN,raw
810,0.1306253103324466,17.214843373493977,0.032014951782588626,NaN,NaN,NaN,raw
810,0.13081886960854505,17.216224774096382,0.01616883089980328,NaN,NaN,NaN,raw
810,0.13112630167842337,17.216136483433733,0.016201310604057988,NaN,NaN,NaN,raw
550,0.13125105225117295,18.983,0.023,5791.5015,0.13125105225117295,0.6899996085739986,raw
810,0.1312759590922154,17.214686746987955,0.03201379540167714,NaN,NaN,NaN,raw
810,0.13141868343400992,17.21690380271084,0.01659749354845847,NaN,NaN,NaN,raw
810,0.13170218004875756,17.21703670933735,0.01658040200674498,NaN,NaN,NaN,raw
810,0.13192452240482783,17.215108433734944,0.032001898446789225,NaN,NaN,NaN,raw
810,0.1320006996155208,17.218259977409637,0.014973594283569164,NaN,NaN,NaN,raw
810,0.13228505765765608,17.219573418674695,0.016280905428236316,NaN,NaN,NaN,raw
810,0.1325365793891251,17.213,0.016,6092.91213,0.1325365793891251,0.3900738512747921,raw
810,0.13257181292986975,17.218417168674698,0.017584593752254078,NaN,NaN,NaN,raw
810,0.13257342032472688,17.215271084337353,0.0319113166214441,NaN,NaN,NaN,raw
810,0.13285622117506268,17.220385918674694,0.024291350881686897,NaN,NaN,NaN,raw
810,0.13313909565921578,17.220509789156623,0.024264530217645325,NaN,NaN,NaN,raw
550,0.13320314582090628,18.959285714285716,0.05491031649100948,NaN,NaN,NaN,raw
810,0.13321788742759744,17.21593373493976,0.03145677853281622,NaN,NaN,NaN,raw
810,0.1334209141745204,17.222041039156625,0.024344171747234484,NaN,NaN,NaN,raw
810,0.13347106105356943,17.192,0.016,6829.57702,0.13347106105356943,0.0740809979106416,raw
810,0.133510468815075,17.241,0.014,6721.80638,0.133510468815075,0.5588546132821648,raw
810,0.133697395332664,17.220293674698794,0.026826399822880487,NaN,NaN,NaN,raw
810,0.13385647906259868,17.21634939759036,0.03118116515207477,NaN,NaN,NaN,raw
810,0.13396117379356298,17.22056061746988,0.02675279363054212,NaN,NaN,NaN,raw
810,0.13400988306420913,17.189,0.01,5676.77886,0.13400988306420913,0.3048434005177114,raw
810,0.13406631957695936,17.205,0.017,5396.57518,0.13406631957695936,0.9652205773982132,raw
810,0.13422351930561138,17.220905496987953,0.026736139421229644,NaN,NaN,NaN,raw
810,0.13441765269817552,17.235,0.015,7175.83403,0.13441765269817552,0.6979934792179847,raw
810,0.13449781478906164,17.21674096385542,0.031180594338591026,NaN,NaN,NaN,raw
810,0.1344992657540489,17.21921799698795,0.02687013233360762,NaN,NaN,NaN,raw
810,0.13475328024287592,17.229,0.014,5825.57215,0.13475328024287592,0.5651685583106882,raw
810,0.13475794119975593,17.220592996987953,0.027137903873135222,NaN,NaN,NaN,raw
810,0.1348581566599023,17.237,0.011,6069.62057,0.1348581566599023,0.570761037959528,raw
810,0.13501776889941103,17.223086972891565,0.030042458405910678,NaN,NaN,NaN,raw
810,0.1351404075021163,17.216795180722887,0.031125847793694397,NaN,NaN,NaN,raw
810,0.1352530109033978,17.209,0.009,6416.92033,0.1352530109033978,0.4250560456457606,raw
810,0.1352651031397487,17.222465361445785,0.029929514599239777,NaN,NaN,NaN,raw
810,0.1354154744258267,17.237,0.012,7590.57757,0.1354154744258267,0.8106710569190909,raw
810,0.13552598530817367,17.222580384036142,0.029906341258834294,NaN,NaN,NaN,raw
810,0.13577575726137137,17.22274642319277,0.029875836249633223,NaN,NaN,NaN,raw
810,0.135780892414651,17.217030120481926,0.03113030769130127,NaN,NaN,NaN,raw
810,0.1360158511088877,17.222866905120483,0.029851804812466666,NaN,NaN,NaN,raw
550,0.13620870797040838,18.96907142857143,0.012388070298245376,NaN,NaN,NaN,raw
810,0.136256560897596,17.22306532379518,0.029805171109531903,NaN,NaN,NaN,raw
810,0.13642306006731375,17.217144578313256,0.031154019159991223,NaN,NaN,NaN,raw
810,0.13645851440014667,17.255,0.013,7575.6291,0.13645851440014667,0.8367499021969707,raw
810,0.13651587887237687,17.22318674698795,0.02978029816449843,NaN,NaN,NaN,raw
810,0.13677465917522136,17.22328143825301,0.02976130342338737,NaN,NaN,NaN,raw
810,0.13699684741004603,17.182,0.011,6864.69062,0.13699684741004603,0.1800602625735337,raw
810,0.13702417395688826,17.32,0.02,6221.54318,0.13702417395688826,0.524522443603928,raw
810,0.13703734281432867,17.22450018825301,0.029232829088197028,NaN,NaN,NaN,raw
810,0.13706393971592276,17.217337349397596,0.03127678085753891,NaN,NaN,NaN,raw
810,0.13730645237273115,17.22382097138554,0.02908924378939837,NaN,NaN,NaN,raw
810,0.1373996982620156,17.247,0.011,6059.88733,0.1373996982620156,0.7519181503612344,raw
810,0.13751236993994098,17.158,0.01,7112.91095,0.13751236993994098,0.1091292856126529,raw
810,0.13757586072327913,17.22387255271084,0.029077028614246617,NaN,NaN,NaN,raw
810,0.1376978728415353,17.2175421686747,0.03133312748023385,NaN,NaN,NaN,raw
810,0.13771067438574391,17.225,0.013,6166.61515,0.13771067438574391,0.036612282621717895,raw
810,0.13784917249118522,17.224840737951805,0.028386006985052562,NaN,NaN,NaN,raw
810,0.13813308184704298,17.228121987951805,0.031873055133248084,NaN,NaN,NaN,raw
810,0.13816849475188064,17.191,0.012,6754.83449,0.13816849475188064,0.20409021461455268,raw
810,0.13822409708518535,17.247,0.02,6553.54674,0.13822409708518535,0.6611217428435339,raw
810,0.13828366896268562,17.294,0.014,6180.52124,0.13828366896268562,0.7809423197722936,raw
810,0.13833530851329615,17.218108433734944,0.030860001393661532,NaN,NaN,NaN,raw
810,0.13841343530218062,17.227659262048192,0.03187746432794188,NaN,NaN,NaN,raw
550,0.1384288073470999,18.96494583987441,0.01229080834562445,NaN,NaN,NaN,raw
550,0.1384288073470999,18.96494583987441,0.011843719273628688,NaN,NaN,NaN,raw
550,0.1384288073470999,18.964945839874414,0.011442119871350562,NaN,NaN,NaN,raw
810,0.1386930858395306,17.227854856927713,0.0318274733946705,NaN,NaN,NaN,raw
810,0.13896971500737326,17.227854856927713,0.0318274733946705,NaN,NaN,NaN,raw
810,0.13897353972204501,17.218524096385547,0.030288051811099746,NaN,NaN,NaN,raw
810,0.13925574004804822,17.22733810240964,0.03180843775121944,NaN,NaN,NaN,raw
810,0.1392686615945422,17.22,0.013,7185.56984,0.1392686615945422,0.5223334496204188,raw
810,0.13953326867866817,17.22740700301205,0.03178724481363123,NaN,NaN,NaN,raw
810,0.1396075255253496,17.218963855421688,0.030269875327103055,NaN,NaN,NaN,raw
810,0.13981169205019423,17.22700075301205,0.032111498164990905,NaN,NaN,NaN,raw
810,0.14009691110280836,17.225563253012048,0.03267412018388276,NaN,NaN,NaN,raw
810,0.14023929262779106,17.21934939759036,0.030561188988031444,NaN,NaN,NaN,raw
810,0.1403733685862299,17.22566641566265,0.03265151292215276,NaN,NaN,NaN,raw
810,0.14064891812146596,17.225779555722895,0.03262729518852202,NaN,NaN,NaN,raw
810,0.14087159551771433,17.21915662650602,0.03061351728684204,NaN,NaN,NaN,raw
810,0.14094243721254052,17.224718938253012,0.03219556801675861,NaN,NaN,NaN,raw
810,0.14122221342793373,17.226156438253014,0.03123941125291758,NaN,NaN,NaN,raw
810,0.14149885711862203,17.218963855421688,0.030721405343144003,NaN,NaN,NaN,raw
810,0.14151714735446644,17.223077560240966,0.026129253737612136,NaN,NaN,NaN,raw
810,0.14182074490807875,17.222629518072292,0.026352822946664814,NaN,NaN,NaN,raw
810,0.1418769375050033,17.231,0.011,6424.91852,0.1418769375050033,0.5327263584258617,raw
810,0.14211492239431803,17.22222326807229,0.026063629222004392,NaN,NaN,NaN,raw
810,0.14212197468395424,17.219265060240964,0.031161002954780897,NaN,NaN,NaN,raw
550,0.1421409756589821,18.96207142857143,0.0028221066093050244,NaN,NaN,NaN,raw
810,0.14241338845479778,17.224213290662654,0.02328479770645676,NaN,NaN,NaN,raw
810,0.14247754628013354,17.218,0.014,7662.54301,0.14247754628013354,0.7406253883527825,raw
810,0.14272043192919703,17.22394634789157,0.023412359573786297,NaN,NaN,NaN,raw
810,0.14275585963720464,17.219981927710844,0.030832386139403627,NaN,NaN,NaN,raw
810,0.14303137401255966,17.223859375000004,0.02341348857710691,NaN,NaN,NaN,raw
810,0.14315141896440764,17.31,0.023,6584.48906,0.14315141896440764,0.8449719980308146,raw
810,0.143346459887769,17.22483527861446,0.022637663683488674,NaN,NaN,NaN,raw
810,0.14338896326257947,17.220192771084342,0.030662763057740898,NaN,NaN,NaN,raw
810,0.14344663198426133,17.223,0.011,6803.85459,0.14344663198426133,0.05527648294446408,raw
810,0.14360541361384094,17.229,0.009,6539.64272,0.14360541361384094,0.9212193171333638,raw
810,0.14366587487984633,17.22496027861446,0.022774629418417305,NaN,NaN,NaN,raw
810,0.14399343300363215,17.222116528614457,0.019290801382511602,NaN,NaN,NaN,raw
810,0.14401095796150123,17.22046385542169,0.03077969451996897,NaN,NaN,NaN,raw
810,0.14402132368195453,17.219,0.011,6081.79141,0.14402132368195453,0.6034907117482362,raw
810,0.14416255879223172,17.196,0.013,5271.77332,0.14416255879223172,0.021190077786741313,raw
550,0.14417192583914584,18.964928571428572,0.048491814195346365,NaN,NaN,NaN,raw
810,0.14432131625832628,17.2222452936747,0.019276931550051602,NaN,NaN,NaN,raw
810,0.14454248410947912,17.191,0.01,5652.79486,0.14454248410947912,0.0044410867794795195,raw
810,0.14462753188414046,17.220331325301206,0.0307510805041437,NaN,NaN,NaN,raw
810,0.14464092885672736,17.221135165662652,0.02048328371277178,NaN,NaN,NaN,raw
810,0.14495704758386901,17.22282266566265,0.02251077832866328,NaN,NaN,NaN,raw
810,0.14524064519486798,17.220765060240964,0.03087078027593141,NaN,NaN,NaN,raw
810,0.14526319722722805,17.22293655873494,0.02249984211876543,NaN,NaN,NaN,raw
810,0.14555013882059153,17.22320689006024,0.022507319196640972,NaN,NaN,NaN,raw
810,0.1458346912362657,17.223325677710847,0.02249528108164511,NaN,NaN,NaN,raw
810,0.14585112531453176,17.22106024096386,0.030962870980184073,NaN,NaN,NaN,raw
810,0.14591352677217312,17.2250535639393,0.01719481931520214,NaN,NaN,NaN,raw
810,0.14591352677217312,17.2250535639393,0.017140318958404795,NaN,NaN,NaN,raw
810,0.14591352677217312,17.2250535639393,0.017086333567747344,NaN,NaN,NaN,raw
810,0.14594968630262883,17.228,0.013,6131.50564,0.14594968630262883,0.9393812937050825,raw
810,0.14611764127672128,17.223445406626507,0.022481508539210923,NaN,NaN,NaN,raw
810,0.14639011932611762,17.223820406626505,0.022710502936946538,NaN,NaN,NaN,raw
810,0.14646205960593486,17.22147590361446,0.031194735726678652,NaN,NaN,NaN,raw
810,0.14666750927708405,17.224187123493977,0.022729309792601,NaN,NaN,NaN,raw
810,0.1467790614315163,17.203,0.012,5686.86507,0.1467790614315163,0.8786689017179015,raw
810,0.14681337782167247,17.234,0.011,6048.76589,0.14681337782167247,0.9637949720727192,raw
810,0.14693778113971917,17.224345067771086,0.022702473880226982,NaN,NaN,NaN,raw
810,0.14706328387529286,17.22168072289157,0.03130302321668891,NaN,NaN,NaN,raw
810,0.147211309564198,17.22512688253012,0.02297649687271025,NaN,NaN,NaN,raw
810,0.1474786767952409,17.22241810993976,0.016972962053366004,NaN,NaN,NaN,raw
810,0.1475232640223112,17.209,0.011,6334.87984,0.1475232640223112,0.9451468138195196,raw
810,0.14766082105334902,17.22221686746988,0.03199414650735106,NaN,NaN,NaN,raw
550,0.14769829346668412,18.966501831501834,0.038986569765426665,NaN,NaN,NaN,raw
550,0.14769829346668412,18.966501831501834,0.038609879097941543,NaN,NaN,NaN,raw
810,0.1477568946219516,17.222528237951806,0.01696948989214361,NaN,NaN,NaN,raw
810,0.1480515409385183,17.222576618975904,0.016973084915561338,NaN,NaN,NaN,raw
810,0.14825124275857998,17.22222891566265,0.031994819770556904,NaN,NaN,NaN,raw
810,0.14835099406666846,17.221170368975905,0.01824056841211446,NaN,NaN,NaN,raw
810,0.14844537683165981,17.251,0.013,7102.83298,0.14844537683165981,0.5529286724631675,raw
810,0.14864035018024255,17.221343373493976,0.018259895074699183,NaN,NaN,NaN,raw
810,0.14876552892383188,17.203,0.013,5993.8383,0.14876552892383188,0.4768259458887769,raw
810,0.1488275726635082,17.22222891566265,0.031994819770556904,NaN,NaN,NaN,raw
810,0.14893536787774858,17.22152296686747,0.01826436499024307,NaN,NaN,NaN,raw
550,0.14902125062707497,18.96557142857143,0.003932465602428219,NaN,NaN,NaN,raw
550,0.14904785531689413,18.962,0.035,7264.48917,0.14904785531689413,0.32626020623138174,raw
810,0.14920114287087927,17.183,0.013,6872.69075,0.14920114287087927,0.2918801242376503,raw
810,0.14924444644469656,17.2224312876506,0.0176671095132279,NaN,NaN,NaN,raw
810,0.14938446086307522,17.274,0.014,6768.74428,0.14938446086307522,0.9563343398476718,raw
810,0.1494043141128385,17.22260843373494,0.03198385465737467,NaN,NaN,NaN,raw
810,0.1494214236154221,17.228,0.011,6436.74115,0.1494214236154221,0.8206547859790589,raw
810,0.14956021493677296,17.223508659638554,0.01671403696848735,NaN,NaN,NaN,raw
810,0.14989192158520426,17.223676957831323,0.016708124676745432,NaN,NaN,NaN,raw
810,0.14997727281928724,17.2229578313253,0.03205210765246671,NaN,NaN,NaN,raw
810,0.15020795187906544,17.224215549698794,0.016888048959700107,NaN,NaN,NaN,raw
810,0.15051993815890488,17.224378200301203,0.01688174245791923,NaN,NaN,NaN,raw
810,0.1505532584132011,17.222795180722887,0.031967126689069494,NaN,NaN,NaN,raw
810,0.1505962350856862,17.243,0.014,6698.8676,0.1505962350856862,0.4941180144523969,raw
810,0.15083503303932536,17.225159450301206,0.017617210075177168,NaN,NaN,NaN,raw
810,0.15099845311488025,17.231,0.013,7140.72742,0.15099845311488025,0.6069654242055549,raw
810,0.15112624588445794,17.22305421686747,0.03166878896060711,NaN,NaN,NaN,raw
810,0.1511412571126739,17.22445707831325,0.01820697375660575,NaN,NaN,NaN,raw
810,0.15144269540650912,17.225187876506023,0.017782315740311805,NaN,NaN,NaN,raw
810,0.15150876922052703,17.245,0.012,5651.75434,0.15150876922052703,0.7788284026792098,raw
810,0.1517071703577799,17.223319277108438,0.03159977735951996,NaN,NaN,NaN,raw
810,0.15174307979476298,17.224937876506026,0.017710521175760344,NaN,NaN,NaN,raw
810,0.15205407399807655,17.225094126506022,0.017702912630488673,NaN,NaN,NaN,raw
810,0.1522919337173214,17.223716867469882,0.03202079748132304,NaN,NaN,NaN,raw
810,0.15235908682049967,17.227000376506027,0.019139910927717024,NaN,NaN,NaN,raw
810,0.1526697790801803,17.227165662650606,0.019120097007134355,NaN,NaN,NaN,raw
810,0.1528753141143959,17.224548192771085,0.0313841413782098,NaN,NaN,NaN,raw
810,0.15298027551511983,17.2273390436747,0.01909903040961318,NaN,NaN,NaN,raw
810,0.15318791371464613,17.184,0.011,7172.71173,0.15318791371464613,0.019572609298847965,raw
810,0.1532703535958717,17.226,0.011,7117.78349,0.1532703535958717,0.5312132703420502,raw
810,0.15329900644462702,17.2256515436747,0.019325274740003097,NaN,NaN,NaN,raw
550,0.15331004558040495,18.994261904761903,0.04929059672158587,NaN,NaN,NaN,raw
810,0.15346189000214816,17.224746987951807,0.0311657711905687,NaN,NaN,NaN,raw
810,0.15361168550526622,17.22644013554217,0.018880895783566057,NaN,NaN,NaN,raw
550,0.153843970725185,18.969785714285713,0.0446321349761294,NaN,NaN,NaN,raw
810,0.15392661414889297,17.22702673192771,0.01903678885162174,NaN,NaN,NaN,raw
810,0.1540530729345671,17.22506626506024,0.031264489594459106,NaN,NaN,NaN,raw
810,0.1542316934898259,17.22652673192771,0.020392309306890493,NaN,NaN,NaN,raw
810,0.15454294149694053,17.22511201054217,0.018472583962224842,NaN,NaN,NaN,raw
810,0.15464707585592313,17.225475903614456,0.03143183134826543,NaN,NaN,NaN,raw
810,0.15486842388827393,17.226655496987952,0.020235952954267052,NaN,NaN,NaN,raw
810,0.15519644628292245,17.226679781626505,0.02023808468717767,NaN,NaN,NaN,raw
810,0.15524214463394276,17.225716867469878,0.03137318800959438,NaN,NaN,NaN,raw
810,0.15535361459842534,17.238,0.012,7078.84772,0.15535361459842534,0.24983129089196154,raw
810,0.15551791620827746,17.22658734939759,0.020262372083182746,NaN,NaN,NaN,raw
810,0.15582833953452058,17.226783320783134,0.020254836875205195,NaN,NaN,NaN,raw
810,0.1558346862693944,17.226265060240962,0.031205898563378374,NaN,NaN,NaN,raw
810,0.15603272247608402,17.253,0.011,5421.61342,0.15603272247608402,0.5205818694230402,raw
810,0.15615525758221027,17.226356551204816,0.020044913983192168,NaN,NaN,NaN,raw
810,0.15626122995308833,17.199,0.011,6856.70143,0.15626122995308833,0.0916404343170143,raw
810,0.15642508683424283,17.226385542168675,0.031243455101412274,NaN,NaN,NaN,raw
810,0.156425678245796,17.226,0.011,5684.78254,0.156425678245796,0.42425650885707,raw
810,0.15648352943230437,17.22638780120482,0.020053164436946023,NaN,NaN,NaN,raw
810,0.15681207319952445,17.226583396084337,0.02005012490534073,NaN,NaN,NaN,raw
810,0.15701509838132793,17.22668072289157,0.0313948536907267,NaN,NaN,NaN,raw
550,0.15703831069913576,19.051,0.025,6180.52776,0.15703831069913576,0.794888226339026,raw
810,0.15714700332359888,17.22609299698795,0.01977517588116371,NaN,NaN,NaN,raw
810,0.15728367433985113,17.27,0.012,7087.88722,0.15728367433985113,0.5848040525252145,raw
810,0.15747901157456703,17.225989269578314,0.019798885440582486,NaN,NaN,NaN,raw
810,0.1576029733631288,17.227506024096385,0.031877938982834995,NaN,NaN,NaN,raw
550,0.15778310639533238,19.00088095238095,0.04382201555860901,NaN,NaN,NaN,raw
810,0.15780372513047386,17.22709186746988,0.020633134336870695,NaN,NaN,NaN,raw
810,0.15811433377624465,17.227248682228918,0.020632247437609445,NaN,NaN,NaN,raw
810,0.15818712867664533,17.227777108433735,0.03168794369836249,NaN,NaN,NaN,raw
810,0.15843359217569158,17.228675828313254,0.019064077554287365,NaN,NaN,NaN,raw
810,0.15864476657588966,17.197,0.011,7840.89168,0.15864476657588966,0.21821557847579243,raw
810,0.15870346119248796,17.228063001169254,0.015265726472361156,NaN,NaN,NaN,raw
810,0.15876865588392408,17.22879612198795,0.019058792562689955,NaN,NaN,NaN,raw
810,0.1587712588642859,17.22823493975904,0.0316587713298788,NaN,NaN,NaN,raw
810,0.1589052892595646,17.241,0.012,6870.60824,0.1589052892595646,0.8375105102277303,raw
810,0.15896368178073317,17.167,0.013,7256.49673,0.15896368178073317,0.23088881411968032,raw
810,0.15911020024685363,17.228897778614456,0.01904516908174782,NaN,NaN,NaN,raw
810,0.1593443970907437,17.228728915662646,0.03147801553223112,NaN,NaN,NaN,raw
810,0.15943921464217697,17.229038403614457,0.019032574785076386,NaN,NaN,NaN,raw
810,0.15975743555987837,17.228367281626504,0.01953427367608594,NaN,NaN,NaN,raw
810,0.15981975063550635,17.272,0.012,6024.78275,0.15981975063550635,0.6652321490801114,raw
810,0.15991814024417467,17.228777108433736,0.03147993617990981,NaN,NaN,NaN,raw
810,0.16006789167429547,17.228493222891565,0.019529625655439416,NaN,NaN,NaN,raw
810,0.16026431043064804,17.22,0.014,5793.59747,0.16026431043064804,0.17315939165746386,raw
810,0.16039340975622024,17.228243222891567,0.01945506501075565,NaN,NaN,NaN,raw
810,0.16048680485298053,17.22906626506024,0.031360298302185174,NaN,NaN,NaN,raw
550,0.1606662141036958,18.995619047619048,0.049942892557466714,NaN,NaN,NaN,raw
810,0.16070837130710416,17.228266189759037,0.01945308814374395,NaN,NaN,NaN,raw
810,0.16103096707179548,17.22755064006024,0.01892798556047162,NaN,NaN,NaN,raw
810,0.16105761261175747,17.22934337349398,0.03106371045671198,NaN,NaN,NaN,raw
810,0.16136461743902197,17.228541227409636,0.018201115852018158,NaN,NaN,NaN,raw
810,0.16150315231789136,17.232,0.009,6459.69007,0.16150315231789136,0.9070802640380862,raw
810,0.16163964643550002,17.229313253012048,0.031078172291660506,NaN,NaN,NaN,raw
810,0.1617114500609383,17.22869917168675,0.018203735338163034,NaN,NaN,NaN,raw
810,0.16207623748802102,17.22887292921687,0.01820367690968272,NaN,NaN,NaN,raw
810,0.1622265331909082,17.229307228915662,0.031075990081528736,NaN,NaN,NaN,raw
810,0.1623314343887614,17.22,0.016,5734.8458,0.1623314343887614,0.5067022700804955,raw
810,0.16242900342683048,17.230039156626503,0.019225463636637918,NaN,NaN,NaN,raw
550,0.16246703776167642,18.981857142857145,0.035800423596241415,NaN,NaN,NaN,raw
550,0.16249329385027522,18.954,0.016,7924.67601,0.16249329385027522,0.428098691671039,raw
810,0.1626827675063396,17.259,0.016,6123.51557,0.1626827675063396,0.8490791958502086,raw
810,0.16278524691048663,17.228848644578314,0.017797630330901065,NaN,NaN,NaN,raw
810,0.16281479077906078,17.229566265060242,0.031110046227363644,NaN,NaN,NaN,raw
810,0.1631320133116708,17.229207831325304,0.01788542739899093,NaN,NaN,NaN,raw
810,0.16340418249694857,17.229668674698793,0.03116260162520302,NaN,NaN,NaN,raw
810,0.16347822088969133,17.22934393825301,0.01789075991693463,NaN,NaN,NaN,raw
550,0.1636277024339766,18.962619047619047,0.01669066299739245,NaN,NaN,NaN,raw
810,0.1638265184255706,17.229812688253013,0.01719912657663907,NaN,NaN,NaN,raw
810,0.16399239225931128,17.229849397590364,0.03114649987045655,NaN,NaN,NaN,raw
810,0.16417262563007728,17.22994107680723,0.017202303115297798,NaN,NaN,NaN,raw
810,0.164391309615894,17.228,0.009,6397.80986,0.164391309615894,0.5488552699389402,raw
810,0.16453264606253382,17.229675075301206,0.017091234103907352,NaN,NaN,NaN,raw
810,0.16458153358491406,17.229566265060242,0.03111179948472595,NaN,NaN,NaN,raw
550,0.1647137630199096,18.98375856638952,0.02498853296348323,NaN,NaN,NaN,raw
550,0.16471376301990961,18.98375856638952,0.02407955287860895,NaN,NaN,NaN,raw
550,0.16471376301990961,18.98375856638952,0.023263058176247516,NaN,NaN,NaN,raw
810,0.16483014522236772,17.204,0.011,7187.66461,0.16483014522236772,0.002926501434558304,raw
810,0.16490843284783208,17.231362575301205,0.01284069343733676,NaN,NaN,NaN,raw
810,0.16517674029528936,17.229746987951806,0.031189681033857733,NaN,NaN,NaN,raw
810,0.16527260543301908,17.23027729668675,0.014438658867972513,NaN,NaN,NaN,raw
810,0.16562202343639804,17.229057417168676,0.012288908190448292,NaN,NaN,NaN,raw
810,0.1657701932200183,17.23,0.031010653105998882,NaN,NaN,NaN,raw
810,0.16591345589768025,17.227,0.013,5712.59762,0.16591345589768025,0.9191195170606079,raw
550,0.16592277568997815,18.952,0.017,6125.60258,0.16592277568997815,0.31307405212101,raw
810,0.1659768231735569,17.228283132530123,0.013063302758344577,NaN,NaN,NaN,raw
810,0.16633061839580404,17.228682228915666,0.01299699814095466,NaN,NaN,NaN,raw
810,0.16635578694620629,17.230102409638555,0.031022109323605274,NaN,NaN,NaN,raw
550,0.1666564681793586,18.964880952380955,0.020602696144811222,NaN,NaN,NaN,raw
810,0.16669570665103617,17.228804405120485,0.013019081869929013,NaN,NaN,NaN,raw
810,0.16693804170433604,17.230698795180725,0.0313127856313384,NaN,NaN,NaN,raw
810,0.16706134152929464,17.22893825301205,0.013046789441643397,NaN,NaN,NaN,raw
810,0.16742811954253922,17.22865700301205,0.013075632916265635,NaN,NaN,NaN,raw
810,0.16752373073556434,17.231439759036146,0.030819208649148687,NaN,NaN,NaN,raw
810,0.1677939248922385,17.228808170180724,0.013111377948370147,NaN,NaN,NaN,raw
810,0.16809887591244407,17.23156024096386,0.030627863882454868,NaN,NaN,NaN,raw
810,0.16814734962704436,17.22882981927711,0.013112800423920226,NaN,NaN,NaN,raw
810,0.1683036084232299,17.264,0.023,5483.4989,0.1683036084232299,0.8900790916832193,raw
810,0.1684995052401307,17.22726731927711,0.01668993178381002,NaN,NaN,NaN,raw
810,0.16868346581684884,17.231903614457835,0.03076031069624031,NaN,NaN,NaN,raw
810,0.16869949820102192,17.239,0.01,7962.57172,0.16869949820102192,0.4848519006736751,raw
810,0.1688511884164897,17.226505647590365,0.01572320918039353,NaN,NaN,NaN,raw
810,0.16919887582150067,17.22717545180723,0.016303619259249304,NaN,NaN,NaN,raw
810,0.16926577117330277,17.23213253012048,0.03067019917111803,NaN,NaN,NaN,raw
810,0.16953283429475996,17.227342055722893,0.016357071277240603,NaN,NaN,NaN,raw
810,0.1697902877240267,17.212,0.011,6007.7515,0.1697902877240267,0.23636386581347324,raw
810,0.16984668940849917,17.23234337349398,0.030741091610400624,NaN,NaN,NaN,raw
810,0.1698621418504924,17.227502070783135,0.016407359464204664,NaN,NaN,NaN,raw
810,0.17018916063448405,17.229095820783137,0.018764888551053113,NaN,NaN,NaN,raw
810,0.17042594309817335,17.232487951807233,0.030758046584899838,NaN,NaN,NaN,raw
810,0.17051251812449286,17.229890625000003,0.019315999264889507,NaN,NaN,NaN,raw
810,0.170729645557825,17.23082344400391,0.012200417621478053,NaN,NaN,NaN,raw
810,0.17072964555782502,17.230823444003907,0.012239210780173683,NaN,NaN,NaN,raw
810,0.17072964555782502,17.230823444003903,0.01216199101383569,NaN,NaN,NaN,raw
810,0.17083417595233846,17.230864834337353,0.018745811528707492,NaN,NaN,NaN,raw
810,0.17098885891027749,17.221,0.011,6395.72627,0.17098885891027749,0.09217559778699069,raw
810,0.17099791981672752,17.194,0.01,6449.6116,0.17099791981672752,0.3498101795285038,raw
810,0.17100112674363271,17.23296385542169,0.03121807781753046,NaN,NaN,NaN,raw
810,0.17115804293983006,17.231153990963858,0.01879930053265771,NaN,NaN,NaN,raw
810,0.17127173183325795,17.204,0.011,7458.83172,0.17127173183325795,0.013843665103195235,raw
810,0.17146870198896202,17.23132718373494,0.018813849789501267,NaN,NaN,NaN,raw
550,0.1715533349978224,18.98864285714286,0.04044865148053,NaN,NaN,NaN,raw
810,0.17158575754255723,17.232771084337354,0.03145244618369598,NaN,NaN,NaN,raw
810,0.17179327821367063,17.23160071536145,0.018812537405402313,NaN,NaN,NaN,raw
810,0.17210987109418863,17.231472515060243,0.018837039383574873,NaN,NaN,NaN,raw
810,0.1721696290204084,17.232975903614463,0.03129564822245058,NaN,NaN,NaN,raw
810,0.1724085840273452,17.230856927710846,0.01918185847921633,NaN,NaN,NaN,raw
550,0.17254251290744704,18.976880952380956,0.02155821891347029,NaN,NaN,NaN,raw
810,0.1727012622898437,17.230984751506025,0.01919948817279445,NaN,NaN,NaN,raw
810,0.17275792871602888,17.2336265060241,0.030889327702298047,NaN,NaN,NaN,raw
810,0.17298294099927672,17.231685993975905,0.019626237780640026,NaN,NaN,NaN,raw
810,0.17324004874171806,17.223,0.011,6845.58262,0.17324004874171806,0.3091426753944688,raw
810,0.17326960125337548,17.23079574548193,0.018739253127817743,NaN,NaN,NaN,raw
810,0.1733454176258759,17.234150602409642,0.030452868197479825,NaN,NaN,NaN,raw
810,0.1735361247046967,17.23,0.013,5712.60027,0.1735361247046967,0.924787715281127,raw
810,0.17356258053353174,17.230927899096386,0.01876221569517612,NaN,NaN,NaN,raw
810,0.1736004140075238,17.17,0.01,6475.68605,0.1736004140075238,0.1215653125091194,raw
810,0.1738563463238066,17.22992789909639,0.0191665269488665,NaN,NaN,NaN,raw
810,0.17393662914982777,17.234626506024096,0.0301385531185851,NaN,NaN,NaN,raw
810,0.17394078773941146,17.251,0.011,5335.75077,0.17394078773941146,0.8652913122332393,raw
810,0.1740908536412462,17.235,0.011,7118.83367,0.1740908536412462,0.7774881411660317,raw
810,0.17414931528827676,17.23005704066265,0.019195760575086953,NaN,NaN,NaN,raw
810,0.17443333341094697,17.23099454066265,0.01901717942009519,NaN,NaN,NaN,raw
810,0.17453023404274962,17.234969879518072,0.030100724787165224,NaN,NaN,NaN,raw
810,0.17472630188264632,17.231123870481927,0.01904070625394505,NaN,NaN,NaN,raw
810,0.17485591070362716,17.279,0.016,6141.59746,0.17485591070362716,0.5252062635936454,raw
810,0.17492897326519596,17.255,0.01,7872.88089,0.17492897326519596,0.6413035829209548,raw
810,0.17501924370143082,17.231248682228916,0.019063013418504013,NaN,NaN,NaN,raw
810,0.17512319571342672,17.23517469879518,0.030031693736727507,NaN,NaN,NaN,raw
810,0.17530246629789611,17.23174868222892,0.01899524139653407,NaN,NaN,NaN,raw
810,0.17554048389501986,17.239,0.011,7623.61801,0.17554048389501986,0.4822798220484401,raw
810,0.17559114161949504,17.232842432228914,0.01771613631243711,NaN,NaN,NaN,raw
810,0.17571128279224105,17.2355421686747,0.02969921994887022,NaN,NaN,NaN,raw
810,0.1758839628990896,17.232953501506024,0.017728059482101655,NaN,NaN,NaN,raw
810,0.17618474190419112,17.233391001506025,0.01715393666927678,NaN,NaN,NaN,raw
810,0.17629989508835692,17.235753012048193,0.029705307503927292,NaN,NaN,NaN,raw
810,0.17647697236305615,17.233512236445783,0.017163120823510812,NaN,NaN,NaN,raw
810,0.17648675912278122,17.226,0.012,5985.85205,0.17648675912278122,0.3946946092437429,raw
810,0.17649685556534678,17.211,0.012,6085.62682,0.17649685556534678,0.8072130282143917,raw
810,0.17675357352966528,17.23416923945783,0.017540186224387556,NaN,NaN,NaN,raw
810,0.1768894351355165,17.23553012048193,0.029683721627894986,NaN,NaN,NaN,raw
810,0.17702714464098276,17.234261671686745,0.017545026733701802,NaN,NaN,NaN,raw
810,0.17711259461430018,17.254,0.012,6023.74582,0.17711259461430018,0.4472982693605445,raw
810,0.1772934112940396,17.233949171686746,0.01783868150180724,NaN,NaN,NaN,raw
810,0.17747673655438953,17.235512048192774,0.02970761313541899,NaN,NaN,NaN,raw
810,0.1775668406932897,17.23403407379518,0.01784613494943771,NaN,NaN,NaN,raw
810,0.17785269675708598,17.23425451807229,0.017838263479326436,NaN,NaN,NaN,raw
810,0.17805880278185038,17.236132530120482,0.030221714482917113,NaN,NaN,NaN,raw
810,0.17810000348981703,17.207,0.01,7135.86978,0.17810000348981703,0.21675168607544038,raw
810,0.17814170736822682,17.23684826807229,0.013762714605509993,NaN,NaN,NaN,raw
810,0.178433452112636,17.23692526355422,0.013756774741056608,NaN,NaN,NaN,raw
810,0.1786407780363476,17.236265060240964,0.030308948308578807,NaN,NaN,NaN,raw
550,0.17865077315651604,18.99154761904762,0.003915128515451174,NaN,NaN,NaN,raw
810,0.17874344285702426,17.23649548192771,0.0135155930236913,NaN,NaN,NaN,raw
810,0.17887886764947325,17.242,0.012,7465.78731,0.17887886764947325,0.8914522929135273,raw
810,0.17906077869419113,17.23752673192771,0.014612274823469685,NaN,NaN,NaN,raw
810,0.17922168050287826,17.23648192771084,0.03019807798250018,NaN,NaN,NaN,raw
810,0.17936559201495902,17.23649642319277,0.01590365942203648,NaN,NaN,NaN,raw
550,0.17943713579793028,18.98864373897707,0.023678716209298057,NaN,NaN,NaN,raw
810,0.17966555438603823,17.235194653614457,0.013889719832354092,NaN,NaN,NaN,raw
810,0.17980008129927819,17.23648192771084,0.03019807798250018,NaN,NaN,NaN,raw
810,0.17996718734572856,17.235007153614458,0.013652206097318535,NaN,NaN,NaN,raw
810,0.18005198199716688,17.237,0.013,5682.70487,0.18005198199716688,0.9802393776353711,raw
550,0.1801514280345405,18.990000000000002,0.03990951303598183,NaN,NaN,NaN,raw
810,0.18023553010789328,17.229,0.011,6863.66271,0.18023553010789328,0.9814196462302789,raw
810,0.18027197895754757,17.23425169427711,0.014296307917669854,NaN,NaN,NaN,raw
810,0.18037140769065885,17.236518072289154,0.03017338238822842,NaN,NaN,NaN,raw
810,0.18056910356739753,17.23420481927711,0.014282689491821057,NaN,NaN,NaN,raw
810,0.18086753215040546,17.234625376506024,0.014519509537699132,NaN,NaN,NaN,raw
810,0.18089665999650606,17.218,0.012,5336.79613,0.18089665999650606,0.10125647912354907,raw
810,0.18093713222623845,17.236650602409636,0.030024609597013592,NaN,NaN,NaN,raw
810,0.18102086635190062,17.254,0.012,7132.74197,0.18102086635190062,0.5265452417406777,raw
810,0.18114901202970127,17.234445594879517,0.014540698316769709,NaN,NaN,NaN,raw
810,0.18143522269313306,17.234798569277107,0.014465971517966397,NaN,NaN,NaN,raw
810,0.18151220427818815,17.236584337349395,0.030027090725493474,NaN,NaN,NaN,raw
810,0.1817266899969152,17.235986069277107,0.014001587497156893,NaN,NaN,NaN,raw
810,0.18176058163953712,17.213,0.011,6886.60796,0.18176058163953712,0.05999520449040574,raw
810,0.18179578281676276,17.236091923615515,0.017251932053372675,NaN,NaN,NaN,raw
810,0.18179578281676279,17.236091923615515,0.017265706053214255,NaN,NaN,NaN,raw
810,0.18201872997033947,17.23456325301205,0.016191502857124052,NaN,NaN,NaN,raw
810,0.1820951584018788,17.23686746987952,0.02979638826367533,NaN,NaN,NaN,raw
810,0.18230394964024849,17.234035579819277,0.01580824526850784,NaN,NaN,NaN,raw
810,0.1825962454642224,17.23408207831325,0.015814915186641007,NaN,NaN,NaN,raw
810,0.18268351874617822,17.237054216867467,0.02969241429993087,NaN,NaN,NaN,raw
810,0.18284875356403063,17.253,0.011,5742.84882,0.18284875356403063,0.624703676221543,raw
810,0.18287066801217788,17.23412857680723,0.01582332350920629,NaN,NaN,NaN,raw
810,0.18316299997626717,17.23506965361446,0.015033640085964728,NaN,NaN,NaN,raw
810,0.18327246097092084,17.23709036144578,0.029693550424936686,NaN,NaN,NaN,raw
550,0.18343955559867894,19.008,0.02615339366124381,NaN,NaN,NaN,raw
810,0.1834489984832372,17.234967620481928,0.015036344878027979,NaN,NaN,NaN,raw
810,0.1837361968533464,17.234811182228917,0.01498677945020914,NaN,NaN,NaN,raw
810,0.18386049155983583,17.237246987951806,0.02971917792145539,NaN,NaN,NaN,raw
810,0.18401614044815215,17.23532737198795,0.015326790321835919,NaN,NaN,NaN,raw
810,0.1842456004305859,17.268,0.013,6805.60701,0.1842456004305859,0.803602492893333,raw
550,0.18424755643718527,18.996,0.018,6428.75737,0.18424755643718527,0.7438066378672374,raw
810,0.18427914882286495,17.23553106174699,0.015385827271598361,NaN,NaN,NaN,raw
810,0.18428426030732226,17.202,0.014,7475.87096,0.18428426030732226,0.45980210074048955,raw
810,0.1844547065781615,17.237343373493974,0.02974430709073816,NaN,NaN,NaN,raw
810,0.18454894429587831,17.23554612198795,0.015387547275937512,NaN,NaN,NaN,raw
810,0.1845812279752863,17.249,0.011,6150.63967,0.1845812279752863,0.8659755600110657,raw
810,0.18481688559891474,17.23585862198795,0.015351817698919436,NaN,NaN,NaN,raw
810,0.18487652729163528,17.211,0.01,6373.82932,0.18487652729163528,0.255853698028659,raw
810,0.18504847141021932,17.2375,0.029662495450714043,NaN,NaN,NaN,raw
810,0.18509195450443222,17.235061182228918,0.015966895787251443,NaN,NaN,NaN,raw
810,0.1852609974484949,17.249,0.012,6492.72482,0.1852609974484949,0.5665184450663219,raw
810,0.18530725122582226,17.23,0.011,5413.62771,0.18530725122582226,0.4396055618490209,raw
810,0.18535503502934908,17.235681664156623,0.015665452536409132,NaN,NaN,NaN,raw
810,0.18563198689673516,17.236223832831325,0.015996788775653675,NaN,NaN,NaN,raw
810,0.1856455003525988,17.237295180722892,0.02978310850786698,NaN,NaN,NaN,raw
810,0.18582380928637576,17.249,0.013,5707.73748,0.18582380928637576,0.5235584221190948,raw
810,0.18591088473555564,17.23573343373494,0.015671494035447636,NaN,NaN,NaN,raw
550,0.185919682324311,19.038,0.021,7522.80391,0.185919682324311,0.8466940608177538,raw
550,0.18607487725949753,19.009357142857144,0.024824177648380616,NaN,NaN,NaN,raw
810,0.1861839279870488,17.23690267319277,0.01707037206167124,NaN,NaN,NaN,raw
810,0.1862347142850922,17.19,0.01,6418.67629,0.1862347142850922,0.18095391284259676,raw
810,0.18623962405138858,17.237114457831325,0.029766039760734043,NaN,NaN,NaN,raw
810,0.18645949996762995,17.237698042168674,0.016504294773112552,NaN,NaN,NaN,raw
810,0.18674444017726563,17.23773719879518,0.016503747048619403,NaN,NaN,NaN,raw
810,0.1868302029215556,17.237,0.019,7313.52057,0.1868302029215556,0.2016165273525985,raw
810,0.18684032431642608,17.237620481927713,0.029536530064501146,NaN,NaN,NaN,raw
810,0.18702066874451145,17.236423004518073,0.018151973101139147,NaN,NaN,NaN,raw
810,0.1873019816613556,17.23596762048193,0.017903778689093933,NaN,NaN,NaN,raw
810,0.1874546263406736,17.237114457831325,0.02882768296023425,NaN,NaN,NaN,raw
550,0.1874551939628353,19.008690476190477,0.025382817317350054,NaN,NaN,NaN,raw
810,0.1875739958135248,17.234371046686746,0.01996031308248302,NaN,NaN,NaN,raw
810,0.18779273025938892,17.233,0.014,5816.55176,0.18779273025938892,0.2710709921502712,raw
810,0.18782800525529586,17.235988328313255,0.022174665401201738,NaN,NaN,NaN,raw
550,0.18805739301699628,18.99407142857143,0.037468888192973594,NaN,NaN,NaN,raw
810,0.18806921549296832,17.236993975903612,0.028827910925677623,NaN,NaN,NaN,raw
810,0.18808513975962393,17.235061746987952,0.021399836587247135,NaN,NaN,NaN,raw
810,0.1881798755366617,17.253,0.012,5358.70044,0.1881798755366617,0.9533209973360499,raw
810,0.18821634929008724,17.243,0.016,5468.55699,0.18821634929008724,0.9301894012387493,raw
810,0.18836050973153698,17.236211219879515,0.02053716659756107,NaN,NaN,NaN,raw
550,0.18838850654719863,18.994,0.016,7187.6728,0.18838850654719863,0.020444442352527403,raw
810,0.1886500267969057,17.23624736445783,0.020540240995218405,NaN,NaN,NaN,raw
810,0.18868543713359534,17.237481927710842,0.028160518868232353,NaN,NaN,NaN,raw
810,0.18880965180505882,17.239,0.01,7193.58295,0.18880965180505882,0.6619167878543522,raw
550,0.18890729146510812,18.99426026706979,0.0187529463078486,NaN,NaN,NaN,raw
550,0.18890729146510815,18.99426026706979,0.02014389567466987,NaN,NaN,NaN,raw
550,0.18890729146510815,18.994260267069787,0.019411143574864023,NaN,NaN,NaN,raw
810,0.18895502114856394,17.2359312876506,0.02041511128110396,NaN,NaN,NaN,raw
810,0.18917361266721855,17.211,0.02,5476.55321,0.18917361266721855,0.03364599685119174,raw
810,0.18925334705659774,17.237618787650604,0.020519365959636816,NaN,NaN,NaN,raw
810,0.18931523679384554,17.237855421686742,0.02840406822339502,NaN,NaN,NaN,raw
810,0.1895587863255765,17.236853162650604,0.020975937476323803,NaN,NaN,NaN,raw
810,0.18979959198259166,17.254,0.016,5752.58536,0.18979959198259166,0.4506050748132111,raw
810,0.18986212553754783,17.236537462349396,0.020862942325380208,NaN,NaN,NaN,raw
810,0.1899455971941564,17.23830722891566,0.028250323819576106,NaN,NaN,NaN,raw
810,0.19016406052752516,17.2373499623494,0.02110500643439214,NaN,NaN,NaN,raw
810,0.19024958832596894,17.274,0.011,5414.67237,0.19024958832596894,0.6740734688319208,raw
810,0.19045618480247523,17.236684487951806,0.021439868415730225,NaN,NaN,NaN,raw
810,0.19057888501813441,17.238451807228913,0.028356295272172052,NaN,NaN,NaN,raw
550,0.19069925250369124,18.993833333333335,0.00035234877587918517,NaN,NaN,NaN,raw
810,0.19074473967161903,17.237184487951808,0.021917589838169285,NaN,NaN,NaN,raw
810,0.19103087829846682,17.239215737951806,0.02036029373481479,NaN,NaN,NaN,raw
810,0.19121324511022056,17.23812048192771,0.028022673759204624,NaN,NaN,NaN,raw
810,0.19132126091211904,17.240337161144577,0.021211307464324397,NaN,NaN,NaN,raw
810,0.19152283289804473,17.195,0.012,6098.84264,0.19152283289804473,0.07509507065697107,raw
810,0.19159507549532365,17.240403990963856,0.021203821619637544,NaN,NaN,NaN,raw
810,0.1918507669030428,17.238427710843375,0.02810226266422702,NaN,NaN,NaN,raw
810,0.19188817235263056,17.240469314759032,0.021198188883597115,NaN,NaN,NaN,raw
810,0.19197691384033533,17.186,0.012,7100.76223,0.19197691384033533,0.1237130248991889,raw
810,0.19198879369650967,17.289,0.013,7163.68639,0.19198879369650967,0.7148872766483692,raw
810,0.19216819225104315,17.241028237951802,0.021342180463109307,NaN,NaN,NaN,raw
810,0.1924408977219771,17.243340737951804,0.02425459348423486,NaN,NaN,NaN,raw
810,0.19247390456908453,17.238349397590362,0.02814117386147143,NaN,NaN,NaN,raw
810,0.19270693881064957,17.242965926204818,0.02444773903043556,NaN,NaN,NaN,raw
810,0.19297545181381323,17.242778426204815,0.024391244045807656,NaN,NaN,NaN,raw
810,0.19309609940853945,17.23878313253012,0.028379483922431246,NaN,NaN,NaN,raw
810,0.19324510502777725,17.24268674698795,0.02439589741406974,NaN,NaN,NaN,raw
810,0.19330252417952504,17.241701229363656,0.014940238040210921,NaN,NaN,NaN,raw
810,0.19330252417952504,17.24170122936366,0.014892883759313712,NaN,NaN,NaN,raw
810,0.19330252417952506,17.241701229363656,0.014845976922298974,NaN,NaN,NaN,raw
810,0.19350433625329372,17.24317168674699,0.024443286461045616,NaN,NaN,NaN,raw
810,0.19371925266996076,17.2385,0.02789498705915271,NaN,NaN,NaN,raw
810,0.19377349826192897,17.24376543674699,0.024569123356118553,NaN,NaN,NaN,raw
810,0.19403260894828867,17.24468580572289,0.023843032567754878,NaN,NaN,NaN,raw
810,0.19430593958234743,17.24431532379518,0.024043850553620315,NaN,NaN,NaN,raw
810,0.1943410472283494,17.23888554216867,0.02812082430159604,NaN,NaN,NaN,raw
810,0.19442295634871698,17.265,0.011,6103.71071,0.19442295634871698,0.48761798140731116,raw
810,0.19456490633104526,17.243903802710843,0.023985368751031765,NaN,NaN,NaN,raw
810,0.1948225280175393,17.213,0.015,6196.53267,0.1948225280175393,0.02847403334089904,raw
810,0.19482683055157424,17.242956701807227,0.024798083136621366,NaN,NaN,NaN,raw
550,0.19486571766312755,18.978142857142856,0.02697201875867696,NaN,NaN,NaN,raw
810,0.19496785223157762,17.238897590361443,0.02811699141586199,NaN,NaN,NaN,raw
810,0.1949691709050967,17.256,0.012,6205.57155,0.1949691709050967,0.3621206504849397,raw
810,0.19499347715100157,17.216,0.012,7166.81626,0.19499347715100157,0.4094999429962627,raw
810,0.19505756509897765,17.265,0.011,6066.86032,0.19505756509897765,0.666744381584067,raw
810,0.19509123397512876,17.241915097891564,0.024143471308255938,NaN,NaN,NaN,raw
810,0.19536475540870157,17.241999435240963,0.024135695605422315,NaN,NaN,NaN,raw
810,0.1953911503442214,17.255,0.014,6827.86031,0.1953911503442214,0.4021366326669522,raw
810,0.1955318676882598,17.273,0.012,5994.8975,0.1955318676882598,0.7423940800908895,raw
810,0.19559226958410297,17.239138554216865,0.028116835596447228,NaN,NaN,NaN,raw
810,0.19563021371265962,17.24196442018072,0.024142316424970663,NaN,NaN,NaN,raw
550,0.1956518579468788,18.993428571428574,0.03774960883284674,NaN,NaN,NaN,raw
810,0.19589376507147074,17.2434094503012,0.022573494129632856,NaN,NaN,NaN,raw
810,0.19616406640293546,17.245021084337345,0.02400214216953326,NaN,NaN,NaN,raw
810,0.19621942375024776,17.239710843373494,0.028200163386795835,NaN,NaN,NaN,raw
810,0.19641526308987522,17.255,0.01,7596.50878,0.19641526308987522,0.4971895362068608,raw
810,0.1964330359550402,17.24675564759036,0.021471493654899323,NaN,NaN,NaN,raw
810,0.19651930532927508,17.307,0.017,5833.58951,0.19651930532927508,0.7138424031272734,raw
810,0.19658253033048823,17.225,0.013,6433.62872,0.19658253033048823,0.16334528075276467,raw
810,0.19670233729326153,17.24613064759036,0.02046988514754019,NaN,NaN,NaN,raw
810,0.1967722916378989,17.247,0.019,7889.9232,0.1967722916378989,0.09382857272430556,raw
810,0.19684525213693654,17.24006626506024,0.0279532370418381,NaN,NaN,NaN,raw
810,0.19697535930686788,17.24624811746988,0.020434546109524953,NaN,NaN,NaN,raw
810,0.19698083635012154,17.253,0.016,7281.54055,0.19698083635012154,0.7981854065492371,raw
810,0.19723153475019722,17.245254894578313,0.02155099870880569,NaN,NaN,NaN,raw
810,0.19742283608138678,17.258,0.01,6009.84699,0.19742283608138678,0.718496956391391,raw
810,0.19746515463072892,17.240451807228915,0.02822583326282487,NaN,NaN,NaN,raw
810,0.19748525144316031,17.245368034638553,0.02152387888213102,NaN,NaN,NaN,raw
810,0.19773153245463856,17.24605911144578,0.02166359445768607,NaN,NaN,NaN,raw
810,0.1979829185120519,17.24534450301205,0.0213941283507102,NaN,NaN,NaN,raw
810,0.19806181708372605,17.226,0.013,5355.57505,0.19806181708372605,0.2682907943981263,raw
810,0.19808652794092202,17.240831325301208,0.028142632073974664,NaN,NaN,NaN,raw
810,0.19824082449966168,17.247188253012048,0.02105640501671403,NaN,NaN,NaN,raw
810,0.19832717225108354,17.208,0.011,5294.73687,0.19832717225108354,0.1389082879104535,raw
810,0.19849463019451752,17.247291603915663,0.021022488479945332,NaN,NaN,NaN,raw
810,0.1987104978797139,17.240668674698796,0.028260131152887103,NaN,NaN,NaN,raw
810,0.19876093999474198,17.246729103915662,0.021022774455135396,NaN,NaN,NaN,raw
810,0.19903000132663384,17.248166603915664,0.02041778625270489,NaN,NaN,NaN,raw
810,0.19930053207245207,17.247456513554216,0.020207514959754317,NaN,NaN,NaN,raw
810,0.19933157089246423,17.24115060240964,0.028398595242654343,NaN,NaN,NaN,raw
810,0.19956609219034788,17.247175263554215,0.020161716741009222,NaN,NaN,NaN,raw
810,0.199707910836878,17.237,0.012,6454.83629,0.199707910836878,0.5251228448287293,raw
550,0.19975713492333722,18.980476190476192,0.02923735845201787,NaN,NaN,NaN,raw
810,0.19983007114374657,17.246987763554216,0.01994049020892239,NaN,NaN,NaN,raw
810,0.19995647638000055,17.24124096385542,0.028453935281516688,NaN,NaN,NaN,raw
810,0.20009265513489624,17.24932718373494,0.023126730109409133,NaN,NaN,NaN,raw
810,0.2003463925512875,17.249406814759034,0.023096918384989607,NaN,NaN,NaN,raw
810,0.20050040950991388,17.29,0.014,5650.72843,0.20050040950991388,0.5844656717872567,raw
550,0.20055678849530523,18.947,0.018,5831.50503,0.20055678849530523,0.25525907195151376,raw
810,0.20058393950768666,17.241506024096385,0.02830006895546825,NaN,NaN,NaN,raw
810,0.20060098609382349,17.248563064759036,0.023377466095446903,NaN,NaN,NaN,raw
810,0.20060643651959253,17.269,0.015,7799.88389,0.20060643651959253,0.5049014942014765,raw
810,0.20086466630390723,17.246551393072288,0.020816055021502973,NaN,NaN,NaN,raw
810,0.20112649419058207,17.247770143072287,0.020654619601034787,NaN,NaN,NaN,raw
810,0.20121060900448837,17.242108433734938,0.028110824852635972,NaN,NaN,NaN,raw
810,0.20129371359507786,17.207,0.009,6388.78386,0.20129371359507786,0.24275823508833128,raw
810,0.2013937748023337,17.248113893072286,0.020732776170001313,NaN,NaN,NaN,raw
810,0.20166522230666392,17.24792432228916,0.020836209110966845,NaN,NaN,NaN,raw
810,0.20183818684477978,17.242120481927707,0.02812500131840479,NaN,NaN,NaN,raw
810,0.20193381521984355,17.247604103915663,0.020834427607086554,NaN,NaN,NaN,raw
810,0.20220762628324887,17.247131024096383,0.020762505746778667,NaN,NaN,NaN,raw
810,0.20222203959565377,17.261,0.015,6736.7791,0.20222203959565377,0.584645129081764,raw
810,0.20246731018594427,17.24213253012048,0.028119343534876738,NaN,NaN,NaN,raw
810,0.20248299502055264,17.24711690512048,0.020767347337929714,NaN,NaN,NaN,raw
810,0.20275579130200064,17.247644766566264,0.02042514072211659,NaN,NaN,NaN,raw
810,0.2030290818970098,17.246962537650603,0.02101611001684325,NaN,NaN,NaN,raw
550,0.20306275832782766,19.001,0.041413487212222454,NaN,NaN,NaN,raw
810,0.20307551962105208,17.272,0.012,7823.87241,0.20307551962105208,0.8149718290551391,raw
810,0.20308963446696437,17.242204819277102,0.028137006382146505,NaN,NaN,NaN,raw
550,0.20322946260230745,18.971666666666668,0.02730079363925883,NaN,NaN,NaN,raw
810,0.20331270716811156,17.248054781626507,0.019798838353745414,NaN,NaN,NaN,raw
810,0.20349108451227949,17.238,0.016,5264.841,0.20349108451227949,0.1933546471846057,raw
810,0.20360343977154116,17.262,0.011,6419.72527,0.20360343977154116,0.4246620523954334,raw
810,0.2036034523036505,17.248125564759036,0.01977561566306498,NaN,NaN,NaN,raw
810,0.20371454896516056,17.242277108433733,0.028123456511133536,NaN,NaN,NaN,raw
810,0.20388907411688706,17.246,0.014,7257.55529,0.20388907411688706,0.49508802497985016,raw
810,0.20389407430618597,17.24817469879518,0.019759673617350922,NaN,NaN,NaN,raw
810,0.20397919419701793,17.267,0.017,6847.67919,0.20397919419701793,0.793585824114416,raw
810,0.20399495730089257,17.314,0.014,6039.74694,0.20399495730089257,0.6727774834344018,raw
810,0.20417682318261562,17.24739344879518,0.020688152628941848,NaN,NaN,NaN,raw
810,0.20433902107476778,17.242259036144578,0.02812266005843536,NaN,NaN,NaN,raw
810,0.20446704943105395,17.247456701807227,0.020671822746916382,NaN,NaN,NaN,raw
810,0.20456225645102677,17.228,0.016,6496.55565,0.20456225645102677,0.7604444038515794,raw
810,0.20475148913777183,17.24589420180723,0.019188872032946457,NaN,NaN,NaN,raw
810,0.20489151677499134,17.244114613214766,0.015232954588113213,NaN,NaN,NaN,raw
810,0.2049570720519552,17.242626506024095,0.027752897023062027,NaN,NaN,NaN,raw
810,0.204961022704083,17.264,0.014,5742.50886,0.204961022704083,0.8975487074676494,raw
810,0.20504128950273176,17.245954442771083,0.01917767416119788,NaN,NaN,NaN,raw
550,0.20532084486261568,19.000333333333334,0.0330050501186321,NaN,NaN,NaN,raw
810,0.20532527121395105,17.258,0.012,7630.58131,0.20532527121395105,0.3763796982657368,raw
810,0.2053379191871169,17.245516942771083,0.018790764865216712,NaN,NaN,NaN,raw
810,0.205531572275504,17.234,0.014,7965.71335,0.205531572275504,0.20461853346932912,raw
810,0.20557580957186924,17.242753012048194,0.027724496715816192,NaN,NaN,NaN,raw
810,0.20562750868430432,17.245596197289156,0.018781270917693035,NaN,NaN,NaN,raw
810,0.2059146369997534,17.247064947289157,0.017456625011556193,NaN,NaN,NaN,raw
550,0.20606884098378941,18.967,0.018,6048.78649,0.20606884098378941,0.007857192205847241,raw
810,0.20618479011035704,17.24286144578313,0.027740989610388882,NaN,NaN,NaN,raw
810,0.2061887946756268,17.247061182228915,0.017457738796347502,NaN,NaN,NaN,raw
810,0.20627695422444958,17.24,0.01,6116.57778,0.20627695422444958,0.009543748543364927,raw
810,0.2064662266312684,17.24655440512048,0.01727447538318932,NaN,NaN,NaN,raw
810,0.20674013414218526,17.245550263554215,0.018434748428924785,NaN,NaN,NaN,raw
810,0.20679129809006158,17.242891566265055,0.027754775531512902,NaN,NaN,NaN,raw
550,0.20683093527622987,19.033,0.019,7605.55123,0.20683093527622987,0.8384721788788738,raw
810,0.20683182698121527,17.219,0.017,6022.71321,0.20683182698121527,0.23860462221273337,raw
810,0.20701062529846273,17.24471366716867,0.017791948661876607,NaN,NaN,NaN,raw
810,0.20729996607660972,17.24520726656626,0.01793859812505993,NaN,NaN,NaN,raw
810,0.20740318092634058,17.24295180722891,0.027669654580296302,NaN,NaN,NaN,raw
810,0.20757706411263238,17.24544051204819,0.017890322324755667,NaN,NaN,NaN,raw
550,0.20776280277009174,19.001190476190477,0.0330643569524701,NaN,NaN,NaN,raw
810,0.2078556142290095,17.244409262048194,0.017856068964282695,NaN,NaN,NaN,raw
810,0.20801434221695936,17.24293373493975,0.027681770731189884,NaN,NaN,NaN,raw
810,0.20814106997925863,17.244400602409637,0.01785720350672301,NaN,NaN,NaN,raw
810,0.20842127047529446,17.245931852409637,0.019974161489406738,NaN,NaN,NaN,raw
810,0.20863147497359943,17.242722891566263,0.027607558584237503,NaN,NaN,NaN,raw
810,0.2087025715602402,17.245263177710843,0.019600785538662707,NaN,NaN,NaN,raw
810,0.2087558748826268,17.212,0.022,6576.51598,0.2087558748826268,0.7910105370738165,raw
810,0.2090027957764497,17.243122929216867,0.015068279615937798,NaN,NaN,NaN,raw
810,0.2092437163300271,17.243265060240958,0.027587913180099493,NaN,NaN,NaN,raw
810,0.2092925728946028,17.244052334337347,0.015907131764111626,NaN,NaN,NaN,raw
810,0.2095754943597029,17.242958584337348,0.01809876508298318,NaN,NaN,NaN,raw
810,0.20960248012488591,17.24,0.013,7474.83682,0.20960248012488591,0.24783587122510653,raw
810,0.2098575511864039,17.243433734939757,0.027659484765281267,NaN,NaN,NaN,raw
810,0.20986492470292017,17.243054781626505,0.018105122807707673,NaN,NaN,NaN,raw
810,0.2100985864199174,17.255,0.013,6862.63015,0.2100985864199174,0.7728329462206602,raw
810,0.2101734768288333,17.242502823795178,0.01771092579544447,NaN,NaN,NaN,raw
550,0.21038863205025596,19.00357142857143,0.045657107098144384,NaN,NaN,NaN,raw
810,0.21047747291448607,17.24464457831325,0.028674138926119985,NaN,NaN,NaN,raw
810,0.21048181968944846,17.254,0.012,6115.5363,0.21048181968944846,0.7818776794265432,raw
810,0.2104899802634145,17.24215079066265,0.017503701294525817,NaN,NaN,NaN,raw
810,0.21061123247272917,17.242,0.012,5824.55558,0.21061123247272917,0.39078355247147556,raw
810,0.21081897097863728,17.242554405120483,0.017458542596774044,NaN,NaN,NaN,raw
810,0.21109986217618507,17.244783132530117,0.02886207459847228,NaN,NaN,NaN,raw
810,0.21114885824338536,17.243468373493975,0.018218295296472477,NaN,NaN,NaN,raw
810,0.21123235053528333,17.21,0.016,6464.57442,0.21123235053528333,0.3544251623497985,raw
810,0.21146760720507762,17.24334770331325,0.018235225418411376,NaN,NaN,NaN,raw
550,0.21152494322082238,19.015428571428572,0.015524174696260377,NaN,NaN,NaN,raw
550,0.211720047635314,19.003537414965987,0.027745488197585,NaN,NaN,NaN,raw
550,0.211720047635314,19.003537414965987,0.026736221416955086,NaN,NaN,NaN,raw
550,0.211720047635314,19.003537414965987,0.025829643821509003,NaN,NaN,NaN,raw
810,0.21173123662193105,17.245228915662647,0.029047849887031327,NaN,NaN,NaN,raw
810,0.21178580418820792,17.243972703313254,0.018458164287975327,NaN,NaN,NaN,raw
810,0.2120944270455798,17.244107868975902,0.01846582703169009,NaN,NaN,NaN,raw
810,0.2123485393676674,17.258,0.009,7141.79169,0.2123485393676674,0.8833779980213876,raw
810,0.21235822166500476,17.245463855421683,0.02909787903678843,NaN,NaN,NaN,raw
810,0.21241144107680476,17.245014118975902,0.017896703747943114,NaN,NaN,NaN,raw
810,0.21251704349560896,17.229,0.013,6149.60644,0.21251704349560896,0.6559557683740422,raw
810,0.21271618246388108,17.246859375,0.02052789654169197,NaN,NaN,NaN,raw
810,0.21284913297313324,17.242,0.014,5337.85018,0.21284913297313324,0.3558090582937439,raw
810,0.21285548999003367,17.295,0.017,7589.56155,0.21285548999003367,0.6374624695763487,raw
810,0.21298082891528147,17.245602409638554,0.029030575212846712,NaN,NaN,NaN,raw
810,0.2130054913473477,17.24700809487952,0.02051577423404182,NaN,NaN,NaN,raw
810,0.21329429657085686,17.247181099397594,0.02050181020621016,NaN,NaN,NaN,raw
810,0.21359806516452728,17.248330572289156,0.019470926560867567,NaN,NaN,NaN,raw
810,0.21360213221959637,17.245512048192772,0.029011959488377096,NaN,NaN,NaN,raw
810,0.21361188885566662,17.272,0.012,7155.69802,0.21361188885566662,0.628221381426556,raw
810,0.2136157433342305,17.193,0.023,6167.68448,0.2136157433342305,0.3238479066276341,raw
810,0.21389443086489407,17.246322289156627,0.02300394974531792,NaN,NaN,NaN,raw
810,0.21418845643709644,17.245884789156626,0.02325977554937338,NaN,NaN,NaN,raw
810,0.21421884303490735,17.245704819277112,0.02900120542370166,NaN,NaN,NaN,raw
810,0.21447664121409327,17.24606739457831,0.023262849413885782,NaN,NaN,NaN,raw
810,0.21477580158798465,17.245894766566266,0.023214871435589538,NaN,NaN,NaN,raw
810,0.21483469073330316,17.246337349397596,0.029230236362031148,NaN,NaN,NaN,raw
810,0.21507364938424933,17.24662462349398,0.02353917132525692,NaN,NaN,NaN,raw
810,0.21537320498698653,17.246562123493973,0.023521605497821542,NaN,NaN,NaN,raw
810,0.21545338112054996,17.24673493975904,0.029413904911071515,NaN,NaN,NaN,raw
810,0.2154777717156148,17.246620817715556,0.014921283673960582,NaN,NaN,NaN,raw
810,0.21547777171561483,17.246620817715556,0.014968728256881047,NaN,NaN,NaN,raw
810,0.21547777171561483,17.24662081771556,0.014874287388173589,NaN,NaN,NaN,raw
810,0.215675234583428,17.24680082831325,0.02351257163839077,NaN,NaN,NaN,raw
810,0.21598092564177357,17.246966490963857,0.02351657198811607,NaN,NaN,NaN,raw
810,0.21605927516263243,17.246915662650608,0.02961212070400451,NaN,NaN,NaN,raw
810,0.21613220204380923,17.272,0.01,6900.5258,0.21613220204380923,0.8294578186596482,raw
810,0.21629409957388696,17.248341490963853,0.022551984888982916,NaN,NaN,NaN,raw
810,0.21638475688450853,17.239,0.012,7894.79708,0.21638475688450853,0.5187787407048745,raw
810,0.21645925768461893,17.26,0.014,6792.75526,0.21645925768461893,0.31444532830209937,raw
810,0.21659894193019685,17.248495105421686,0.022546840546530788,NaN,NaN,NaN,raw
810,0.21666722952596248,17.247216867469884,0.029784904939398303,NaN,NaN,NaN,raw
810,0.21690337519513447,17.248253953313252,0.022483078697090174,NaN,NaN,NaN,raw
810,0.21697627598041436,17.248,0.015,5832.55368,0.21697627598041436,0.49826136040610436,raw
810,0.21715490531278192,17.302,0.01,6447.88941,0.21715490531278192,0.6661444081510126,raw
810,0.21722626085492225,17.24840625,0.02248007528880481,NaN,NaN,NaN,raw
810,0.21727222648789107,17.247692771084342,0.02984985978600649,NaN,NaN,NaN,raw
550,0.2173552623359813,19.009714285714285,0.04423786851769658,NaN,NaN,NaN,raw
550,0.21753242603474413,19.00761904761905,0.0035060685969889056,NaN,NaN,NaN,raw
810,0.21755029439331297,17.249375,0.022283907534145133,NaN,NaN,NaN,raw
810,0.21787324212589257,17.24825903614458,0.030229612357881387,NaN,NaN,NaN,raw
810,0.21787672835646094,17.249645707831327,0.02224400677269593,NaN,NaN,NaN,raw
810,0.21821921900081792,17.247989457831327,0.02067594420868202,NaN,NaN,NaN,raw
810,0.2184764698800813,17.24878313253012,0.03003676462130467,NaN,NaN,NaN,raw
810,0.21856032269717374,17.248153614457834,0.020677233989806615,NaN,NaN,NaN,raw
810,0.21872741874176427,17.179,0.016,6140.56977,0.21872741874176427,0.32703621465225297,raw
810,0.2189006588470011,17.24795011295181,0.020736032020989864,NaN,NaN,NaN,raw
810,0.21901129843536182,17.226,0.011,6784.76026,0.21901129843536182,0.2135982428153511,raw
810,0.21907946405030176,17.249277108433734,0.029970010567337994,NaN,NaN,NaN,raw
810,0.21924069632381962,17.247299134036147,0.02027860390178734,NaN,NaN,NaN,raw
810,0.21959945907119527,17.24912518825301,0.01769806884110205,NaN,NaN,NaN,raw
810,0.21967171838444202,17.24947590361446,0.02990402867502491,NaN,NaN,NaN,raw
810,0.21995294272180577,17.249384412650603,0.017707102105531686,NaN,NaN,NaN,raw
810,0.22000860239495523,17.268,0.011,7871.85362,0.22000860239495523,0.4440318899250997,raw
810,0.22006759897703887,17.252,0.016,7936.86368,0.22006759897703887,0.4968267715194088,raw
810,0.22027617955885592,17.24963855421687,0.029870864821256317,NaN,NaN,NaN,raw
810,0.22029235012417636,17.24954856927711,0.01770229137084744,NaN,NaN,NaN,raw
810,0.2206152681497593,17.24871310240964,0.018454276532097236,NaN,NaN,NaN,raw
810,0.22088197604324408,17.2500843373494,0.029220252345487887,NaN,NaN,NaN,raw
810,0.22092196396671426,17.247090737951808,0.02075588563781253,NaN,NaN,NaN,raw
810,0.2212265812731974,17.24834073795181,0.023347135909698603,NaN,NaN,NaN,raw
810,0.2212539163629117,17.254,0.014,5695.92979,0.2212539163629117,0.26758579887427913,raw
810,0.22148619202384742,17.250144578313254,0.02923245706718371,NaN,NaN,NaN,raw
810,0.22152557326581956,17.249215737951808,0.023509895024163487,NaN,NaN,NaN,raw
810,0.2218327971050142,17.24895839608434,0.02343298586766278,NaN,NaN,NaN,raw
810,0.2220904038456712,17.25028313253012,0.029214742311196272,NaN,NaN,NaN,raw
810,0.22213620531566067,17.248701618975904,0.02349761583930953,NaN,NaN,NaN,raw
810,0.22243179497330023,17.248389118975904,0.023573621010264417,NaN,NaN,NaN,raw
810,0.222690562778213,17.25033734939759,0.02927664375052856,NaN,NaN,NaN,raw
810,0.22273575799465356,17.246822853915663,0.021467708830698786,NaN,NaN,NaN,raw
810,0.22288611672411207,17.26,0.014,6179.50771,0.22288611672411207,0.6130596998154942,raw
550,0.22295055806760156,19.025428571428574,0.027341752478058704,NaN,NaN,NaN,raw
810,0.22305152467810418,17.245926204819277,0.022022250692524226,NaN,NaN,NaN,raw
810,0.22329501979386926,17.250662650602415,0.02962667803034194,NaN,NaN,NaN,raw
810,0.2233486525479133,17.24485560993976,0.022726656365337734,NaN,NaN,NaN,raw
810,0.2236295994122195,17.244950677710843,0.022749966427787947,NaN,NaN,NaN,raw
810,0.2238151906094572,17.242,0.011,6444.7629,0.2238151906094572,0.9787185893583228,raw
810,0.22389614719866652,17.25085542168675,0.029654426837037746,NaN,NaN,NaN,raw
810,0.22392097484426615,17.247228539156627,0.019324927326420244,NaN,NaN,NaN,raw
810,0.22422166467957932,17.248044804216867,0.01894729216665908,NaN,NaN,NaN,raw
810,0.22449288901407272,17.239,0.016,5999.77463,0.22449288901407272,0.17429581192845944,raw
810,0.224493088113859,17.251168674698796,0.029664924406630693,NaN,NaN,NaN,raw
810,0.22453081984796763,17.247442394578314,0.019211454885654105,NaN,NaN,NaN,raw
810,0.22482911114295612,17.247522213855422,0.019225477180832343,NaN,NaN,NaN,raw
550,0.22485338371799507,19.009571428571427,0.04444134299312958,NaN,NaN,NaN,raw
810,0.22509615125025184,17.25143373493976,0.029499950804718844,NaN,NaN,NaN,raw
810,0.22513555233851298,17.247027861445783,0.018882258135402577,NaN,NaN,NaN,raw
810,0.2254586341696035,17.247046310240965,0.018887560502703262,NaN,NaN,NaN,raw
810,0.2255303198544425,17.254,0.01,7126.84744,0.2255303198544425,0.9184831815982761,raw
810,0.22569572760916212,17.251590361445786,0.029582564948960628,NaN,NaN,NaN,raw
810,0.2257867579392041,17.22,0.013,7945.55685,0.2257867579392041,0.09101949924297514,raw
810,0.22578688692079096,17.246620105421687,0.018980827863259535,NaN,NaN,NaN,raw
810,0.22587354130519088,17.195,0.011,6460.75539,0.22587354130519088,0.18573872771776223,raw
810,0.2258799558512692,17.312,0.014,6165.60286,0.2258799558512692,0.8713819516433432,raw
810,0.2259525006484182,17.267,0.012,7178.64703,0.2259525006484182,0.7148393643310555,raw
810,0.22610288684160026,17.24669860692771,0.019000801714221877,NaN,NaN,NaN,raw
810,0.2262904205388469,17.251765060240963,0.029402724811826292,NaN,NaN,NaN,raw
810,0.22637629226665013,17.239,0.01,6490.65323,0.22637629226665013,0.13550608561308763,raw
810,0.22642607703878243,17.2466656626506,0.018988643956581012,NaN,NaN,NaN,raw
810,0.2264351450248796,17.238,0.012,5969.87764,0.2264351450248796,0.2263465553496644,raw
550,0.2266430281488283,19.057,0.02,6838.64824,0.2266430281488283,0.4769010227792023,raw
810,0.22674632531087047,17.246223644578315,0.01906950607895391,NaN,NaN,NaN,raw
810,0.2268817219960894,17.25187951807229,0.02940146258590855,NaN,NaN,NaN,raw
810,0.22706168962836354,17.245933546686746,0.019076367687008853,NaN,NaN,NaN,raw
550,0.22718137276947448,19.007649386107715,0.02056928621367345,NaN,NaN,NaN,raw
810,0.22735878012883345,17.246019766566263,0.019103129980338848,NaN,NaN,NaN,raw
810,0.227376760358311,17.219,0.012,6211.49282,0.227376760358311,0.027378039090763195,raw
810,0.22738133395978366,17.214,0.01,6761.81845,0.22738133395978366,0.14238064753044455,raw
810,0.22746676953787953,17.25182530120482,0.0294373431911093,NaN,NaN,NaN,raw
810,0.22765503766879133,17.245863516566267,0.01900529064037589,NaN,NaN,NaN,raw
550,0.22768446482864202,19.02635714285714,0.026577860204713144,NaN,NaN,NaN,raw
810,0.2279520003793083,17.24595651355422,0.019036786133421624,NaN,NaN,NaN,raw
810,0.22805143256725816,17.251891566265062,0.029398005311922503,NaN,NaN,NaN,raw
810,0.22825142179147054,17.246316453313256,0.01906842803018402,NaN,NaN,NaN,raw
810,0.22855147499469852,17.246383471385542,0.019088653284528724,NaN,NaN,NaN,raw
810,0.22863337316538304,17.25212048192771,0.029280212613221036,NaN,NaN,NaN,raw
810,0.22884288387003993,17.246258471385545,0.01915155597301202,NaN,NaN,NaN,raw
810,0.22897242943872698,17.23,0.014,6350.89993,0.22897242943872698,0.211201771386186,raw
810,0.22914015796805037,17.246337537650604,0.019177686341862586,NaN,NaN,NaN,raw
810,0.22921703982407404,17.252030120481926,0.02929751767306536,NaN,NaN,NaN,raw
810,0.2294347244558807,17.244823983433733,0.020619562521002468,NaN,NaN,NaN,raw
810,0.22971853355739613,17.24482040662651,0.02061792930419186,NaN,NaN,NaN,raw
810,0.22981472065277492,17.252180722891563,0.02915960035404452,NaN,NaN,NaN,raw
810,0.23001188733208627,17.243989457831326,0.020870561358781327,NaN,NaN,NaN,raw
550,0.23014303440093153,19.017833333333332,0.03679107681671252,NaN,NaN,NaN,raw
810,0.23030684081783911,17.245067959337348,0.020478942606958612,NaN,NaN,NaN,raw
810,0.2304062175719345,17.252590361445783,0.02964478027316653,NaN,NaN,NaN,raw
810,0.2306181371326368,17.246945406626505,0.018387945355435288,NaN,NaN,NaN,raw
810,0.230780267596856,17.236,0.013,5694.89016,0.230780267596856,0.043876773797819624,raw
810,0.23094822778159835,17.24517752259036,0.014166576617878878,NaN,NaN,NaN,raw
810,0.23099397350914108,17.252596385542166,0.029648032060127286,NaN,NaN,NaN,raw
810,0.2312844962427813,17.24514627259036,0.014117904989830012,NaN,NaN,NaN,raw
550,0.2315569826191027,19.012499999999996,0.04482744694938599,NaN,NaN,NaN,raw
810,0.23159600267274116,17.252945783132528,0.029388774609012736,NaN,NaN,NaN,raw
810,0.2316207699565239,17.24526280120482,0.014189506082560569,NaN,NaN,NaN,raw
810,0.23173413673066534,17.236,0.014,7174.82492,0.23173413673066534,0.5395649861056881,raw
810,0.23197347229556253,17.24578219126506,0.014256895249480461,NaN,NaN,NaN,raw
810,0.23218206200544955,17.241,0.012,7092.78032,0.23218206200544955,0.050864699680460035,raw
810,0.23219745879324988,17.253096385542168,0.0294324555788669,NaN,NaN,NaN,raw
550,0.23222909243486356,18.984,0.014,6395.74756,0.23222909243486356,0.1377136883984349,raw
810,0.23234337778093922,17.24634111445783,0.014292508167270927,NaN,NaN,NaN,raw
810,0.23236635800276417,17.255,0.013,7495.70357,0.23236635800276417,0.8806189757997345,raw
810,0.2327183343890864,17.246475903614456,0.014366571105275299,NaN,NaN,NaN,raw
810,0.23279782653041245,17.253638554216863,0.029481202357476827,NaN,NaN,NaN,raw
810,0.23308150781482606,17.247007153614454,0.013612301542875571,NaN,NaN,NaN,raw
550,0.23331728627891565,18.998499999999996,0.014256577429380241,NaN,NaN,NaN,raw
810,0.23339667579864865,17.253518072289154,0.029541080362584612,NaN,NaN,NaN,raw
810,0.23345776292679954,17.24741340361446,0.012762937911533389,NaN,NaN,NaN,raw
810,0.23349784970196197,17.253,0.012,7228.71086,0.23349784970196197,0.7985043229109579,raw
810,0.23381797302499763,17.235,0.011,6697.85359,0.23381797302499763,0.32520870198823104,raw
810,0.23383350037006112,17.247545368975903,0.012831673986490674,NaN,NaN,NaN,raw
810,0.23400585925019296,17.25369879518072,0.029488049943132966,NaN,NaN,NaN,raw
810,0.23420080442371016,17.24714250753012,0.012893043837413068,NaN,NaN,NaN,raw
550,0.23432255896696494,19.00638822145667,0.020716632679578652,NaN,NaN,NaN,raw
550,0.23432255896696494,19.00638822145667,0.01996304676243373,NaN,NaN,NaN,raw
550,0.23432255896696494,19.006388221456675,0.01928613544241496,NaN,NaN,NaN,raw
810,0.23452227886082255,17.203,0.015,6852.55687,0.23452227886082255,0.22666397445027542,raw
810,0.2345591600398993,17.24725489457831,0.01295336946240353,NaN,NaN,NaN,raw
810,0.23461221110293595,17.25388554216868,0.029556194582339598,NaN,NaN,NaN,raw
810,0.23492580452324352,17.248075677710844,0.012653415926978457,NaN,NaN,NaN,raw
810,0.23508304839924676,17.225,0.016,5397.65324,0.23508304839924676,0.2711291713912942,raw
810,0.2352252694832955,17.25451204819277,0.029294893122389278,NaN,NaN,NaN,raw
810,0.23530383285551432,17.24823042168675,0.01273336281046216,NaN,NaN,NaN,raw
550,0.23532281249572407,18.98566666666667,0.01258305739211706,NaN,NaN,NaN,raw
810,0.23568222154364848,17.248378953313257,0.012808428666072218,NaN,NaN,NaN,raw
810,0.23583502337871587,17.255078313253012,0.029857437216506758,NaN,NaN,NaN,raw
810,0.23605257155662787,17.249454254518074,0.014505371368449854,NaN,NaN,NaN,raw
550,0.23616578378278064,18.999,0.014,7141.79997,0.23616578378278064,0.901088443784829,raw
810,0.23641952202862798,17.250106927710846,0.014349503074069847,NaN,NaN,NaN,raw
810,0.2364428566180399,17.255427710843374,0.029936764924118696,NaN,NaN,NaN,raw
810,0.23671309140627272,17.266,0.016,5785.62816,0.23671309140627272,0.12726174477393215,raw
810,0.23678872039407617,17.250525790662653,0.014617635682828142,NaN,NaN,NaN,raw
810,0.2370511793786092,17.25549397590362,0.029943532106374453,NaN,NaN,NaN,raw
810,0.23714886252452988,17.25066792168675,0.014663963140247194,NaN,NaN,NaN,raw
550,0.23749302465767827,18.99495238095238,0.0192504086006634,NaN,NaN,NaN,raw
810,0.2375118543724945,17.25176167168675,0.014838866246864224,NaN,NaN,NaN,raw
550,0.237573561269528,18.974,0.014,7877.76973,0.237573561269528,0.09825233406809275,raw
810,0.23766276711588702,17.255620481927714,0.02993478673276354,NaN,NaN,NaN,raw
810,0.23786827256760507,17.251699171686752,0.01488978019618206,NaN,NaN,NaN,raw
810,0.23822833369962143,17.251847703313256,0.014927825590321128,NaN,NaN,NaN,raw
810,0.23827212055693306,17.255885542168677,0.029981491795945274,NaN,NaN,NaN,raw
810,0.23860234514733036,17.251951807228917,0.014962094965202191,NaN,NaN,NaN,raw
550,0.23873972892072612,19.011857142857142,0.044496943962232235,NaN,NaN,NaN,raw
810,0.23888033345679927,17.25619277108434,0.02977937371640344,NaN,NaN,NaN,raw
810,0.23898209590665404,17.25210862198795,0.015006574297480714,NaN,NaN,NaN,raw
810,0.23899830998198013,17.236,0.012,6468.75584,0.23899830998198013,0.2982430510564882,raw
810,0.2393477397630412,17.252654932228914,0.015373272253746737,NaN,NaN,NaN,raw
810,0.23942149754293496,17.227,0.01,6101.64047,0.23942149754293496,0.05949319463252323,raw
810,0.23949036772224996,17.256048192771086,0.029848264195795515,NaN,NaN,NaN,raw
810,0.23971711289947767,17.251561182228915,0.01654809851609167,NaN,NaN,NaN,raw
810,0.23980516228402848,17.239,0.011,7111.90357,0.23980516228402848,0.9544011634134222,raw
810,0.24008418476632382,17.252306664156627,0.01631363558514276,NaN,NaN,NaN,raw
810,0.24010075288343471,17.255716867469882,0.02995286122530416,NaN,NaN,NaN,raw
810,0.2404515607156818,17.253441076807228,0.017623156392604238,NaN,NaN,NaN,raw
550,0.2406998012935392,19.00097619047619,0.023507091128706085,NaN,NaN,NaN,raw
810,0.24070505290574257,17.256265060240967,0.029666258493895932,NaN,NaN,NaN,raw
810,0.24081598177076316,17.255189759036146,0.015044155187117577,NaN,NaN,NaN,raw
810,0.24083948385783496,17.254046237561003,0.013079889404319119,NaN,NaN,NaN,raw
810,0.240839483857835,17.254046237561006,0.013038431647401896,NaN,NaN,NaN,raw
810,0.240839483857835,17.254046237561006,0.01299736561894854,NaN,NaN,NaN,raw
810,0.24119043956005726,17.255474585843373,0.015104824698632292,NaN,NaN,NaN,raw
810,0.24131394645673826,17.256981927710843,0.029394592966315233,NaN,NaN,NaN,raw
810,0.24155236081873,17.257412085843377,0.015046008965932367,NaN,NaN,NaN,raw
810,0.24191404022457677,17.257561935240965,0.015040072016211086,NaN,NaN,NaN,raw
810,0.24192315867306874,17.25693373493976,0.02934830242205824,NaN,NaN,NaN,raw
810,0.2422574179872754,17.287,0.009,6737.83596,0.2422574179872754,0.8452081373088731,raw
810,0.24227597415980756,17.257695030120484,0.01503622895326299,NaN,NaN,NaN,raw
810,0.24252268270085925,17.256885542168675,0.029341544164319222,NaN,NaN,NaN,raw
810,0.24262635502017266,17.256931664156628,0.01575781447571185,NaN,NaN,NaN,raw
810,0.2428083212034835,17.266,0.014,6815.70914,0.2428083212034835,0.4114799622766441,raw
810,0.24296890229501306,17.25671291415663,0.015676242839829407,NaN,NaN,NaN,raw
810,0.24312055084725895,17.257493975903614,0.029472893964486074,NaN,NaN,NaN,raw
810,0.24331219881909621,17.256842055722892,0.015682897817383766,NaN,NaN,NaN,raw
810,0.24334987586553325,17.271,0.01,6015.77296,0.24334987586553325,0.39380737580177083,raw
810,0.2435874442489876,17.239,0.012,5766.50995,0.2435874442489876,0.23450555237286608,raw
810,0.243643679545858,17.257947665662652,0.016801218053310887,NaN,NaN,NaN,raw
810,0.24371941501777403,17.25784939759036,0.02980860511712756,NaN,NaN,NaN,raw
810,0.24396111316282318,17.257763742469884,0.01685664348672588,NaN,NaN,NaN,raw
810,0.2442667739834871,17.257878388554218,0.016858089976858195,NaN,NaN,NaN,raw
810,0.24433472432945083,17.258331325301203,0.02977458516703963,NaN,NaN,NaN,raw
810,0.24457474868005527,17.25962838855422,0.017411223308110006,NaN,NaN,NaN,raw
810,0.24488302402605713,17.26066039156627,0.016361969563332357,NaN,NaN,NaN,raw
810,0.24494985082876966,17.258656626506024,0.030140622714892193,NaN,NaN,NaN,raw
810,0.24509727920303703,17.271,0.011,6389.84203,0.24509727920303703,0.5061232582847879,raw
810,0.2452087196352384,17.260791415662652,0.01634061798054511,NaN,NaN,NaN,raw
810,0.2453177900679293,17.218,0.013,6543.5022,0.2453177900679293,0.17642598498787265,raw
810,0.24552502803022416,17.26163516566265,0.015869398406983225,NaN,NaN,NaN,raw
810,0.24556427276407505,17.258855421686746,0.030225067874248373,NaN,NaN,NaN,raw
810,0.24576188962964807,17.29,0.016,6523.68646,0.24576188962964807,0.7916930736973882,raw
550,0.24576585163677442,19.019142857142857,0.00851259570955327,NaN,NaN,NaN,raw
550,0.2457861136903635,19.017071428571427,0.046476568597213004,NaN,NaN,NaN,raw
810,0.2458466416170269,17.260112763554215,0.018563561594729383,NaN,NaN,NaN,raw
810,0.2461539181122922,17.26024924698795,0.01855041051691778,NaN,NaN,NaN,raw
810,0.24618375262342665,17.2589578313253,0.030301985615435217,NaN,NaN,NaN,raw
810,0.24644477553985875,17.261249811746985,0.019219902243254372,NaN,NaN,NaN,raw
810,0.2465948603603465,17.263,0.017,6817.79634,0.2465948603603465,0.8758812176656647,raw
810,0.24666452867677435,17.287,0.012,6544.54561,0.24666452867677435,0.4082202135650732,raw
810,0.24673349083008683,17.261374623493978,0.019203931590343302,NaN,NaN,NaN,raw
810,0.2467990104703924,17.259307228915663,0.030589098010942343,NaN,NaN,NaN,raw
810,0.24703101288353713,17.26057078313253,0.018626371466268138,NaN,NaN,NaN,raw
810,0.24733279429171937,17.26085560993976,0.018637884144493338,NaN,NaN,NaN,raw
810,0.24741690930610077,17.25933734939759,0.030638766138790335,NaN,NaN,NaN,raw
810,0.24763221819483144,17.260697289156624,0.018614278032027344,NaN,NaN,NaN,raw
810,0.24765504414972384,17.231,0.01,6403.74881,0.24765504414972384,0.25192916591731773,raw
810,0.2476746042011655,17.259,0.009,7154.66692,0.2476746042011655,0.4227575377935864,raw
810,0.247938588734596,17.26036935240964,0.018764366453453835,NaN,NaN,NaN,raw
810,0.24803666814927033,17.259626506024095,0.030539080116873413,NaN,NaN,NaN,raw
810,0.24824029212262244,17.26005704066265,0.018664627876622878,NaN,NaN,NaN,raw
810,0.24827015037226374,17.291,0.011,6545.58911,0.24827015037226374,0.6402069469859271,raw
810,0.24842999629981932,17.25,0.012,6096.77654,0.24842999629981932,0.6558255067629943,raw
810,0.24854156821921547,17.26143204066265,0.018684044226717354,NaN,NaN,NaN,raw
810,0.24866147971804448,17.259861445783134,0.030591325097654366,NaN,NaN,NaN,raw
810,0.24884916094839274,17.26199924698795,0.018846573865089283,NaN,NaN,NaN,raw
810,0.2488535002721619,17.292,0.015,5627.80052,0.2488535002721619,0.5429793803778011,raw
810,0.24913931866927244,17.26209092620482,0.018835287882552763,NaN,NaN,NaN,raw
810,0.24928630861499385,17.260024096385543,0.03062638035127492,NaN,NaN,NaN,raw
810,0.24941763265114622,17.261195406626506,0.019666723752896693,NaN,NaN,NaN,raw
810,0.24969278223027067,17.260695406626503,0.01961272935095116,NaN,NaN,NaN,raw
810,0.2499126272160505,17.260240963855424,0.03073921209591221,NaN,NaN,NaN,raw
810,0.2499270309235726,17.266,0.014,5341.68719,0.2499270309235726,0.5629536831202131,raw
810,0.2499715045617135,17.262059299698798,0.017999023604599856,NaN,NaN,NaN,raw
810,0.25025806665706896,17.261563817771084,0.01830568955101091,NaN,NaN,NaN,raw
810,0.2503923876611225,17.207,0.011,6379.7621,0.2503923876611225,0.9457303173949185,raw
550,0.2504527622132584,19.037857142857145,0.026722592291459634,NaN,NaN,NaN,raw
550,0.2505056441817203,19.02529532967033,0.028131164917826978,NaN,NaN,NaN,raw
550,0.2505056441817203,19.02529532967033,0.02785935984870219,NaN,NaN,NaN,raw
810,0.25053790075423193,17.260632530120485,0.03071438162177744,NaN,NaN,NaN,raw
810,0.2505421248674834,17.260678840361443,0.017555792771242043,NaN,NaN,NaN,raw
810,0.25062138413886714,17.289,0.014,5634.75408,0.25062138413886714,0.41624595445682644,raw
810,0.2508229807047302,17.26014890813253,0.01786267721727455,NaN,NaN,NaN,raw
810,0.2511002466291883,17.260107304216866,0.017857372143177903,NaN,NaN,NaN,raw
810,0.25116204796036784,17.260927710843376,0.03043972011679164,NaN,NaN,NaN,raw
810,0.2513852418557816,17.25879480421687,0.017353391868762023,NaN,NaN,NaN,raw
810,0.25167217221300675,17.258410203313254,0.017477605898235993,NaN,NaN,NaN,raw
810,0.2517781236976852,17.261277108433738,0.030496224606080917,NaN,NaN,NaN,raw
810,0.2519429771773366,17.25848964608434,0.017487730753456606,NaN,NaN,NaN,raw
810,0.2521796877626912,17.266,0.02,5856.55358,0.2521796877626912,0.832672863467451,raw
810,0.252217644047264,17.259270896084338,0.01676346736387458,NaN,NaN,NaN,raw
810,0.25238988610306984,17.260933734939762,0.030491754581867425,NaN,NaN,NaN,raw
810,0.25249960421521095,17.25936746987952,0.016770756549146462,NaN,NaN,NaN,raw
810,0.2527707410576413,17.259316641566265,0.016772410846523936,NaN,NaN,NaN,raw
550,0.2527717122992336,19.0285,0.04757948814676022,NaN,NaN,NaN,raw
550,0.25280046065017814,19.068,0.021,6133.62867,0.25280046065017814,0.48042086692657904,raw
810,0.25292440811972483,17.247,0.012,7222.80761,0.25292440811972483,0.1717906822086661,raw
810,0.253004384282379,17.26100602409639,0.030525200118561132,NaN,NaN,NaN,raw
810,0.25305338424304696,17.25841980421687,0.01576036371623895,NaN,NaN,NaN,raw
810,0.2532282793399645,17.283,0.015,6203.50592,0.2532282793399645,0.9438563896728738,raw
810,0.25334725250790885,17.25713855421687,0.017977543065021355,NaN,NaN,NaN,raw
810,0.253562382351447,17.276,0.014,5596.86155,0.253562382351447,0.36629458331844944,raw
810,0.25361977139760183,17.261265060240966,0.030245293883802187,NaN,NaN,NaN,raw
810,0.253635282906986,17.255986634036145,0.01895199282784207,NaN,NaN,NaN,raw
810,0.2538558982487302,17.23,0.013,6204.54908,0.2538558982487302,0.17511588256820687,raw
810,0.25386225826458,17.260456732977325,0.015376619585244476,NaN,NaN,NaN,raw
810,0.2539020657350193,17.255,0.015,7207.51147,0.2539020657350193,0.45422331032568763,raw
810,0.2539193798567461,17.25505252259036,0.017822702852359724,NaN,NaN,NaN,raw
810,0.2542095377779825,17.255121611445784,0.017846865335687058,NaN,NaN,NaN,raw
810,0.2542369046741003,17.261644578313255,0.03063470305116774,NaN,NaN,NaN,raw
550,0.25440539350400243,19.04251157770801,0.01898303643889419,NaN,NaN,NaN,raw
550,0.2544053935040025,19.042511577708005,0.020391052122487017,NaN,NaN,NaN,raw
550,0.2544053935040025,19.042511577708005,0.01964930948733272,NaN,NaN,NaN,raw
810,0.25449973417862126,17.255174134036146,0.017864881436280056,NaN,NaN,NaN,raw
810,0.25473425981545006,17.243,0.012,6076.61519,0.25473425981545006,0.5318526003247825,raw
810,0.2548060054604504,17.254205384036148,0.018097886804945947,NaN,NaN,NaN,raw
810,0.2548517523629093,17.26168072289157,0.030650530502428885,NaN,NaN,NaN,raw
550,0.25501778542526327,19.043166666666668,0.02162367529661356,NaN,NaN,NaN,raw
810,0.25510076185980507,17.255921498493976,0.015953963267962428,NaN,NaN,NaN,raw
810,0.25517113941532443,17.242,0.017,7938.61412,0.25517113941532443,0.24091767487334437,raw
810,0.25540510345320044,17.25674548192771,0.016860289613251266,NaN,NaN,NaN,raw
810,0.2554673699430048,17.261668674698793,0.030660286929455997,NaN,NaN,NaN,raw
810,0.25571245006266496,17.25590982680723,0.015842011787545136,NaN,NaN,NaN,raw
810,0.25578437592776027,17.245,0.009,6722.89183,0.25578437592776027,0.880569994011239,raw
810,0.2559807819015987,17.247,0.01,6387.75993,0.2559807819015987,0.05263061079494946,raw
810,0.2560136946707194,17.256162085843375,0.01598808692373958,NaN,NaN,NaN,raw
810,0.2560826681646538,17.26187951807229,0.030782678163503822,NaN,NaN,NaN,raw
810,0.2563045456814703,17.256201807228916,0.016002777021377618,NaN,NaN,NaN,raw
810,0.2564443839874002,17.256,0.019,5841.60623,0.2564443839874002,0.8611473246000969,raw
810,0.25660272405080997,17.2561140813253,0.015954954505681268,NaN,NaN,NaN,raw
810,0.25669732957546976,17.262090361445782,0.030793116564377734,NaN,NaN,NaN,raw
810,0.25671304710704135,17.258,0.011,6390.88901,0.25671304710704135,0.7455535123899608,raw
810,0.25689899913016323,17.259459902108432,0.02541804221638741,NaN,NaN,NaN,raw
810,0.2571934680603335,17.259971009036143,0.02532367852581222,NaN,NaN,NaN,raw
550,0.25729406226322943,19.06266666666667,0.027392213005403614,NaN,NaN,NaN,raw
810,0.25731473230524604,17.26230120481928,0.030946379800907864,NaN,NaN,NaN,raw
810,0.257505092376038,17.26005704066265,0.025331983203397853,NaN,NaN,NaN,raw
810,0.25781472014908724,17.26043204066265,0.025767647624824343,NaN,NaN,NaN,raw
810,0.25783378077539965,17.209,0.012,7153.62751,0.25783378077539965,0.19951908011717023,raw
810,0.25787845248851227,17.223,0.02,6931.48092,0.25787845248851227,0.040686540723982034,raw
810,0.2579446026644861,17.26210843373494,0.030721234211394256,NaN,NaN,NaN,raw
810,0.25812857410955425,17.260051957831323,0.025619884882144325,NaN,NaN,NaN,raw
810,0.25846026052191373,17.260139118975903,0.02562888799549616,NaN,NaN,NaN,raw
810,0.25857136209455656,17.262234939759036,0.030623009506063777,NaN,NaN,NaN,raw
810,0.2588043010641528,17.261213478915664,0.025038496432328885,NaN,NaN,NaN,raw
810,0.25915337614819844,17.262432228915664,0.025667560049617545,NaN,NaN,NaN,raw
810,0.2591989120364924,17.26192168674699,0.030869812843884105,NaN,NaN,NaN,raw
550,0.25948118332637804,19.032999999999998,0.044172737850746366,NaN,NaN,NaN,raw
810,0.2595051408049146,17.262524284638555,0.02566992640593691,NaN,NaN,NaN,raw
550,0.25960054281313205,19.087,0.015,7110.86751,0.25960054281313205,0.738328163864935,raw
550,0.2597026146633133,19.05333333333333,0.02936551265231688,NaN,NaN,NaN,raw
810,0.2597277119421051,17.235,0.01,6372.8124,0.2597277119421051,0.08072006223301287,raw
810,0.2598245924404708,17.261915662650605,0.030870680340895476,NaN,NaN,NaN,raw
810,0.2598441536065609,17.263399284638556,0.02545928997851504,NaN,NaN,NaN,raw
550,0.2600261178504297,19.04,0.018,5690.72856,0.2600261178504297,0.14245272989865043,raw
810,0.2601826687806791,17.262815512048192,0.025712875460465707,NaN,NaN,NaN,raw
810,0.2602768317428854,17.287,0.014,5444.59438,0.2602768317428854,0.6755390723865276,raw
810,0.2604564756417299,17.262259036144584,0.030875297711314864,NaN,NaN,NaN,raw
810,0.26051541804965683,17.262878012048194,0.025663029671554243,NaN,NaN,NaN,raw
810,0.2608018754181103,17.269,0.016,7273.56685,0.2608018754181103,0.7428978011030267,raw
810,0.26084815348870616,17.26297326807229,0.025664053173040675,NaN,NaN,NaN,raw
810,0.26108535604171595,17.26254819277109,0.03089033529918298,NaN,NaN,NaN,raw
810,0.26119057184199523,17.2635843373494,0.025454237517842798,NaN,NaN,NaN,raw
810,0.26152758818749267,17.263990587349397,0.02528418504492933,NaN,NaN,NaN,raw
810,0.2617213955815594,17.263192771084338,0.031091831853915133,NaN,NaN,NaN,raw
810,0.26187065678097454,17.26546310240964,0.0265001493661939,NaN,NaN,NaN,raw
810,0.26187068864237517,17.368,0.016,6546.63678,0.26187068864237517,0.8811130715694162,raw
550,0.2619650138610398,19.05483333333333,0.027885181249785247,NaN,NaN,NaN,raw
810,0.2622121826731344,17.265734939759035,0.02644450342927446,NaN,NaN,NaN,raw
810,0.26234741388517324,17.26335542168675,0.03089238703123752,NaN,NaN,NaN,raw
810,0.2625655832567691,17.265811182228916,0.0264371727756169,NaN,NaN,NaN,raw
810,0.2629375524153193,17.26690493222892,0.026824749783505603,NaN,NaN,NaN,raw
810,0.2629763623849229,17.263759036144577,0.03102280309373456,NaN,NaN,NaN,raw
810,0.2631363680775394,17.295,0.013,5620.85254,0.2631363680775394,0.6816481067035056,raw
810,0.2632913252137931,17.266985504518075,0.0268143458746348,NaN,NaN,NaN,raw
810,0.26360570908639286,17.263837349397594,0.031016965878784265,NaN,NaN,NaN,raw
810,0.26363658267109064,17.269641754518073,0.02503608136086825,NaN,NaN,NaN,raw
810,0.2639925745170348,17.270952936746987,0.023570373678934185,NaN,NaN,NaN,raw
810,0.2642337365931046,17.26405421686747,0.03107356979308972,NaN,NaN,NaN,raw
810,0.2643574282623262,17.27179329819277,0.023723753306463886,NaN,NaN,NaN,raw
810,0.2647111285910808,17.27187876506024,0.02369311433868987,NaN,NaN,NaN,raw
810,0.26486519560038063,17.26437951807229,0.031123905881847425,NaN,NaN,NaN,raw
810,0.26505553082132083,17.2727874623494,0.023855971398070414,NaN,NaN,NaN,raw
810,0.26507246842447785,17.294,0.017,6940.52225,0.26507246842447785,0.3795735675448668,raw
810,0.2653925136098079,17.273733998493977,0.02288963070495313,NaN,NaN,NaN,raw
810,0.2654767673978889,17.26622647452815,0.015685686862562227,NaN,NaN,NaN,raw
810,0.2654767673978889,17.266226474528146,0.015635969821926318,NaN,NaN,NaN,raw
810,0.2654767673978889,17.266226474528146,0.015586722550554457,NaN,NaN,NaN,raw
810,0.26549337368901815,17.26459036144578,0.030870810433778113,NaN,NaN,NaN,raw
810,0.2655826694681309,17.271,0.013,6025.86246,0.2655826694681309,0.9746699985698797,raw
810,0.26568423793469265,17.243,0.011,5659.78992,0.26568423793469265,0.9664737839411828,raw
550,0.26573032460271945,19.00916666666667,0.05125508104893883,NaN,NaN,NaN,raw
810,0.265734165559122,17.275392884036144,0.02390649796031785,NaN,NaN,NaN,raw
810,0.26581911602261243,17.244,0.01,6769.8277,0.26581911602261243,0.2737076668472582,raw
810,0.2660734435362836,17.27520538403615,0.023835951157429886,NaN,NaN,NaN,raw
810,0.2661149039925816,17.26471686746988,0.030886664060633867,NaN,NaN,NaN,raw
550,0.2662683809195577,19.037499999999998,0.047272939079676043,NaN,NaN,NaN,raw
810,0.2664071549149857,17.27531607680723,0.023782053524771713,NaN,NaN,NaN,raw
810,0.26673737018597776,17.27584732680723,0.023826246238307622,NaN,NaN,NaN,raw
810,0.26674176323301135,17.26455421686747,0.031145894427452497,NaN,NaN,NaN,raw
810,0.2667653049575165,17.26,0.015,5823.53216,0.2667653049575165,0.20174678896546538,raw
810,0.26706086315607536,17.309,0.011,6405.84144,0.26706086315607536,0.7279448803019477,raw
810,0.2670645236912054,17.275642695783134,0.0239718246953427,NaN,NaN,NaN,raw
810,0.2673732125365158,17.264698795180724,0.03109622794615139,NaN,NaN,NaN,raw
810,0.26737812446516424,17.275721197289155,0.023933822282681552,NaN,NaN,NaN,raw
810,0.2677065740537227,17.27252466114458,0.017053541955666347,NaN,NaN,NaN,raw
810,0.2680061482517787,17.264530120481925,0.031006680550701875,NaN,NaN,NaN,raw
810,0.26803938381444403,17.272618034638555,0.017009841989298797,NaN,NaN,NaN,raw
810,0.2683718409141006,17.2727078313253,0.016969101749098967,NaN,NaN,NaN,raw
810,0.26861606018064776,17.293,0.013,5794.67808,0.26861606018064776,0.484522289600136,raw
810,0.2686354618564077,17.26487951807229,0.03141545560190759,NaN,NaN,NaN,raw
810,0.2687074756509714,17.2715203313253,0.016686031457704142,NaN,NaN,NaN,raw
810,0.2688820194089203,17.294,0.014,7498.84509,0.2688820194089203,0.6001503248935478,raw
810,0.2690373794425204,17.27090041415663,0.017336495098688707,NaN,NaN,NaN,raw
550,0.26909597227942667,19.03832610907611,0.025358918238126076,NaN,NaN,NaN,raw
810,0.2692701915587251,17.2649578313253,0.031250959240480346,NaN,NaN,NaN,raw
810,0.26934966143867745,17.270990210843372,0.01730730766372072,NaN,NaN,NaN,raw
810,0.2696199225138116,17.289,0.011,7867.6991,0.2696199225138116,0.557751560518227,raw
810,0.2696426440924019,17.270884600903614,0.017359180892159924,NaN,NaN,NaN,raw
550,0.2698604249062122,19.00911904761905,0.05121216041283143,NaN,NaN,NaN,raw
810,0.26988977261470315,17.264969879518073,0.031254076039395326,NaN,NaN,NaN,raw
810,0.26993381745613665,17.269759600903612,0.01697509301006289,NaN,NaN,NaN,raw
810,0.2702147212004039,17.270491152108434,0.01724737758191096,NaN,NaN,NaN,raw
810,0.27021978340417263,17.291,0.018,7449.82729,0.27021978340417263,0.7538836248313601,raw
810,0.2705041106436814,17.270371799698793,0.017256954850932038,NaN,NaN,NaN,raw
810,0.2705111611736926,17.265289156626505,0.031257883415996786,NaN,NaN,NaN,raw
810,0.2707574548185221,17.315,0.016,6477.80571,0.2707574548185221,0.6553966487463185,raw
810,0.2708036293914764,17.272434299698794,0.017815066704536243,NaN,NaN,NaN,raw
550,0.27089647503817105,18.95,0.022,6380.81217,0.27089647503817105,0.19176990451887832,raw
810,0.2711007705498749,17.273278049698796,0.01704778977119094,NaN,NaN,NaN,raw
810,0.2711337270120566,17.281,0.014,7971.64616,0.2711337270120566,0.8945593211174128,raw
810,0.2711352397601956,17.265801204819276,0.03186110384047533,NaN,NaN,NaN,raw
810,0.271368764089857,17.286,0.014,7146.67927,0.271368764089857,0.33763168133373256,raw
810,0.27139259177114927,17.27335391566265,0.017013829922914656,NaN,NaN,NaN,raw
810,0.27155426820900175,17.256,0.014,7255.49293,0.27155426820900175,0.08381810687751567,raw
810,0.2716687538902657,17.27377409638554,0.016955429627959442,NaN,NaN,NaN,raw
810,0.271756620348242,17.265704819277108,0.03193938730599403,NaN,NaN,NaN,raw
810,0.2719590104089347,17.273992093373494,0.016816901423066955,NaN,NaN,NaN,raw
810,0.2722572751917623,17.27230459337349,0.015873567460896906,NaN,NaN,NaN,raw
810,0.2723810754762463,17.265710843373494,0.031946367980776755,NaN,NaN,NaN,raw
550,0.2724164187609079,19.03985714285714,0.04910719380616734,NaN,NaN,NaN,raw
810,0.2725469332435401,17.272782756024096,0.015867525280502896,NaN,NaN,NaN,raw
810,0.27281724720290357,17.27287217620482,0.015827530299649808,NaN,NaN,NaN,raw
810,0.2729973262282537,17.266343373493974,0.03125102933682618,NaN,NaN,NaN,raw
810,0.27307359000405484,17.27109092620482,0.01667403720132445,NaN,NaN,NaN,raw
810,0.27333607274453364,17.27096969126506,0.0167346500506682,NaN,NaN,NaN,raw
550,0.27354560289477703,19.02925968806326,0.027451912958837914,NaN,NaN,NaN,raw
550,0.2735456028947771,19.029259688063256,0.026453325238312227,NaN,NaN,NaN,raw
550,0.2735456028947771,19.02925968806326,0.025556340147857598,NaN,NaN,NaN,raw
810,0.2735950681984526,17.26890719126506,0.017835609658729937,NaN,NaN,NaN,raw
810,0.273614989573934,17.26663253012048,0.03109716778854277,NaN,NaN,NaN,raw
550,0.27380361161725714,19.00895238095238,0.051074242346729616,NaN,NaN,NaN,raw
810,0.2738446588663374,17.268985692771086,0.017823190176785637,NaN,NaN,NaN,raw
810,0.2738766796574055,17.257,0.013,5762.69636,0.2738766796574055,0.07745496616553282,raw
810,0.27408433606855404,17.267454442771083,0.018150105297819682,NaN,NaN,NaN,raw
810,0.2741626304159581,17.244,0.01,6498.66573,0.2741626304159581,0.27378466878508334,raw
810,0.274226760470131,17.266927710843373,0.03134182340135845,NaN,NaN,NaN,raw
810,0.2742406405195652,17.261,0.011,7869.78659,0.2742406405195652,0.022773109296394978,raw
810,0.27432211815200835,17.267174134036146,0.018258654917280046,NaN,NaN,NaN,raw
810,0.2743900160639896,17.258,0.014,5450.50929,0.2743900160639896,0.3271927852601948,raw
810,0.27448229350557085,17.288,0.012,5831.53073,0.27448229350557085,0.310229899982005,raw
810,0.27456064228787824,17.266442394578313,0.01773468905715724,NaN,NaN,NaN,raw
810,0.2747918413666567,17.265620858433735,0.018386752458096445,NaN,NaN,NaN,raw
810,0.27484313165301083,17.267180722891567,0.03139007547397962,NaN,NaN,NaN,raw
810,0.27503212997756427,17.26415060240964,0.01604249744879723,NaN,NaN,NaN,raw
810,0.27526883786413237,17.309,0.016,5806.5004,0.27526883786413237,0.7717876449096366,raw
810,0.2752793134625777,17.26375734186747,0.01576802918178546,NaN,NaN,NaN,raw
810,0.275327633091365,17.271,0.012,5746.70509,0.275327633091365,0.8730443379299686,raw
810,0.27545318307336153,17.267144578313253,0.03140879341459163,NaN,NaN,NaN,raw
810,0.27554512405396075,17.263830195783132,0.015783155703627504,NaN,NaN,NaN,raw
810,0.27557895104473573,17.278,0.012,7265.5761,0.27557895104473573,0.6511412221971113,raw
810,0.27582233700843006,17.26326731927711,0.01528017509642744,NaN,NaN,NaN,raw
810,0.2760535135549255,17.26697590361446,0.03152237335458425,NaN,NaN,NaN,raw
810,0.27611238160334506,17.26365512048193,0.01524722431174376,NaN,NaN,NaN,raw
550,0.2762424389571347,19.040619047619046,0.004054056505483961,NaN,NaN,NaN,raw
810,0.2764004746925839,17.26278934487952,0.015899696802529655,NaN,NaN,NaN,raw
810,0.2766053362065577,17.255,0.018,7207.86701,0.2766053362065577,0.2147030067335436,raw
810,0.27664227019340615,17.28,0.011,5715.76494,0.27664227019340615,0.6938355884558405,raw
810,0.2766561949514083,17.26739156626506,0.03164572336396995,NaN,NaN,NaN,raw
810,0.27667097990096745,17.264517131024096,0.01894067860633638,NaN,NaN,NaN,raw
810,0.2768190298174886,17.236,0.014,5668.83262,0.2768190298174886,0.30829116229506326,raw
810,0.27693461387730783,17.264587725903613,0.01895191142929481,NaN,NaN,NaN,raw
810,0.2770349095517304,17.261,0.012,5385.50017,0.2770349095517304,0.27640850982606935,raw
810,0.27716873967933975,17.267702386699906,0.01717025939123898,NaN,NaN,NaN,raw
810,0.27716873967933975,17.26770238669991,0.017156561535535544,NaN,NaN,NaN,raw
810,0.27716987393432646,17.228,0.01,7194.65661,0.27716987393432646,0.9584140338592988,raw
810,0.2771908043908373,17.264661709337346,0.018964767959428766,NaN,NaN,NaN,raw
810,0.27725709293103884,17.267469879518075,0.03159107559034817,NaN,NaN,NaN,raw
810,0.27728959298474365,17.24,0.015,6705.86459,0.27728959298474365,0.46027887107447896,raw
810,0.2774455823485489,17.265037274096386,0.01892710778323051,NaN,NaN,NaN,raw
810,0.27749879928524024,17.256,0.012,6010.91777,0.27749879928524024,0.008834047348500462,raw
810,0.27771018805160064,17.265832643072287,0.018545476192757315,NaN,NaN,NaN,raw
810,0.2778525557520101,17.2675843373494,0.03157639310750112,NaN,NaN,NaN,raw
810,0.2779095316946041,17.239,0.009,6018.9138,0.2779095316946041,0.11188424384272366,raw
810,0.27799150911266063,17.265916980421686,0.01855674985198345,NaN,NaN,NaN,raw
550,0.2780979410526925,19.037,0.042,6140.59041,0.2780979410526925,0.37118399249447975,raw
550,0.2782129570578036,19.044999999999998,0.04650889079602886,NaN,NaN,NaN,raw
810,0.27829088047346695,17.266191641566266,0.018546667320326372,NaN,NaN,NaN,raw
810,0.2784466903675634,17.267951807228915,0.03137356679888062,NaN,NaN,NaN,raw
810,0.27859810189224654,17.266254141566264,0.01852152484765525,NaN,NaN,NaN,raw
810,0.2789082267079403,17.265689759036146,0.018108064408929498,NaN,NaN,NaN,raw
810,0.2790435985324873,17.2684156626506,0.03085335002459294,NaN,NaN,NaN,raw
810,0.2792075958431504,17.265902861445785,0.018166209169287524,NaN,NaN,NaN,raw
810,0.2794972437742907,17.265652861445783,0.017600212247788946,NaN,NaN,NaN,raw
810,0.279641178684453,17.268132530120482,0.03066604917072803,NaN,NaN,NaN,raw
810,0.27978919198942626,17.264340361445782,0.018719066498324628,NaN,NaN,NaN,raw
810,0.2800874240220218,17.264439759036144,0.018742866757626292,NaN,NaN,NaN,raw
550,0.28011319661726747,19.044785714285712,0.007680813626120403,NaN,NaN,NaN,raw
810,0.2802395786328739,17.267987951807225,0.030727933782917435,NaN,NaN,NaN,raw
810,0.28040019990934173,17.26420576054217,0.018614412621265133,NaN,NaN,NaN,raw
810,0.2807164566555208,17.264315888554215,0.01864173494128814,NaN,NaN,NaN,raw
810,0.28083569524628127,17.268409638554218,0.03080792347691537,NaN,NaN,NaN,raw
810,0.2809755992038845,17.238,0.014,5381.67742,0.2809755992038845,0.09976520825694024,raw
810,0.28102353065475894,17.26447213855422,0.018581991450896,NaN,NaN,NaN,raw
810,0.28103724214452086,17.321,0.015,5795.72534,0.28103724214452086,0.7245514476690005,raw
810,0.2813309039875186,17.26447213855422,0.018581991450896,NaN,NaN,NaN,raw
810,0.28143361347114676,17.268602409638554,0.03071647066178057,NaN,NaN,NaN,raw
810,0.28164680709250733,17.264572853915666,0.018607042568886012,NaN,NaN,NaN,raw
810,0.2818130860068777,17.269,0.015,5991.79867,0.2818130860068777,0.11417419592362421,raw
810,0.28197598456228046,17.26566980421687,0.017889088894916496,NaN,NaN,NaN,raw
810,0.28202957430417575,17.269018072289157,0.030507321106742456,NaN,NaN,NaN,raw
810,0.28231678694852147,17.265997740963858,0.017896906463885448,NaN,NaN,NaN,raw
810,0.28263001291361434,17.26945180722892,0.03023094084862256,NaN,NaN,NaN,raw
810,0.28265530355759805,17.268060240963855,0.017164714634558077,NaN,NaN,NaN,raw
550,0.28290659311538285,19.04211904761905,0.011942108087696881,NaN,NaN,NaN,raw
810,0.2829925615772948,17.27004555722892,0.020453241436014843,NaN,NaN,NaN,raw
810,0.28322903442405006,17.2696265060241,0.030085015234457474,NaN,NaN,NaN,raw
810,0.28334352237400817,17.27103463855422,0.019705020879326463,NaN,NaN,NaN,raw
810,0.2836933426459438,17.272128388554215,0.019814638881962717,NaN,NaN,NaN,raw
810,0.28382052406536734,17.26978915662651,0.02997490066017634,NaN,NaN,NaN,raw
550,0.2840286917413063,19.052357142857144,0.0468181541759131,NaN,NaN,NaN,raw
810,0.2840445144242114,17.27226844879518,0.01979731576200917,NaN,NaN,NaN,raw
810,0.2842211014649365,17.26,0.013,7249.58733,0.2842211014649365,0.45207795077294577,raw
810,0.284396136989729,17.27304969879518,0.01891576519735256,NaN,NaN,NaN,raw
810,0.2844062876077709,17.269939759036145,0.029866713770629928,NaN,NaN,NaN,raw
810,0.28442294397973455,17.274,0.012,5764.78591,0.28442294397973455,0.5468827369550127,raw
810,0.2845375716606213,17.301,0.012,5745.66535,0.2845375716606213,0.6491000291534874,raw
810,0.284669975975703,17.229,0.017,7904.90259,0.284669975975703,0.13388583649793873,raw
810,0.28474675932913895,17.273195594879518,0.01889316820575792,NaN,NaN,NaN,raw
810,0.28499660811641925,17.270325301204817,0.029903930392826756,NaN,NaN,NaN,raw
810,0.28508101917744255,17.273057605421688,0.01894525887457367,NaN,NaN,NaN,raw
810,0.28540355493788777,17.273522213855422,0.01900279702663235,NaN,NaN,NaN,raw
810,0.28558777943897395,17.27051204819277,0.02990444133464219,NaN,NaN,NaN,raw
810,0.285712847919517,17.273335090361446,0.019088341323660094,NaN,NaN,NaN,raw
550,0.2858482385368223,19.04945238095238,0.019165808913075493,NaN,NaN,NaN,raw
810,0.2860067997061798,17.273476280120484,0.019067432110693974,NaN,NaN,NaN,raw
810,0.2861737294326567,17.270500000000002,0.02991194146865497,NaN,NaN,NaN,raw
810,0.28631390432750425,17.274563253012047,0.017937779258408143,NaN,NaN,NaN,raw
810,0.2864317041821778,17.26,0.011,7870.83377,0.2864317041821778,0.2626311519452429,raw
550,0.28647813054703875,19.029,0.015,6451.73763,0.28647813054703875,0.8972665809233149,raw
810,0.28647821684171504,17.28,0.014,5412.61994,0.28647821684171504,0.28404325198789593,raw
810,0.2866272805119694,17.27171950301205,0.01754755057313383,NaN,NaN,NaN,raw
810,0.2867650943110467,17.270614457831325,0.0298114606090286,NaN,NaN,NaN,raw
810,0.2869375649636361,17.271851280120483,0.017539218736030045,NaN,NaN,NaN,raw
550,0.2870378933221218,19.067,0.016,6458.69077,0.2870378933221218,0.7696347990586219,raw
810,0.28724257868475367,17.27028878012048,0.019873270281418463,NaN,NaN,NaN,raw
810,0.2873527088502297,17.271102409638555,0.029357489265545707,NaN,NaN,NaN,raw
810,0.287549049381534,17.27081946536145,0.020064065692368762,NaN,NaN,NaN,raw
810,0.28783933892117,17.270929405120484,0.020065968391055632,NaN,NaN,NaN,raw
810,0.2879405859114423,17.271493975903617,0.02917174784926731,NaN,NaN,NaN,raw
550,0.2879787532364866,19.051785714285717,0.02009962432383265,NaN,NaN,NaN,raw
810,0.28800240542477695,17.294,0.012,7830.85488,0.28800240542477695,0.7500752373089199,raw
810,0.28804934956133366,17.331,0.015,5391.76165,0.28804934956133366,0.669355602864016,raw
810,0.288128266205502,17.27104480421687,0.020068852058410427,NaN,NaN,NaN,raw
810,0.2884158648782855,17.271160015060243,0.020071993288188237,NaN,NaN,NaN,raw
810,0.2885203384795719,17.271650602409643,0.029211842237483562,NaN,NaN,NaN,raw
810,0.2886399331051754,17.27367644091751,0.014977858999391608,NaN,NaN,NaN,raw
810,0.2886399331051754,17.27367644091751,0.014930385475851557,NaN,NaN,NaN,raw
810,0.2886399331051754,17.273676440917505,0.014883360522900787,NaN,NaN,NaN,raw
810,0.2886918693108069,17.27256626506024,0.02082705262003711,NaN,NaN,NaN,raw
810,0.28869304798718076,17.291,0.012,7959.48461,0.28869304798718076,0.8817004252450715,raw
810,0.2889641109982944,17.27291189759036,0.020873780681440347,NaN,NaN,NaN,raw
810,0.28909005265657206,17.272066265060243,0.029192389116502872,NaN,NaN,NaN,raw
810,0.2891614537911664,17.264,0.011,7162.67723,0.2891614537911664,0.5563518363996991,raw
810,0.28925017385774515,17.272901355421688,0.020873298597753262,NaN,NaN,NaN,raw
810,0.2895441230234113,17.271526355421685,0.020406633726907146,NaN,NaN,NaN,raw
810,0.2896666052286831,17.27262048192771,0.029204928015189435,NaN,NaN,NaN,raw
810,0.2897399136782042,17.264,0.011,6491.7182,0.2897399136782042,0.41341591933814925,raw
810,0.28983783128416724,17.274182605421686,0.020223820217834237,NaN,NaN,NaN,raw
810,0.28996232301869895,17.283,0.01,6381.86174,0.28996232301869895,0.4367400202809222,raw
810,0.29012317867909004,17.274279932228914,0.020212148961578153,NaN,NaN,NaN,raw
810,0.2901369540450105,17.262,0.011,6008.83628,0.2901369540450105,0.5566461549187807,raw
810,0.2902421524194905,17.272927710843373,0.02911722727913787,NaN,NaN,NaN,raw
810,0.29039795504695337,17.27567018072289,0.021437484201944846,NaN,NaN,NaN,raw
550,0.29042023584029913,19.059357142857145,0.041189257641464645,NaN,NaN,NaN,raw
810,0.2906635880677536,17.275765436746987,0.021420535294660682,NaN,NaN,NaN,raw
810,0.2908029470862671,17.272783132530115,0.029106512108074353,NaN,NaN,NaN,raw
810,0.29093822412056797,17.276202560240964,0.021230315585854472,NaN,NaN,NaN,raw
810,0.2910652800474054,17.23,0.014,5313.88971,0.2910652800474054,0.10573606687466963,raw
550,0.29113134043629024,19.062214285714287,0.0041704744505682515,NaN,NaN,NaN,raw
810,0.2912284412392502,17.27601581325301,0.021222116028218177,NaN,NaN,NaN,raw
810,0.29136271592448015,17.27281927710843,0.029101762761693576,NaN,NaN,NaN,raw
810,0.2915269389183427,17.276125564759035,0.02120235368781956,NaN,NaN,NaN,raw
810,0.2915735250826401,17.219,0.012,6166.66864,0.2915735250826401,0.1510243289758364,raw
810,0.2918242680712459,17.27621065512048,0.02118700247658863,NaN,NaN,NaN,raw
810,0.2918366366011469,17.286,0.014,5658.75607,0.2918366366011469,0.755127847814947,raw
810,0.29191927818196584,17.27296987951807,0.029156926449565867,NaN,NaN,NaN,raw
810,0.2921115879768054,17.27697646837349,0.021452246564153434,NaN,NaN,NaN,raw
810,0.2923980304318407,17.277757718373493,0.0225208224033724,NaN,NaN,NaN,raw
810,0.29247470752267535,17.27331927710843,0.029094837437849082,NaN,NaN,NaN,raw
810,0.2926897754957027,17.276413968373493,0.020427048184565942,NaN,NaN,NaN,raw
550,0.29294543160854025,19.059537414965988,0.017601644588965452,NaN,NaN,NaN,raw
550,0.2929454316085403,19.059537414965984,0.01890719924657079,NaN,NaN,NaN,raw
550,0.2929454316085403,19.059537414965988,0.018219433077944654,NaN,NaN,NaN,raw
810,0.29296804094784934,17.27649209337349,0.020413018522543402,NaN,NaN,NaN,raw
810,0.2930236815944402,17.273475903614454,0.029152202849814148,NaN,NaN,NaN,raw
810,0.29305324330562144,17.305,0.01,7193.61919,0.29305324330562144,0.7394320722050907,raw
810,0.2931180216073699,17.281,0.016,5776.60894,0.2931180216073699,0.8356667416010168,raw
810,0.2932583463643566,17.275964796686743,0.020243398280801236,NaN,NaN,NaN,raw
810,0.29354820485448324,17.27652522590361,0.02037977190253756,NaN,NaN,NaN,raw
810,0.2935769554821589,17.273662650602407,0.02889281219556326,NaN,NaN,NaN,raw
810,0.29384134990581956,17.276850715361444,0.02025607592764017,NaN,NaN,NaN,raw
810,0.29394394496193854,17.257,0.013,6569.59265,0.29394394496193854,0.9824042015661689,raw
810,0.29406864031989244,17.314,0.02,6880.737,0.29406864031989244,0.5023480243762606,raw
810,0.29411889554511667,17.278112575301204,0.02121889722310777,NaN,NaN,NaN,raw
810,0.2941277247539484,17.273439759036144,0.028908727589616844,NaN,NaN,NaN,raw
810,0.2943806232105999,17.315,0.015,6568.54986,0.2943806232105999,0.7519361174799997,raw
810,0.2944111017444498,17.279612575301204,0.02187551463091864,NaN,NaN,NaN,raw
810,0.29467398609826395,17.27354819277108,0.028903089324010044,NaN,NaN,NaN,raw
810,0.29469665028707454,17.27935146837349,0.021883641733325944,NaN,NaN,NaN,raw
550,0.2949037656687454,19.075547619047622,0.02724251753976921,NaN,NaN,NaN,raw
810,0.2949880735449378,17.27969521837349,0.0216878094840223,NaN,NaN,NaN,raw
810,0.29522005787223765,17.27398795180723,0.029654574577208777,NaN,NaN,NaN,raw
810,0.2952824488811896,17.27974548192771,0.02167347831123167,NaN,NaN,NaN,raw
810,0.29557660306647393,17.279806664156624,0.02165594653702395,NaN,NaN,NaN,raw
810,0.2957651646395471,17.274024096385542,0.02960547693130525,NaN,NaN,NaN,raw
810,0.29587115719169277,17.281556664156625,0.019673163518262857,NaN,NaN,NaN,raw
550,0.2959358921464497,19.06028571428572,0.04154409811167037,NaN,NaN,NaN,raw
810,0.2961630233579188,17.28178106174699,0.019611142472401855,NaN,NaN,NaN,raw
810,0.2963170200420068,17.274126506024096,0.029582585312625247,NaN,NaN,NaN,raw
810,0.29645032315746145,17.283534638554215,0.015991010643225473,NaN,NaN,NaN,raw
810,0.29674659571337725,17.283184487951807,0.016057820730552695,NaN,NaN,NaN,raw
810,0.29686724174313117,17.27382530120482,0.029664174263869383,NaN,NaN,NaN,raw
810,0.29704260964071566,17.283841679216867,0.0160566317009492,NaN,NaN,NaN,raw
810,0.29713482288934756,17.296,0.011,6016.8346,0.29713482288934756,0.6645945302534528,raw
810,0.2971685639859061,17.319,0.014,6816.77098,0.2971685639859061,0.68269490527382,raw
810,0.2973358132938145,17.284394201807228,0.015986919734450683,NaN,NaN,NaN,raw
810,0.29738519160491705,17.288,0.015,5407.75667,0.29738519160491705,0.8817872663166781,raw
810,0.29742483294826505,17.27415060240964,0.02969738637002691,NaN,NaN,NaN,raw
810,0.29761220100421515,17.284435993975904,0.015959180929470344,NaN,NaN,NaN,raw
810,0.297889774915591,17.282935993975904,0.01621768703509146,NaN,NaN,NaN,raw
810,0.2979828213154134,17.274126506024096,0.02968443560883572,NaN,NaN,NaN,raw
550,0.2980974988432492,19.065761904761906,0.038790997623141185,NaN,NaN,NaN,raw
810,0.2981666018413468,17.2833734939759,0.0163520559272528,NaN,NaN,NaN,raw
550,0.2983551690194872,19.107,0.019,6442.70293,0.2983551690194872,0.5725607443691842,raw
810,0.2983655243406247,17.29,0.014,7944.53914,0.2983655243406247,0.9141960986962658,raw
810,0.298431477257647,17.282102786144577,0.01856166687474657,NaN,NaN,NaN,raw
810,0.2985420954339287,17.2744156626506,0.029838181689371236,NaN,NaN,NaN,raw
810,0.29854806568619097,17.313,0.011,7110.88105,0.29854806568619097,0.7672894483603159,raw
810,0.29869639859911157,17.28266923945783,0.018040143931319932,NaN,NaN,NaN,raw
810,0.2989634140355184,17.281637989457835,0.017110635382672636,NaN,NaN,NaN,raw
810,0.2990905120568641,17.312,0.01,6118.69593,0.2990905120568641,0.5401452812675416,raw
810,0.2990998763826906,17.274644578313254,0.029461225685840205,NaN,NaN,NaN,raw
810,0.29923991382678844,17.28168994728916,0.017087446413507557,NaN,NaN,NaN,raw
810,0.2994624982966343,17.273,0.013,7190.84024,0.2994624982966343,0.7954171868750564,raw
810,0.29952326856152206,17.279658697289157,0.016861932188062756,NaN,NaN,NaN,raw
810,0.2996621631795476,17.274536144578313,0.029441187716132397,NaN,NaN,NaN,raw
810,0.29979986844472356,17.279707643072292,0.01684588841889178,NaN,NaN,NaN,raw
550,0.29992674348185183,19.063714285714287,0.039382219130889566,NaN,NaN,NaN,raw
550,0.30000143536381074,19.03,0.02,6506.6706,0.30000143536381074,0.39574311896831205,raw
810,0.3000765225380705,17.279751317771087,0.016832387467933155,NaN,NaN,NaN,raw
810,0.3002158810153648,17.274740963855425,0.029499651918417198,NaN,NaN,NaN,raw
810,0.3003531818082133,17.279800828313256,0.016817321414125754,NaN,NaN,NaN,raw
810,0.30047529114080274,17.274938387478485,0.015689284819305756,NaN,NaN,NaN,raw
810,0.3004910120544082,17.286,0.016,6763.92975,0.3004910120544082,0.6583304225896427,raw
810,0.30061409254110066,17.281359375,0.018501203065927372,NaN,NaN,NaN,raw
810,0.30070243324371404,17.28,0.01,6398.90019,0.30070243324371404,0.8810086911671533,raw
810,0.300767118668006,17.27511445783133,0.029538759878485355,NaN,NaN,NaN,raw
810,0.30087262361048206,17.28148983433735,0.018461038716703192,NaN,NaN,NaN,raw
550,0.3010922543356043,19.06004761904762,0.03339385661860451,NaN,NaN,NaN,raw
810,0.3011236014917111,17.28085297439759,0.018295102426770946,NaN,NaN,NaN,raw
810,0.30131735839045015,17.274795180722894,0.029738765247602137,NaN,NaN,NaN,raw
810,0.3013896964549056,17.278259224397594,0.018593570217986865,NaN,NaN,NaN,raw
810,0.3013917238567956,17.294,0.018,6583.50113,0.3013917238567956,0.7318463118299405,raw
550,0.30142362606225753,19.054142857142857,0.04359756016966142,NaN,NaN,NaN,raw
810,0.3016504072800644,17.277871611445782,0.018513070062062466,NaN,NaN,NaN,raw
550,0.3018517015807447,19.096,0.017,7962.61801,0.3018517015807447,0.5838635594118387,raw
810,0.3018572244218376,17.291,0.011,6121.47807,0.3018572244218376,0.4909833938909287,raw
810,0.30186808832726214,17.274813253012052,0.02974041336177988,NaN,NaN,NaN,raw
810,0.30191034826809626,17.278585655120484,0.018803294606155162,NaN,NaN,NaN,raw
810,0.3019356084696483,17.257,0.017,7972.69981,0.3019356084696483,0.14825632319480064,raw
810,0.3019764832315559,17.295,0.024,7234.64467,0.3019764832315559,0.49058405328287336,raw
810,0.3020529688037641,17.233,0.013,7263.49942,0.3020529688037641,0.20924164427378855,raw
810,0.30215847473675006,17.27880045180723,0.018789967446814507,NaN,NaN,NaN,raw
810,0.3024063114728369,17.278348268072293,0.01868557432137915,NaN,NaN,NaN,raw
810,0.30242142788880433,17.2751265060241,0.029538710438758345,NaN,NaN,NaN,raw
810,0.3026131342849112,17.281,0.012,6824.76876,0.3026131342849112,0.7894882515356585,raw
810,0.30265399746989774,17.27921027861446,0.01912929889909371,NaN,NaN,NaN,raw
810,0.3029137056050436,17.27805515813253,0.018112074493833435,NaN,NaN,NaN,raw
810,0.30297571807459023,17.27510240963856,0.029556854205447625,NaN,NaN,NaN,raw
810,0.303174043966307,17.27693392319277,0.01702060026034952,NaN,NaN,NaN,raw
550,0.30341289401002586,19.068761904761903,0.02361006933809566,NaN,NaN,NaN,raw
810,0.30344797472207574,17.25,0.012,7085.85215,0.30344797472207574,0.23190588138641033,raw
810,0.30345140822826205,17.276988328313255,0.017015828242686486,NaN,NaN,NaN,raw
810,0.303525182360712,17.27511445783133,0.029544093938957853,NaN,NaN,NaN,raw
810,0.3037347137401696,17.277092996987953,0.017000798488885416,NaN,NaN,NaN,raw
810,0.30401256604501947,17.277326242469883,0.017015781954116408,NaN,NaN,NaN,raw
810,0.3040729888593394,17.275385542168678,0.029444691377399933,NaN,NaN,NaN,raw
810,0.3042747048208744,17.2765218373494,0.017735173803115154,NaN,NaN,NaN,raw
810,0.3045430676535884,17.276223644578316,0.017650688745081668,NaN,NaN,NaN,raw
810,0.30461826128411773,17.27560843373494,0.029353183523878456,NaN,NaN,NaN,raw
810,0.304666163494403,17.324,0.01,6720.82294,0.304666163494403,0.4553327799167164,raw
810,0.3048065638980174,17.274098644578316,0.02096376818434763,NaN,NaN,NaN,raw
810,0.3050697232607159,17.273532567771085,0.021178918662042412,NaN,NaN,NaN,raw
810,0.3051402359633357,17.278,0.012,6406.89762,0.3051402359633357,0.9870534074743773,raw
810,0.3051661150886766,17.27562048192771,0.029341778091733262,NaN,NaN,NaN,raw
810,0.3053294474460696,17.273567959337353,0.02118204268634585,NaN,NaN,NaN,raw
810,0.30560381752757004,17.27299341114458,0.020856810904100062,NaN,NaN,NaN,raw
810,0.30568360280813067,17.236,0.015,7077.85704,0.30568360280813067,0.1308235121996404,raw
810,0.3057279380100007,17.27559638554217,0.029359625733652535,NaN,NaN,NaN,raw
810,0.3057429445652815,17.297,0.012,5767.5745,0.3057429445652815,0.5115170301542094,raw
810,0.3058715350045288,17.27299341114458,0.020856810904100062,NaN,NaN,NaN,raw
810,0.3059228683123365,17.281,0.011,6092.62476,0.3059228683123365,0.7754058804239321,raw
810,0.30614662913874335,17.273405496987955,0.021023531521476638,NaN,NaN,NaN,raw
550,0.30618797806894527,19.068270723104053,0.016060311102694354,NaN,NaN,NaN,raw
810,0.30629629989540175,17.27553012048193,0.02941194865393584,NaN,NaN,NaN,raw
810,0.30642086869019497,17.273975527108437,0.020810578819627574,NaN,NaN,NaN,raw
810,0.30646804733987665,17.302,0.01,6148.59616,0.30646804733987665,0.49502471227424394,raw
810,0.3067106384167747,17.273362387048195,0.020457192553131685,NaN,NaN,NaN,raw
810,0.3068587260108597,17.27603614457831,0.02897980311668799,NaN,NaN,NaN,raw
550,0.30687458488128394,19.070738095238095,0.021965456801920104,NaN,NaN,NaN,raw
550,0.3069633543870753,19.056142857142856,0.04354106309937978,NaN,NaN,NaN,raw
810,0.30701503170231337,17.274689382530124,0.019085835888664446,NaN,NaN,NaN,raw
810,0.3073249184396325,17.27470274849398,0.01908630164360782,NaN,NaN,NaN,raw
810,0.30742133961729157,17.27612048192771,0.028844577281600354,NaN,NaN,NaN,raw
810,0.3076312076993297,17.276108998493978,0.02111517235337646,NaN,NaN,NaN,raw
810,0.30793430754957796,17.27498079819277,0.022111666317601964,NaN,NaN,NaN,raw
810,0.3079755327652525,17.276385542168676,0.028666031561097628,NaN,NaN,NaN,raw
810,0.30822897548313566,17.275780873493975,0.02163670840926074,NaN,NaN,NaN,raw
550,0.30851429572380545,19.068526140085666,0.011651522266401253,NaN,NaN,NaN,raw
550,0.3085142957238055,19.068526140085662,0.012091356085244144,NaN,NaN,NaN,raw
550,0.3085142957238055,19.068526140085666,0.011256439921935703,NaN,NaN,NaN,raw
810,0.3085282746776748,17.27634939759036,0.028656347854570968,NaN,NaN,NaN,raw
810,0.30853807546668305,17.275790850903615,0.021636464802907054,NaN,NaN,NaN,raw
810,0.30855343693474424,17.282,0.011,6435.75353,0.30855343693474424,0.7081921720255195,raw
810,0.30860432184272213,17.249,0.015,6836.59085,0.30860432184272213,0.07626165001784102,raw
810,0.3088466358776091,17.27578859186747,0.02163651225953116,NaN,NaN,NaN,raw
810,0.3090786227012578,17.2764578313253,0.028662424437969014,NaN,NaN,NaN,raw
810,0.30913431306544226,17.212,0.009,6219.51713,0.30913431306544226,0.19091753584325488,raw
810,0.30914006305883424,17.276769578313253,0.022328647435385925,NaN,NaN,NaN,raw
810,0.3091882182743575,17.257,0.017,7101.84592,0.3091882182743575,0.4416638664333732,raw
810,0.3094467937920366,17.275236069277106,0.020598348140261034,NaN,NaN,NaN,raw
810,0.3096285323217671,17.275927710843373,0.027758605821478943,NaN,NaN,NaN,raw
810,0.3097414782576801,17.274923569277107,0.02063089346092049,NaN,NaN,NaN,raw
810,0.3100404867175216,17.275372929216868,0.020802448841264514,NaN,NaN,NaN,raw
810,0.31017156646480926,17.275614457831324,0.027835373755861696,NaN,NaN,NaN,raw
810,0.3103320010512022,17.276580948795182,0.019525488539923003,NaN,NaN,NaN,raw
810,0.31042418368451763,17.291,0.012,6481.64362,0.31042418368451763,0.8644663220256916,raw
550,0.31049587033027953,19.068738095238093,0.018517825572825327,NaN,NaN,NaN,raw
810,0.3106352976034067,17.277218561746988,0.01982317506587063,NaN,NaN,NaN,raw
810,0.3106711006221303,17.288,0.013,7457.83724,0.3106711006221303,0.8867079040555836,raw
810,0.31071127411609906,17.27524096385542,0.02800263639598883,NaN,NaN,NaN,raw
810,0.3107676971287246,17.275367069203572,0.01647651582930724,NaN,NaN,NaN,raw
810,0.3107676971287246,17.275367069203572,0.01642429219293088,NaN,NaN,NaN,raw
810,0.3107676971287246,17.275367069203575,0.016372562010286137,NaN,NaN,NaN,raw
810,0.3109405153747765,17.275593561746987,0.02027547126228766,NaN,NaN,NaN,raw
810,0.3112405060449909,17.27553106174699,0.02026134570979876,NaN,NaN,NaN,raw
810,0.3112491144821072,17.27537951807229,0.028038403356764833,NaN,NaN,NaN,raw
810,0.311529447776699,17.275489457831327,0.02026271450631991,NaN,NaN,NaN,raw
810,0.3117935539410018,17.275463855421687,0.02796136762733702,NaN,NaN,NaN,raw
550,0.3118086986760318,19.06007142857143,0.03483911216239196,NaN,NaN,NaN,raw
810,0.3118295150103388,17.274604668674698,0.019677476263531578,NaN,NaN,NaN,raw
810,0.31213316974146643,17.272291039156627,0.023487396631135544,NaN,NaN,NaN,raw
810,0.3123378034830151,17.27555421686747,0.027883199247792142,NaN,NaN,NaN,raw
810,0.31241439059522236,17.326,0.013,6374.9166,0.31241439059522236,0.581483343945365,raw
810,0.3124200946781525,17.272207831325304,0.023478107190290778,NaN,NaN,NaN,raw
550,0.31263496173172217,19.06869047619048,0.018566528657628315,NaN,NaN,NaN,raw
810,0.31267491328253527,17.239,0.011,7142.86951,0.31267491328253527,0.18877324576351384,raw
810,0.3127065043395826,17.27211954066265,0.023467199711049234,NaN,NaN,NaN,raw
550,0.3127155579277314,19.09,0.015,6510.49914,0.3127155579277314,0.5847708989131206,raw
810,0.3128773485959207,17.275602409638555,0.027863058962800762,NaN,NaN,NaN,raw
810,0.31299217442324506,17.271796121987954,0.023478338149731135,NaN,NaN,NaN,raw
810,0.31327730773388585,17.27154310993976,0.023408350553983524,NaN,NaN,NaN,raw
550,0.31338062859140337,19.056,0.016,5737.67949,0.31338062859140337,0.5678028801721666,raw
810,0.31341638183422843,17.27543373493976,0.02774415265550095,NaN,NaN,NaN,raw
810,0.31356851076141556,17.272105609939757,0.023062887508815213,NaN,NaN,NaN,raw
810,0.31384973965275387,17.273778802710844,0.025229291979540328,NaN,NaN,NaN,raw
810,0.31394692200897173,17.275313253012047,0.027710812991078144,NaN,NaN,NaN,raw
810,0.31400793108332437,17.307,0.013,6883.52511,0.31400793108332437,0.46595562506445276,raw
810,0.31413314251113067,17.275720256024098,0.02257240472682772,NaN,NaN,NaN,raw
550,0.31436726287107114,19.06888095238095,0.018436367859856258,NaN,NaN,NaN,raw
810,0.3144312569233071,17.27626543674699,0.02231488892557786,NaN,NaN,NaN,raw
810,0.3144815469568787,17.27492771084337,0.02789386079192905,NaN,NaN,NaN,raw
810,0.31457013886392815,17.268,0.012,6071.76893,0.31457013886392815,0.16598003040235199,raw
810,0.31472351759821804,17.274080195783135,0.025539906121030614,NaN,NaN,NaN,raw
810,0.3147343858036038,17.29,0.016,6165.63375,0.3147343858036038,0.937453892414851,raw
810,0.314998864187948,17.274029743975905,0.025538372118162917,NaN,NaN,NaN,raw
810,0.31501206148590954,17.274656626506026,0.02797481851549366,NaN,NaN,NaN,raw
810,0.31527488042536816,17.273518825301206,0.025350768027393993,NaN,NaN,NaN,raw
810,0.3154334276805457,17.296,0.012,6434.71298,0.3154334276805457,0.48251531964342576,raw
810,0.3155099132491159,17.245,0.014,6463.56773,0.3155099132491159,0.20117291063252196,raw
810,0.3155225697591959,17.279,0.014,6908.55624,0.3155225697591959,0.006109034315159079,raw
810,0.3155424353100613,17.274198795180727,0.028325429174745984,NaN,NaN,NaN,raw
810,0.3155518853333254,17.273643825301207,0.02543419974995021,NaN,NaN,NaN,raw
810,0.3158354298821684,17.273646460843374,0.025434374956276123,NaN,NaN,NaN,raw
550,0.3159907666791003,19.072880952380952,0.025324459151036684,NaN,NaN,NaN,raw
810,0.31607019881634935,17.273686746987956,0.028351656553961296,NaN,NaN,NaN,raw
810,0.316110654524731,17.275822100903618,0.028392971225419148,NaN,NaN,NaN,raw
810,0.3163710263889535,17.274463855421686,0.029431275260785345,NaN,NaN,NaN,raw
810,0.31657567740694503,17.202,0.012,6528.57814,0.31657567740694503,0.2547164221814455,raw
810,0.3166029375912462,17.273457831325306,0.02844550396590655,NaN,NaN,NaN,raw
810,0.31662032874832075,17.274461972891565,0.02943120519409189,NaN,NaN,NaN,raw
810,0.3168828308097667,17.273743222891568,0.02839456474425767,NaN,NaN,NaN,raw
550,0.3170056020940787,19.060642857142856,0.03449550058253313,NaN,NaN,NaN,raw
810,0.3171382343744896,17.27486954066265,0.027677748897869378,NaN,NaN,NaN,raw
810,0.31714064193101327,17.27356024096386,0.028521432408072523,NaN,NaN,NaN,raw
810,0.31739284984258553,17.275131965361446,0.02772469247702436,NaN,NaN,NaN,raw
550,0.3175860693518189,19.102,0.027,5993.89699,0.3175860693518189,0.6023604944130057,raw
810,0.31764183033090676,17.275123682228916,0.027724639006044875,NaN,NaN,NaN,raw
810,0.3176697173548746,17.266,0.019,5644.85916,0.3176697173548746,0.030433304877078626,raw
810,0.3176777028752495,17.273903614457833,0.02865155956740215,NaN,NaN,NaN,raw
810,0.31787922069994795,17.27508264307229,0.02772532130088374,NaN,NaN,NaN,raw
810,0.3179228187236731,17.267,0.011,5388.64321,0.3179228187236731,0.9991910518619989,raw
810,0.3180779472240829,17.33,0.023,6932.54479,0.3180779472240829,0.3162435374506458,raw
810,0.3181153032024587,17.27539514307229,0.02814978302609824,NaN,NaN,NaN,raw
810,0.3182032045335006,17.274126506024096,0.028663179143759238,NaN,NaN,NaN,raw
810,0.3183477339685914,17.275397966867473,0.028149739156090123,NaN,NaN,NaN,raw
810,0.3185919551083152,17.276210466867468,0.028304121992140364,NaN,NaN,NaN,raw
810,0.31872787946400444,17.27444578313253,0.02862071850189654,NaN,NaN,NaN,raw
550,0.3187931576519207,19.07547619047619,0.02302398187752645,NaN,NaN,NaN,raw
810,0.318833080237387,17.27574435240964,0.028192304779275097,NaN,NaN,NaN,raw
810,0.3189808739189175,17.206,0.025,5343.79708,0.3189808739189175,0.07588754893731675,raw
810,0.31898265733616427,17.274,0.015,6349.88828,0.31898265733616427,0.04734036375339201,raw
810,0.31906777994536256,17.274911332831326,0.02861611770235786,NaN,NaN,NaN,raw
810,0.3192567032819641,17.274650602409643,0.028645559700309454,NaN,NaN,NaN,raw
810,0.3192898908510871,17.272911332831328,0.029322455649828518,NaN,NaN,NaN,raw
810,0.3195238793345361,17.273853727409637,0.028877705412913894,NaN,NaN,NaN,raw
810,0.31953525767676183,17.292,0.012,5691.79219,0.31953525767676183,0.41749638037435943,raw
810,0.3197745534417771,17.273750376506023,0.0288646083785911,NaN,NaN,NaN,raw
810,0.31978469967907586,17.27532530120482,0.029555539268026846,NaN,NaN,NaN,raw
810,0.3200344867891377,17.274900414156626,0.02960663870754806,NaN,NaN,NaN,raw
810,0.3200563030441117,17.345,0.012,7227.69801,0.3200563030441117,0.632076184007019,raw
810,0.32012545359611977,17.232,0.013,6931.50256,0.32012545359611977,0.08697326129004068,raw
810,0.3202850900566165,17.27496592620482,0.029606185920512045,NaN,NaN,NaN,raw
810,0.32031547898276835,17.275493975903615,0.029707818986672005,NaN,NaN,NaN,raw
810,0.32052466118867246,17.27652842620482,0.026819345429382083,NaN,NaN,NaN,raw
810,0.32076760526818604,17.276514118975904,0.026821158387908335,NaN,NaN,NaN,raw
810,0.320814456561493,17.303,0.021,5596.88493,0.320814456561493,0.4163030642284866,raw
810,0.3208478273536676,17.275042168674698,0.029765416664440256,NaN,NaN,NaN,raw
810,0.3209948697116247,17.27674661144578,0.026826971683331226,NaN,NaN,NaN,raw
810,0.3210250435749913,17.284,0.013,5310.7713,0.3210250435749913,0.43563568415265763,raw
810,0.3212125208242842,17.277066265060242,0.02675563693525074,NaN,NaN,NaN,raw
810,0.3213837574605065,17.27516867469879,0.029792746433504776,NaN,NaN,NaN,raw
810,0.32144010188076233,17.277006777108433,0.026765010128682123,NaN,NaN,NaN,raw
810,0.32154341381829,17.274,0.011,6032.83486,0.32154341381829,0.888234253585324,raw
810,0.3215625711636676,17.317,0.014,6186.49496,0.3215625711636676,0.5583872542974859,raw
810,0.3216637094543219,17.276944277108434,0.026791453193783753,NaN,NaN,NaN,raw
550,0.3217878015098644,19.06378571428571,0.03337705008725987,NaN,NaN,NaN,raw
810,0.3218856274973244,17.27526957831325,0.024981844558803278,NaN,NaN,NaN,raw
810,0.32191933147312585,17.275018072289157,0.029841494984803867,NaN,NaN,NaN,raw
810,0.3221069927333493,17.274296874999997,0.025625473401816826,NaN,NaN,NaN,raw
550,0.32213978115283853,19.074642857142855,0.02385938826045952,NaN,NaN,NaN,raw
810,0.3223133605654825,17.275376694277107,0.02634974683157975,NaN,NaN,NaN,raw
810,0.322385215335089,17.294,0.015,5443.57303,0.322385215335089,0.490929920320923,raw
810,0.32245038993390057,17.275084337349398,0.029808969493853754,NaN,NaN,NaN,raw
810,0.3225224521411292,17.248,0.01,6078.72464,0.3225224521411292,0.043845331339980476,raw
810,0.32252300732903355,17.27737669427711,0.023148445940500733,NaN,NaN,NaN,raw
810,0.32254097666373127,17.232,0.013,5740.8115,0.32254097666373127,0.26699288395138865,raw
810,0.32273376469382586,17.277461784638554,0.023140636464317653,NaN,NaN,NaN,raw
810,0.3229531866550064,17.27753689759036,0.023135117531141662,NaN,NaN,NaN,raw
810,0.3229975447194817,17.275156626506025,0.029835501296969578,NaN,NaN,NaN,raw
810,0.32316478043514274,17.277411897590362,0.02306515227902623,NaN,NaN,NaN,raw
810,0.32338435633559093,17.277480233433735,0.02306200999252994,NaN,NaN,NaN,raw
550,0.3235392257497898,19.07037074829932,0.011009402967457206,NaN,NaN,NaN,raw
550,0.3235392257497899,19.070370748299318,0.011424997397064096,NaN,NaN,NaN,raw
550,0.3235392257497899,19.070370748299318,0.010636093743469225,NaN,NaN,NaN,raw
810,0.32354414119090946,17.275692771084337,0.02992711665133195,NaN,NaN,NaN,raw
810,0.3236030388381683,17.275636483433733,0.01958639401591182,NaN,NaN,NaN,raw
810,0.323828689756748,17.27705591114458,0.01789485708287125,NaN,NaN,NaN,raw
810,0.3238603024256008,17.311,0.009,6728.8255,0.3238603024256008,0.5723502724049467,raw
810,0.32406516113083517,17.277109939759036,0.017892598974882094,NaN,NaN,NaN,raw
810,0.3240895033756704,17.27578313253012,0.029905121966391505,NaN,NaN,NaN,raw
810,0.3242419536327361,17.252,0.015,6838.68217,0.3242419536327361,0.5494753494331235,raw
810,0.3243023789489794,17.276314006024094,0.01725903880680638,NaN,NaN,NaN,raw
810,0.32437714813568164,17.273,0.013,6108.62295,0.32437714813568164,0.9946179923153977,raw
810,0.3244131041210494,17.281,0.012,6195.53478,0.3244131041210494,0.8940444776017102,raw
810,0.3245386968495229,17.275812688253012,0.017528062335816233,NaN,NaN,NaN,raw
550,0.3245726620308673,19.060154761904762,0.019428270774938618,NaN,NaN,NaN,raw
550,0.3245726620308673,19.060154761904762,0.01924055361155834,NaN,NaN,NaN,raw
810,0.3246345529599798,17.27622891566265,0.029739607423874586,NaN,NaN,NaN,raw
810,0.32478569341758334,17.27561201054217,0.017467960269515175,NaN,NaN,NaN,raw
810,0.3249602966825478,17.272,0.009,6456.61807,0.3249602966825478,0.3362482131815341,raw
810,0.3250226868736774,17.27523173945783,0.01760980077502777,NaN,NaN,NaN,raw
810,0.32507826107757865,17.265,0.011,7164.7756,0.32507826107757865,0.04464508202545403,raw
810,0.32517932460016613,17.276409638554217,0.02960898149756436,NaN,NaN,NaN,raw
810,0.32525479534090773,17.274825489457832,0.017788181614192936,NaN,NaN,NaN,raw
810,0.3252868920862966,17.243,0.013,6212.5698,0.3252868920862966,0.33097657494181476,raw
550,0.3252961509207082,19.064642857142857,0.006968222330622998,NaN,NaN,NaN,raw
810,0.3253316500922665,17.309,0.016,6341.8946,0.3253316500922665,0.949316682661447,raw
810,0.32550191937954454,17.273596950301204,0.016054545275210556,NaN,NaN,NaN,raw
810,0.3256895703525515,17.27,0.016,5747.76554,0.3256895703525515,0.14128615053959948,raw
810,0.3257268930095172,17.276722891566266,0.029666760607142507,NaN,NaN,NaN,raw
810,0.32575493548855194,17.27369390060241,0.01607276108416669,NaN,NaN,NaN,raw
810,0.325998374585614,17.27403765060241,0.016629061280972746,NaN,NaN,NaN,raw
810,0.3262499498235185,17.27437876506024,0.016762645502285022,NaN,NaN,NaN,raw
810,0.32627820603974245,17.27705421686747,0.029549805111206025,NaN,NaN,NaN,raw
810,0.32630625864112517,17.288,0.013,7813.83348,0.32630625864112517,0.34227553988603177,raw
810,0.32650109546855344,17.27531927710843,0.016064637837175988,NaN,NaN,NaN,raw
810,0.32675811334322713,17.27591302710843,0.0147055360147428,NaN,NaN,NaN,raw
810,0.32681112849341704,17.27751204819277,0.02952979757584513,NaN,NaN,NaN,raw
810,0.327011405918018,17.276004706325303,0.014709812562490094,NaN,NaN,NaN,raw
550,0.3270454725968323,19.058142857142855,0.03899675951598085,NaN,NaN,NaN,raw
810,0.3270541431265883,17.286,0.01,6770.89193,0.3270541431265883,0.5500346829558111,raw
550,0.3270551786554279,19.072,0.021,6816.78137,0.3270551786554279,0.7049185201849468,raw
810,0.3272644842839457,17.276068335843373,0.014712823230398464,NaN,NaN,NaN,raw
810,0.3273462829906693,17.277421686746987,0.029418658470918558,NaN,NaN,NaN,raw
810,0.3275183667968252,17.274287085843373,0.013767354122802482,NaN,NaN,NaN,raw
810,0.32776764145274795,17.27454386295181,0.013872383645304423,NaN,NaN,NaN,raw
810,0.32788256295355833,17.277222891566264,0.029586929240649467,NaN,NaN,NaN,raw
810,0.3280158601886148,17.27533603162651,0.013253481754596919,NaN,NaN,NaN,raw
550,0.3280401000628488,19.070380952380955,0.011514262081980831,NaN,NaN,NaN,raw
810,0.3282750318268915,17.275867281626507,0.013495329911349633,NaN,NaN,NaN,raw
810,0.3284054267421077,17.277530120481927,0.029671672992388074,NaN,NaN,NaN,raw
810,0.32841000017106126,17.259,0.014,5321.89858,0.32841000017106126,0.23625028795504477,raw
810,0.328534881722808,17.275757153614457,0.013466441655835331,NaN,NaN,NaN,raw
810,0.32879480249642723,17.27625,0.013769451173654183,NaN,NaN,NaN,raw
810,0.3289289337529237,17.277578313253013,0.029672401413139576,NaN,NaN,NaN,raw
810,0.3289675480555161,17.263,0.011,6041.87627,0.3289675480555161,0.22729239582258742,raw
810,0.3289708847696602,17.261,0.013,7116.80163,0.3289708847696602,0.4310709664823662,raw
810,0.32905480768536094,17.27643109939759,0.013749846842620997,NaN,NaN,NaN,raw
810,0.3293202015068117,17.27768109939759,0.014476141642264862,NaN,NaN,NaN,raw
810,0.3294705404000469,17.277686746987953,0.029791163103355767,NaN,NaN,NaN,raw
810,0.32959099753087634,17.277738704819278,0.0144745864784106,NaN,NaN,NaN,raw
550,0.32964410682359896,19.069285714285716,0.01328110519128596,NaN,NaN,NaN,raw
810,0.32987606795092994,17.2788390436747,0.013013175344004507,NaN,NaN,NaN,raw
810,0.3300158469613611,17.27812048192771,0.02960155507395917,NaN,NaN,NaN,raw
550,0.3300196489362861,19.081,0.029,6080.81313,0.3300196489362861,0.5110058228419803,raw
810,0.3301752664410742,17.305,0.012,7182.85503,0.3301752664410742,0.715510350662953,raw
810,0.3301774481195899,17.277874058734938,0.01179209615444866,NaN,NaN,NaN,raw
810,0.33047243731211534,17.27940530873494,0.013754729951459075,NaN,NaN,NaN,raw
810,0.330500797546847,17.286,0.009,6775.76019,0.330500797546847,0.9629639928243705,raw
810,0.3305591127822459,17.278096385542167,0.029618018454304878,NaN,NaN,NaN,raw
810,0.33076554865328944,17.251,0.011,5992.85863,0.33076554865328944,0.38136792659497587,raw
810,0.330773034279257,17.279820218373494,0.013870965031477224,NaN,NaN,NaN,raw
810,0.33083092393706065,17.278233109653804,0.013575436242483908,NaN,NaN,NaN,raw
810,0.33083092393706065,17.278233109653804,0.013489785947427379,NaN,NaN,NaN,raw
810,0.3308309239370607,17.278233109653808,0.013532407810179252,NaN,NaN,NaN,raw
810,0.33105650698652117,17.279381024096384,0.01418041612772822,NaN,NaN,NaN,raw
810,0.3311029071127921,17.278090361445784,0.029617730621053485,NaN,NaN,NaN,raw
810,0.33134498733356754,17.279083960843373,0.014093336868373912,NaN,NaN,NaN,raw
810,0.33162370045398737,17.278911709337347,0.014146752277348188,NaN,NaN,NaN,raw
810,0.3316426489005958,17.27772891566265,0.029788018865107353,NaN,NaN,NaN,raw
550,0.331857492879083,19.054857142857145,0.03641609353200677,NaN,NaN,NaN,raw
810,0.3318951088127863,17.279224209337347,0.014416264798717885,NaN,NaN,NaN,raw
810,0.3319845428377448,17.254,0.012,6474.69817,0.3319845428377448,0.008546573444618843,raw
810,0.332066292365198,17.284,0.013,5693.88243,0.332066292365198,0.8884000216457935,raw
810,0.3321589348070394,17.279836031626502,0.014748909867545812,NaN,NaN,NaN,raw
810,0.33218495318047336,17.27734939759036,0.02950518546513255,NaN,NaN,NaN,raw
810,0.3324158550862035,17.279893260542167,0.014741994590058241,NaN,NaN,NaN,raw
810,0.3326602784728878,17.28050169427711,0.01504008462539716,NaN,NaN,NaN,raw
810,0.3326706405605364,17.29,0.017,5822.51213,0.3326706405605364,0.019961041296483018,raw
810,0.33272830079037585,17.277475903614455,0.029608905664226675,NaN,NaN,NaN,raw
550,0.3327686531499369,19.045619047619052,0.040792239491366934,NaN,NaN,NaN,raw
810,0.3329184295243035,17.281123493975905,0.014524957929654157,NaN,NaN,NaN,raw
810,0.3329520177157974,17.292,0.014,5312.86133,0.3329520177157974,0.906090147451323,raw
810,0.3331756895766883,17.280230421686746,0.015589527655148464,NaN,NaN,NaN,raw
810,0.33328046272842576,17.277795180722887,0.02974813833182779,NaN,NaN,NaN,raw
810,0.3334326283482877,17.279917921686746,0.016039787205535602,NaN,NaN,NaN,raw
810,0.33357086336400243,17.305,0.017,6431.59046,0.33357086336400243,0.8036238823224267,raw
810,0.3336910109259679,17.280475150602406,0.01566676653369611,NaN,NaN,NaN,raw
810,0.33384479737023537,17.27825301204819,0.030117081984086934,NaN,NaN,NaN,raw
810,0.3339348766483643,17.280578689759032,0.015658690262672796,NaN,NaN,NaN,raw
810,0.33416289527945947,17.283137424698793,0.021017063539035402,NaN,NaN,NaN,raw
810,0.3344016258915512,17.282325865963855,0.020643711391498624,NaN,NaN,NaN,raw
810,0.33440914552801293,17.27821084337349,0.030115295668875653,NaN,NaN,NaN,raw
810,0.33464043745330896,17.280794615963853,0.022126433640403103,NaN,NaN,NaN,raw
810,0.3348850563073759,17.2808266189759,0.022123145475862558,NaN,NaN,NaN,raw
810,0.3349758154893837,17.278120481927708,0.03018665070819311,NaN,NaN,NaN,raw
810,0.33512922451336635,17.319,0.013,6887.70422,0.33512922451336635,0.4048325560761441,raw
810,0.3351412869951954,17.281704066265057,0.021448537563238095,NaN,NaN,NaN,raw
550,0.3351966984890688,19.037452380952384,0.031579373057758375,NaN,NaN,NaN,raw
810,0.3353459959580505,17.29,0.013,5716.82829,0.3353459959580505,0.9682803349678579,raw
810,0.3353493326721946,17.263,0.014,6791.75365,0.3353493326721946,0.17205890562581772,raw
810,0.3353969024294666,17.281638742469877,0.021463076794994745,NaN,NaN,NaN,raw
810,0.3355376297466093,17.27849397590361,0.029970439373115547,NaN,NaN,NaN,raw
810,0.33564384793900126,17.28167639307229,0.021457052820991213,NaN,NaN,NaN,raw
810,0.3357299483468523,17.272,0.012,6855.72088,0.3357299483468523,0.9943001454266778,raw
810,0.33573921060815337,17.296,0.013,5643.8225,0.33573921060815337,0.8130769396957476,raw
810,0.33578871480676753,17.297,0.017,5635.82663,0.33578871480676753,0.7103689740361006,raw
810,0.3358820482490378,17.281270143072287,0.022111056611311,NaN,NaN,NaN,raw
810,0.33610401188681027,17.279054216867465,0.029719752848618785,NaN,NaN,NaN,raw
810,0.3361335956372928,17.28111502259036,0.022108699348465995,NaN,NaN,NaN,raw
810,0.33622697511600563,17.297,0.011,7906.65875,0.33622697511600563,0.8902114922384499,raw
810,0.336399279288884,17.281169615963854,0.022101256556915527,NaN,NaN,NaN,raw
550,0.33642881763444166,19.001,0.015,6421.85733,0.33642881763444166,0.9850162784223357,raw
810,0.33665926353236875,17.281607115963855,0.022417992152218395,NaN,NaN,NaN,raw
810,0.33667083381636304,17.278897590361442,0.02975142054526943,NaN,NaN,NaN,raw
550,0.3367765147965517,19.053100529100533,0.018708898882799627,NaN,NaN,NaN,raw
810,0.3369257926911124,17.28165097891566,0.02241102036250975,NaN,NaN,NaN,raw
550,0.3369764864809062,19.04421636432351,0.021201259470249353,NaN,NaN,NaN,raw
550,0.3369764864809062,19.044216364323507,0.019737298431519435,NaN,NaN,NaN,raw
550,0.3369764864809063,19.04421636432351,0.020430044823080144,NaN,NaN,NaN,raw
550,0.33710497232866715,19.041833333333333,0.03582713124621223,NaN,NaN,NaN,raw
810,0.3371612554292369,17.249,0.013,6432.63465,0.3371612554292369,0.037086486223415704,raw
810,0.33718958874669624,17.253,0.017,7108.8086,0.33718958874669624,0.33443759816509555,raw
810,0.33719227867558094,17.28152597891566,0.022362538285496274,NaN,NaN,NaN,raw
810,0.3372391272554282,17.2788313253012,0.029705144652719503,NaN,NaN,NaN,raw
810,0.3372742435167311,17.281,0.011,6340.85581,0.3372742435167311,0.7274043694742431,raw
550,0.33730378495368185,19.0565,0.035720603836743,NaN,NaN,NaN,raw
810,0.3373124431564065,17.36,0.015,6179.54749,0.3373124431564065,0.698146841412381,raw
810,0.337459225736009,17.281555158132527,0.02235812195479546,NaN,NaN,NaN,raw
550,0.3375823143978778,19.068,0.023,6434.72068,0.3375823143978778,0.49898517862493463,raw
810,0.3377347655566127,17.28072740963855,0.021948714918226166,NaN,NaN,NaN,raw
810,0.3378146460280107,17.279030120481924,0.029829906632142914,NaN,NaN,NaN,raw
550,0.3378724648117073,19.043166666666664,0.033549714355466616,NaN,NaN,NaN,raw
810,0.3380135698449523,17.281844503012046,0.02271502173564149,NaN,NaN,NaN,raw
810,0.33814276752309524,17.237,0.013,7862.85586,0.33814276752309524,0.19833859762729844,raw
810,0.3382805208150525,17.281851656626504,0.02271387649445698,NaN,NaN,NaN,raw
810,0.3383869161123869,17.27912048192771,0.02978545408278765,NaN,NaN,NaN,raw
810,0.33853077736712184,17.280816641566265,0.023625688917387384,NaN,NaN,NaN,raw
550,0.33873129508356215,19.005,0.015,7869.80901,0.33873129508356215,0.07072820518806111,raw
810,0.33879277358088694,17.279546121987952,0.022575937543615608,NaN,NaN,NaN,raw
810,0.338964930663514,17.27907831325301,0.029740695711097002,NaN,NaN,NaN,raw
810,0.339061992220233,17.278952371987952,0.022541955879241904,NaN,NaN,NaN,raw
810,0.3392826010094723,17.276,0.014,5763.76204,0.3392826010094723,0.35688344922346005,raw
810,0.3393344721323892,17.27943505271084,0.02235393888880035,NaN,NaN,NaN,raw
810,0.33954490520570385,17.278933734939756,0.029623114550341396,NaN,NaN,NaN,raw
810,0.33960194771869334,17.28010711596385,0.022646109202320384,NaN,NaN,NaN,raw
810,0.3396069527589134,17.241,0.013,6810.87573,0.3396069527589134,0.07309280637127813,raw
550,0.3397474776523138,19.041809523809523,0.0328149833041525,NaN,NaN,NaN,raw
810,0.339873819909672,17.281263365963852,0.02315761303843923,NaN,NaN,NaN,raw
810,0.3401158087893576,17.27903614457831,0.02971172435991512,NaN,NaN,NaN,raw
810,0.3401497218677201,17.27920086596385,0.024691101700037604,NaN,NaN,NaN,raw
810,0.34042586457927726,17.278625564759032,0.024476544436492245,NaN,NaN,NaN,raw
810,0.3406868300313933,17.279096385542168,0.02980323938375837,NaN,NaN,NaN,raw
810,0.3407033502035095,17.278623870481926,0.024476515684301897,NaN,NaN,NaN,raw
810,0.34098306962041725,17.278047816265058,0.02424591536795765,NaN,NaN,NaN,raw
810,0.34099013635204756,17.304,0.012,6804.61856,0.34099013635204756,0.6893645564778126,raw
810,0.3412572338701718,17.278879518072287,0.029868965383817194,NaN,NaN,NaN,raw
810,0.34126555185942875,17.278144766566264,0.024255623646995985,NaN,NaN,NaN,raw
810,0.34147956921879086,17.288,0.011,7866.68114,0.34147956921879086,0.3803934242896503,raw
810,0.34153332012423554,17.279057605421688,0.02366589746582922,NaN,NaN,NaN,raw
810,0.3418059653688851,17.278995105421686,0.02373946028304886,NaN,NaN,NaN,raw
810,0.34182276866212336,17.27872891566265,0.029875580502012614,NaN,NaN,NaN,raw
810,0.34207803424564254,17.277937876506023,0.024488505614243636,NaN,NaN,NaN,raw
810,0.3422113845684374,17.276610073030213,0.014904101956002763,NaN,NaN,NaN,raw
810,0.34235405845410305,17.278125376506026,0.024535632157039324,NaN,NaN,NaN,raw
810,0.34238813762332,17.278512048192773,0.02975572019401192,NaN,NaN,NaN,raw
810,0.34263438986453487,17.275580195783135,0.019469869443286644,NaN,NaN,NaN,raw
810,0.3427665345971036,17.314,0.013,5334.76652,0.3427665345971036,0.7600369352621783,raw
810,0.34289954462743966,17.275673004518076,0.01949390854012377,NaN,NaN,NaN,raw
550,0.3429288234755014,19.052428571428575,0.034082962776853055,NaN,NaN,NaN,raw
810,0.342951576571221,17.278439759036143,0.02968837111287048,NaN,NaN,NaN,raw
810,0.34298402515560156,17.245,0.01,6049.87703,0.34298402515560156,0.34045979140501004,raw
810,0.3431712619045063,17.276972138554214,0.018174053795708574,NaN,NaN,NaN,raw
550,0.34335185214400726,19.037261904761905,0.02795626443372882,NaN,NaN,NaN,raw
810,0.34343806182156805,17.276030873493973,0.018827448194709315,NaN,NaN,NaN,raw
810,0.34351310335384905,17.27834337349398,0.029732079166800075,NaN,NaN,NaN,raw
810,0.34370168340284,17.276031061746988,0.01882747967865548,NaN,NaN,NaN,raw
810,0.34396099241712363,17.271,0.013,5308.69339,0.34396099241712363,0.9911052066781849,raw
810,0.3439733109957347,17.27612989457831,0.018835610605009087,NaN,NaN,NaN,raw
810,0.3440686898611931,17.278445783132533,0.029787836855577475,NaN,NaN,NaN,raw
810,0.3440968485083431,17.3,0.016,6925.60089,0.3440968485083431,0.4636391500935133,raw
810,0.34425461179364725,17.276145707831326,0.01883825270374868,NaN,NaN,NaN,raw
810,0.3444298584581702,17.309,0.012,6038.75282,0.3444298584581702,0.5464117417686793,raw
810,0.34455167622604266,17.27734205572289,0.017716490789502062,NaN,NaN,NaN,raw
810,0.34456807326569105,17.23,0.012,7180.77415,0.34456807326569105,0.2646272132969898,raw
810,0.34462528157659855,17.278590361445783,0.02985359676602742,NaN,NaN,NaN,raw
810,0.34485055456746727,17.277354292168674,0.01771783378187074,NaN,NaN,NaN,raw
810,0.34498355186224217,17.279,0.013,5660.86043,0.34498355186224217,0.2562333603618754,raw
810,0.3451324345329615,17.276507530120483,0.018270751968841138,NaN,NaN,NaN,raw
810,0.34517799645705216,17.278566265060242,0.02984269578004346,NaN,NaN,NaN,raw
810,0.3454216934950204,17.275755647590362,0.017585079382098974,NaN,NaN,NaN,raw
810,0.3457102654647315,17.282,0.014,5649.73597,0.3457102654647315,0.46165057504367724,raw
810,0.34572037337998546,17.27578670933735,0.017591651924628113,NaN,NaN,NaN,raw
810,0.34572983990305345,17.278210843373497,0.03004437329280036,NaN,NaN,NaN,raw
810,0.3459142365754815,17.251,0.014,6924.55858,0.3459142365754815,0.23419775851652957,raw
810,0.34594533131166827,17.245,0.01,5984.86802,0.34594533131166827,0.28991079967090627,raw
810,0.3460197968445112,17.274505459337348,0.018157404653445633,NaN,NaN,NaN,raw
810,0.3461070181874675,17.287,0.012,6428.81364,0.3461070181874675,0.8641649449964461,raw
810,0.3462830482902239,17.27855421686747,0.030126099833884347,NaN,NaN,NaN,raw
810,0.3462995984409645,17.282,0.014,7198.85241,0.3462995984409645,0.932989918948806,raw
810,0.34631272644698885,17.27495143072289,0.018437582246468166,NaN,NaN,NaN,raw
810,0.3465903568698916,17.273654179216866,0.019602550148505687,NaN,NaN,NaN,raw
810,0.3468377203892279,17.278572289156624,0.03013692314331677,NaN,NaN,NaN,raw
810,0.34685971960390755,17.272591867469878,0.01821777545717067,NaN,NaN,NaN,raw
810,0.3469245134583616,17.249,0.015,7659.48526,0.3469245134583616,0.20027327132265782,raw
810,0.3471338507892952,17.272609375,0.018223844836316085,NaN,NaN,NaN,raw
550,0.34739295008460297,19.05059523809524,0.00494063396191083,NaN,NaN,NaN,raw
810,0.3474008212642182,17.2790843373494,0.03007997615218149,NaN,NaN,NaN,raw
810,0.3474142230131463,17.27369032379518,0.017546647794450955,NaN,NaN,NaN,raw
810,0.34768043819599437,17.27377334337349,0.01757563402812245,NaN,NaN,NaN,raw
810,0.34793664616211184,17.274273343373494,0.017721176750643126,NaN,NaN,NaN,raw
810,0.34797468398210185,17.279162650602405,0.03010190857069352,NaN,NaN,NaN,raw
810,0.34820054123088806,17.27430534638554,0.017729877488472625,NaN,NaN,NaN,raw
550,0.34839543787295824,19.054357142857146,0.03701061623758407,NaN,NaN,NaN,raw
810,0.34848110782819375,17.27366641566265,0.017132385110129843,NaN,NaN,NaN,raw
810,0.34854653073890374,17.27943975903614,0.030043493481079115,NaN,NaN,NaN,raw
810,0.34875378992784234,17.27276016566265,0.01592770771516282,NaN,NaN,NaN,raw
810,0.34902603875774374,17.27316641566265,0.014936859051030182,NaN,NaN,NaN,raw
810,0.34911301459556765,17.279283132530114,0.029877090926812015,NaN,NaN,NaN,raw
810,0.3493075735998774,17.273212914156623,0.014956591448571326,NaN,NaN,NaN,raw
810,0.3495954274843468,17.27325847138554,0.014976993655874014,NaN,NaN,NaN,raw
810,0.3496799157149446,17.27942771084337,0.029928868452536124,NaN,NaN,NaN,raw
810,0.34970698892720975,17.252,0.014,6506.68788,0.34970698892720975,0.43270404925351613,raw
810,0.34989186317439447,17.27180327560241,0.01661707852786413,NaN,NaN,NaN,raw
810,0.35017436918551925,17.271757718373493,0.016590198147497768,NaN,NaN,NaN,raw
810,0.35024642313793125,17.27993975903614,0.029908486440368462,NaN,NaN,NaN,raw
810,0.3504598170080952,17.27225112951807,0.017017600599999853,NaN,NaN,NaN,raw
810,0.35075342785190045,17.273169804216867,0.016622282102960878,NaN,NaN,NaN,raw
810,0.35081499018905377,17.279873493975902,0.029882633384980876,NaN,NaN,NaN,raw
550,0.3508545889053494,19.045,0.018,6837.64848,0.3508545889053494,0.3384716441432829,raw
550,0.3508929830487822,19.05745238095238,0.014254310721660123,NaN,NaN,NaN,raw
810,0.3510611200836138,17.247,0.013,5328.8594,0.3510611200836138,0.1250455862173112,raw
810,0.3510633128564109,17.274267131024096,0.01584345437237106,NaN,NaN,NaN,raw
810,0.3511965159414103,17.293,0.011,6461.8419,0.3511965159414103,0.5097213877379545,raw
810,0.35127231115620816,17.237,0.017,6807.75096,0.35127231115620816,0.38938874792074785,raw
810,0.3513743806665275,17.273329631024097,0.01595292399265395,NaN,NaN,NaN,raw
810,0.3513861420856137,17.280006024096384,0.029936396614793206,NaN,NaN,NaN,raw
810,0.3516831772823588,17.27271856174699,0.01611997593476903,NaN,NaN,NaN,raw
810,0.35172377450362546,17.279,0.023,5839.55347,0.35172377450362546,0.470411256656007,raw
810,0.35188077175500826,17.274763997097494,0.01585291286095627,NaN,NaN,NaN,raw
810,0.35188077175500826,17.27476399709749,0.015802982302724877,NaN,NaN,NaN,raw
810,0.3518807717550083,17.274763997097494,0.015903319706318714,NaN,NaN,NaN,raw
810,0.35195593631883587,17.27959036144578,0.030107700069997488,NaN,NaN,NaN,raw
810,0.35199662088419875,17.272281061746988,0.016049778490260357,NaN,NaN,NaN,raw
810,0.35203198920498835,17.281,0.015,7214.49853,0.35203198920498835,0.39914446568764106,raw
810,0.35215964733288274,17.287,0.009,6729.87828,0.35215964733288274,0.8241863943130738,raw
810,0.35229598844903715,17.272331890060244,0.016072903831653846,NaN,NaN,NaN,raw
810,0.3525133320620308,17.27946987951807,0.03013800071766741,NaN,NaN,NaN,raw
810,0.3525964843008121,17.27333189006024,0.015561785701885792,NaN,NaN,NaN,raw
550,0.35274060701704,19.057976190476193,0.014111858765701587,NaN,NaN,NaN,raw
810,0.3528866376734312,17.273141754518072,0.01552636369117608,NaN,NaN,NaN,raw
810,0.3530749796221255,17.27955421686747,0.030071733636896265,NaN,NaN,NaN,raw
810,0.3531556856469251,17.28,0.017,6833.82516,0.3531556856469251,0.16060914522131498,raw
810,0.35316773849325567,17.273160956325302,0.015534427932423843,NaN,NaN,NaN,raw
810,0.35328003582253587,17.243,0.01,6086.73122,0.35328003582253587,0.16946137358172564,raw
550,0.3534289223680389,19.073,0.019,6890.49176,0.3534289223680389,0.36722095941331645,raw
810,0.3534483223050052,17.273170557228916,0.015538528063978324,NaN,NaN,NaN,raw
810,0.35363439652487666,17.280078313253014,0.029642310253042665,NaN,NaN,NaN,raw
810,0.3537144706226901,17.27163045933735,0.017260110709087888,NaN,NaN,NaN,raw
550,0.3539383097777318,19.055928571428574,0.03754886925617848,NaN,NaN,NaN,raw
810,0.35396463995450206,17.270523343373494,0.017869307476423894,NaN,NaN,NaN,raw
810,0.35419487616526163,17.280457831325304,0.029748155513921605,NaN,NaN,NaN,raw
810,0.3542262887109706,17.271391942771086,0.01761358207707888,NaN,NaN,NaN,raw
550,0.35426953816985135,19.047534013605446,0.020570378641055893,NaN,NaN,NaN,raw
550,0.35426953816985135,19.047534013605443,0.01982211284448563,NaN,NaN,NaN,raw
550,0.3542695381698514,19.047534013605443,0.019149980342328135,NaN,NaN,NaN,raw
810,0.3544767704320779,17.269362575301205,0.020154712802966736,NaN,NaN,NaN,raw
810,0.3546639385385788,17.232,0.017,6923.51868,0.3546639385385788,0.009911218903653207,raw
810,0.35471274564061794,17.267804028614457,0.02121608386185902,NaN,NaN,NaN,raw
810,0.3547504578207254,17.2805421686747,0.02979802767718296,NaN,NaN,NaN,raw
810,0.35486417022548267,17.294,0.012,7916.747,0.35486417022548267,0.4684004366026784,raw
810,0.35494928945732307,17.26883094879518,0.0209704986848132,NaN,NaN,NaN,raw
810,0.35519880392445136,17.268434111445785,0.020615528635597576,NaN,NaN,NaN,raw
810,0.35530978357724874,17.280397590361446,0.029819838732582666,NaN,NaN,NaN,raw
810,0.3554580555647242,17.26862161144578,0.02034593270864817,NaN,NaN,NaN,raw
550,0.3555387236798803,19.064761904761905,0.008551265968255686,NaN,NaN,NaN,raw
810,0.3557193721453473,17.268634412650602,0.02035345406201063,NaN,NaN,NaN,raw
810,0.35586165145600335,17.280114457831328,0.02960659481215183,NaN,NaN,NaN,raw
810,0.35598770136679575,17.26868298192771,0.020380823295414636,NaN,NaN,NaN,raw
810,0.35606118811119813,17.257,0.013,6497.65126,0.35606118811119813,0.10389144266628136,raw
810,0.3561645399968256,17.259,0.01,7137.66992,0.3561645399968256,0.0671480428572977,raw
810,0.35625869349718187,17.26941453313253,0.021189070643125557,NaN,NaN,NaN,raw
810,0.3563297936998424,17.268,0.012,5769.67797,0.3563297936998424,0.01071888367550855,raw
810,0.35641748246405724,17.280198795180723,0.029508544192450296,NaN,NaN,NaN,raw
810,0.3565297683642825,17.27041453313253,0.02246987089258909,NaN,NaN,NaN,raw
810,0.3565403807151597,17.281,0.011,7221.80069,0.3565403807151597,0.018046473664071527,raw
810,0.35668572918802965,17.273,0.013,7868.77231,0.35668572918802965,0.8532862822976313,raw
810,0.3568019305533651,17.270204066265062,0.02234068018663497,NaN,NaN,NaN,raw
810,0.35696991021648566,17.279777108433738,0.02962316384920177,NaN,NaN,NaN,raw
810,0.3570705750178982,17.270658132530123,0.02268015990782971,NaN,NaN,NaN,raw
810,0.3573263153071942,17.271203313253014,0.02310657064587025,NaN,NaN,NaN,raw
810,0.3575252127148892,17.27974698795181,0.029637749627692583,NaN,NaN,NaN,raw
810,0.35758475904250164,17.271212914156628,0.0231104071308641,NaN,NaN,NaN,raw
810,0.35762976076148334,17.23,0.014,6826.87377,0.35762976076148334,0.29198407685544225,raw
810,0.3576853343329276,17.244,0.018,5465.48708,0.3576853343329276,0.3638277406753332,raw
810,0.3578567141868635,17.27235768072289,0.022568750992662544,NaN,NaN,NaN,raw
550,0.3579441790704247,19.036428571428573,0.04220449487619932,NaN,NaN,NaN,raw
810,0.3580797491342025,17.279795180722893,0.029661017794974705,NaN,NaN,NaN,raw
810,0.3581189328673633,17.27282398343374,0.022885347189169677,NaN,NaN,NaN,raw
810,0.358261838213366,17.215,0.018,6909.61404,0.358261838213366,0.26868264870427083,raw
810,0.3583640122992158,17.27562217620482,0.028607611725641417,NaN,NaN,NaN,raw
810,0.3583661968623346,17.23,0.012,7130.71774,0.3583661968623346,0.1968332097385428,raw
810,0.3586099489996509,17.277114269578313,0.02748203856760622,NaN,NaN,NaN,raw
810,0.3586305222181773,17.279861445783133,0.029709687559224478,NaN,NaN,NaN,raw
810,0.3588549865027072,17.278222326807228,0.028326549720248256,NaN,NaN,NaN,raw
810,0.3591120786720732,17.277769013554217,0.028181612821437434,NaN,NaN,NaN,raw
810,0.3591809788895152,17.280301204819278,0.02973080636350888,NaN,NaN,NaN,raw
550,0.3592489388938702,19.065357142857142,0.059917388182341914,NaN,NaN,NaN,raw
810,0.35937235629257813,17.276319088855423,0.0292165697888271,NaN,NaN,NaN,raw
810,0.3595683636449394,17.243,0.016,7214.50115,0.3595683636449394,0.40474849562815507,raw
810,0.3596155869207243,17.27629329819277,0.02921347548584502,NaN,NaN,NaN,raw
810,0.3597482726655548,17.2804156626506,0.029762323068045552,NaN,NaN,NaN,raw
810,0.3598699508918183,17.276982868975903,0.029003049554474643,NaN,NaN,NaN,raw
810,0.3601239349802493,17.278014118975904,0.028929604651931694,NaN,NaN,NaN,raw
810,0.3603103095899742,17.28055421686747,0.029446923186312035,NaN,NaN,NaN,raw
810,0.36037876133774016,17.277545368975904,0.029217192852787458,NaN,NaN,NaN,raw
810,0.36062768449119176,17.303,0.012,7109.85969,0.36062768449119176,0.5826589068674366,raw
810,0.36063941631199226,17.27752673192771,0.029215635857281513,NaN,NaN,NaN,raw
550,0.36064528853967204,18.988,0.014,7194.68563,0.36064528853967204,0.020486151735894964,raw
810,0.3607063849522092,17.313,0.015,5382.74808,0.3607063849522092,0.3898456260867533,raw
810,0.3608688373835255,17.28026506024096,0.029823962030697215,NaN,NaN,NaN,raw
810,0.3608963119363672,17.27705798192771,0.02927837771083881,NaN,NaN,NaN,raw
810,0.36110995492708753,17.294,0.011,5768.63669,0.36110995492708753,0.7834806031059998,raw
810,0.36116597258520183,17.277248870481927,0.02927097899325937,NaN,NaN,NaN,raw
810,0.3612586688796,17.297,0.012,7607.6908,0.3612586688796,0.41488986476906575,raw
810,0.361425885176763,17.28030722891566,0.029810038102432733,NaN,NaN,NaN,raw
810,0.3614441451528585,17.27721893825301,0.02926879989590582,NaN,NaN,NaN,raw
550,0.36162129080825944,19.04040476190476,0.045401066096745914,NaN,NaN,NaN,raw
810,0.36172229187444266,17.27719408885542,0.029266921825638992,NaN,NaN,NaN,raw
810,0.36198260044211455,17.27963253012048,0.029945666387273383,NaN,NaN,NaN,raw
810,0.3620149899939924,17.278721009036143,0.027971197534073827,NaN,NaN,NaN,raw
810,0.362025394300872,17.295,0.013,6472.62273,0.362025394300872,0.5692992845015397,raw
810,0.3620374179845385,17.37,0.016,6773.68527,0.3620374179845385,0.5248289540977567,raw
810,0.36232075968983457,17.280221009036143,0.02732882666220942,NaN,NaN,NaN,raw
810,0.36253391295250337,17.279746987951807,0.029697808662549972,NaN,NaN,NaN,raw
810,0.36259165791852865,17.316,0.016,5840.60019,0.36259165791852865,0.7092853856520378,raw
810,0.36261683140671874,17.28163365963855,0.028451388001478443,NaN,NaN,NaN,raw
810,0.3629075547195555,17.28362142319277,0.025738508067744,NaN,NaN,NaN,raw
810,0.36309111964519286,17.27949397590361,0.029925107931341628,NaN,NaN,NaN,raw
810,0.3631950183245465,17.28505892319277,0.02386338725545503,NaN,NaN,NaN,raw
810,0.3634768177842811,17.285750753012046,0.02402818841279233,NaN,NaN,NaN,raw
810,0.3636386674334062,17.234,0.009,6696.85578,0.3636386674334062,0.19095026166723983,raw
810,0.3636450315566819,17.2792891566265,0.029955332452081256,NaN,NaN,NaN,raw
810,0.3637437148582236,17.285428840361444,0.024172125740475104,NaN,NaN,NaN,raw
550,0.3637794621673016,19.03895238095238,0.04425905495577441,NaN,NaN,NaN,raw
810,0.3640114326330518,17.286549510542166,0.022941564527052916,NaN,NaN,NaN,raw
810,0.36420083518620583,17.279066265060237,0.02959896303305823,NaN,NaN,NaN,raw
810,0.36428164771342575,17.287411521084337,0.023220193026514718,NaN,NaN,NaN,raw
810,0.36429203082661843,17.292,0.011,7954.64383,0.36429203082661843,0.5275492614564428,raw
810,0.3644842371395498,17.253,0.011,6158.6981,0.3644842371395498,0.10249578253933578,raw
810,0.36454409321991466,17.28736332831325,0.023236478893352897,NaN,NaN,NaN,raw
810,0.3647584416401251,17.27960240963855,0.029547266605481834,NaN,NaN,NaN,raw
810,0.36476104069515713,17.266,0.014,7184.60529,0.36476104069515713,0.45921624432958197,raw
810,0.3647669587737941,17.279589761558192,0.014630905132192952,NaN,NaN,NaN,raw
810,0.3647669587737941,17.279589761558192,0.014619233087948026,NaN,NaN,NaN,raw
810,0.36481433794776685,17.286609374999998,0.023103786883204584,NaN,NaN,NaN,raw
550,0.36496964499123613,19.067857142857143,0.060937366511547505,NaN,NaN,NaN,raw
810,0.3650868726277603,17.286015624999997,0.022643242258065438,NaN,NaN,NaN,raw
810,0.3653148699507376,17.279108433734937,0.02983774792386834,NaN,NaN,NaN,raw
810,0.36535474416308317,17.28706984186747,0.023146588493323118,NaN,NaN,NaN,raw
810,0.3656275834509418,17.286604103915664,0.02315258576823081,NaN,NaN,NaN,raw
550,0.36572345297099673,19.061,0.018,7652.53885,0.36572345297099673,0.342300137725033,raw
810,0.36587143238149844,17.278819277108433,0.030022070499051492,NaN,NaN,NaN,raw
810,0.365896777819967,17.28688535391566,0.023336876494379717,NaN,NaN,NaN,raw
810,0.36617744580878747,17.28685768072289,0.023345452021851613,NaN,NaN,NaN,raw
810,0.36642590780558243,17.278951807228914,0.03004921361930078,NaN,NaN,NaN,raw
810,0.3664541007901731,17.285494164156624,0.024996852216589475,NaN,NaN,NaN,raw
810,0.3667338072542703,17.285004518072288,0.0249580737504643,NaN,NaN,NaN,raw
810,0.36699610058707527,17.278861445783132,0.029956515277882574,NaN,NaN,NaN,raw
810,0.36701440326613244,17.28316076807229,0.020202858858596847,NaN,NaN,NaN,raw
550,0.367173430455209,19.06445238095238,0.0034288194354747336,NaN,NaN,NaN,raw
810,0.36728912810434144,17.283231174698795,0.020194502245062446,NaN,NaN,NaN,raw
810,0.36746996459987713,17.292,0.014,5437.6787,0.36746996459987713,0.8832956487276533,raw
810,0.3675540440744953,17.325,0.01,7193.64509,0.3675540440744953,0.7948306887792569,raw
810,0.3675649842241428,17.278608433734938,0.030005206436375692,NaN,NaN,NaN,raw
810,0.3675650322220463,17.276,0.008,6405.87638,0.3675650322220463,0.8026795391087944,raw
810,0.36756882719305983,17.282088102409638,0.019295043805608845,NaN,NaN,NaN,raw
810,0.36764810492968536,17.302,0.017,6842.52138,0.36764810492968536,0.7613256482545694,raw
810,0.36772168525567395,17.27,0.011,5815.57137,0.36772168525567395,0.17407293409632985,raw
810,0.36785061266573393,17.282096385542168,0.01929395111718322,NaN,NaN,NaN,raw
810,0.3681329741164827,17.28353200301205,0.017194700849212603,NaN,NaN,NaN,raw
810,0.3681353324394417,17.278861445783132,0.029922507314021143,NaN,NaN,NaN,raw
810,0.368395155237522,17.308,0.014,7616.73211,0.368395155237522,0.7537341127354011,raw
810,0.36843284787010633,17.283553463855423,0.017189662324195557,NaN,NaN,NaN,raw
810,0.36870856579762074,17.27901204819277,0.029747622864398953,NaN,NaN,NaN,raw
810,0.36873299903173395,17.2835734186747,0.017184655181805886,NaN,NaN,NaN,raw
810,0.369047872344336,17.28319314759036,0.017126711998348816,NaN,NaN,NaN,raw
810,0.36927551578246054,17.278873493975905,0.029651137580864528,NaN,NaN,NaN,raw
810,0.3693591235300713,17.28525564759036,0.01734603394121025,NaN,NaN,NaN,raw
810,0.3694274947119993,17.294,0.013,7822.8873,0.3694274947119993,0.707877961340273,raw
810,0.36944072651385795,17.314,0.013,6786.89844,0.36944072651385795,0.787042798317998,raw
810,0.36967699649777075,17.285260165662653,0.01734453272288912,NaN,NaN,NaN,raw
810,0.3698408121385636,17.27909638554217,0.029586899008127263,NaN,NaN,NaN,raw
810,0.3698728886884055,17.306,0.023,6469.84428,0.3698728886884055,0.6263538705352403,raw
810,0.37000292851210503,17.28635391566265,0.017193701425747998,NaN,NaN,NaN,raw
810,0.3703209230857608,17.28636954066265,0.017187130534044744,NaN,NaN,NaN,raw
810,0.37040726081901876,17.27942168674699,0.029815440572488288,NaN,NaN,NaN,raw
810,0.37063900511801773,17.286394766566268,0.01717628035246698,NaN,NaN,NaN,raw
550,0.3708271934033941,19.0645,0.061450104838115846,NaN,NaN,NaN,raw
810,0.370835559846455,17.236,0.017,7644.54474,0.370835559846455,0.2433567112639139,raw
550,0.3709333902608618,19.0595,0.005894913061274866,NaN,NaN,NaN,raw
810,0.37095737770062637,17.285677522590362,0.017958504997939977,NaN,NaN,NaN,raw
810,0.3709760011519809,17.279331325301207,0.029833353015917035,NaN,NaN,NaN,raw
810,0.3710164903641271,17.311,0.015,6507.73823,0.3710164903641271,0.6793425403411675,raw
810,0.37125794206366813,17.285696347891566,0.017951443800942393,NaN,NaN,NaN,raw
810,0.371325107775192,17.282,0.017,5698.76314,0.371325107775192,0.3279591684386105,raw
810,0.3715420287575157,17.27942168674699,0.02983372932810261,NaN,NaN,NaN,raw
810,0.371547883035934,17.28529009789157,0.01795128548355144,NaN,NaN,NaN,raw
810,0.37184842334527934,17.2838640813253,0.016444272087447642,NaN,NaN,NaN,raw
810,0.3721082547707661,17.279759036144583,0.02998589177816828,NaN,NaN,NaN,raw
810,0.37216200328203075,17.282470067771083,0.018647369988933456,NaN,NaN,NaN,raw
810,0.3724796631130841,17.282578501506023,0.018618599556864034,NaN,NaN,NaN,raw
810,0.37267423385736653,17.27993975903615,0.029853114916949874,NaN,NaN,NaN,raw
810,0.372805405459688,17.281516001506024,0.01844384051011058,NaN,NaN,NaN,raw
810,0.3731356586903971,17.281825112951807,0.018327131076586914,NaN,NaN,NaN,raw
810,0.37324099167263813,17.27997590361446,0.029892119526467063,NaN,NaN,NaN,raw
550,0.37341556922159835,19.057369236583522,0.009011147546205548,NaN,NaN,NaN,raw
550,0.37341556922159835,19.057369236583522,0.00838892182700225,NaN,NaN,NaN,raw
550,0.3734155692215984,19.057369236583522,0.008683359049244388,NaN,NaN,NaN,raw
550,0.3734579168579169,19.062597883597885,0.02523870112388122,NaN,NaN,NaN,raw
810,0.3734704145146501,17.28185918674699,0.018322456287777022,NaN,NaN,NaN,raw
810,0.3737983393894459,17.28198418674699,0.018519136608947512,NaN,NaN,NaN,raw
810,0.37380567235829065,17.279704819277107,0.030185741782120207,NaN,NaN,NaN,raw
810,0.3741326099920145,17.28199774096386,0.018517049727867312,NaN,NaN,NaN,raw
810,0.37426846203248215,17.283024544906066,0.012924420106076312,NaN,NaN,NaN,raw
810,0.3742684620324822,17.283024544906066,0.013006480740680457,NaN,NaN,NaN,raw
810,0.3742684620324822,17.283024544906066,0.012965255658401275,NaN,NaN,NaN,raw
810,0.3743679768298841,17.279831325301206,0.030264618517181204,NaN,NaN,NaN,raw
810,0.37444427508307854,17.319,0.01,6487.57588,0.37444427508307854,0.5532306911754858,raw
810,0.374466549572089,17.282019766566265,0.018513632498078126,NaN,NaN,NaN,raw
550,0.3746530999097082,19.060333333333332,0.006370504951204931,NaN,NaN,NaN,raw
810,0.37481330878209,17.281564570783132,0.018388217914763635,NaN,NaN,NaN,raw
810,0.37493037660650697,17.279746987951807,0.030266830879341195,NaN,NaN,NaN,raw
810,0.3751689215631398,17.281658320783137,0.018565711219626108,NaN,NaN,NaN,raw
810,0.37519086515385425,17.301,0.011,6777.86161,0.37519086515385425,0.4577810137598135,raw
810,0.375490696307723,17.27960843373494,0.030414664345162764,NaN,NaN,NaN,raw
810,0.375520404008694,17.281662650602414,0.018565110608691506,NaN,NaN,NaN,raw
810,0.3758882661598902,17.280819465361446,0.018029098115705175,NaN,NaN,NaN,raw
810,0.3760500574137194,17.279626506024098,0.030405625812528165,NaN,NaN,NaN,raw
550,0.3762495244081947,19.053,0.017,6759.78432,0.3762495244081947,0.791493082551824,raw
810,0.3762570003249174,17.280814006024094,0.018029561470385404,NaN,NaN,NaN,raw
810,0.3766138304490596,17.256,0.016,7143.93468,0.3766138304490596,0.46711086803225044,raw
810,0.3766141602044112,17.27946385542169,0.03057759955821591,NaN,NaN,NaN,raw
810,0.3766301798951739,17.282162085843375,0.016077810274296677,NaN,NaN,NaN,raw
810,0.3767480757123849,17.279,0.01,6371.81014,0.3767480757123849,0.9369433267856948,raw
550,0.37688258191753576,19.0635,0.06266485949385582,NaN,NaN,NaN,raw
810,0.37701674621432396,17.282148343373493,0.016080495628489944,NaN,NaN,NaN,raw
810,0.3771713339735459,17.27936746987952,0.030521784007725334,NaN,NaN,NaN,raw
810,0.3774043391472764,17.283054593373496,0.01840771872089193,NaN,NaN,NaN,raw
810,0.377599542200187,17.234,0.01,6558.49702,0.377599542200187,0.24948713500816666,raw
810,0.3777301468157546,17.279469879518075,0.03057265062185485,NaN,NaN,NaN,raw
810,0.377789308192107,17.282867093373497,0.018449318095811587,NaN,NaN,NaN,raw
550,0.37791144907064983,19.051833333333335,0.01229159604499471,NaN,NaN,NaN,raw
810,0.37807186002100934,17.268,0.012,7093.87398,0.37807186002100934,0.39014080018387176,raw
810,0.37817610814934777,17.282842055722895,0.018454687581694836,NaN,NaN,NaN,raw
810,0.3782897886383646,17.27989156626506,0.030660214887144644,NaN,NaN,NaN,raw
810,0.3785541054262789,17.281818335843376,0.0195096768198497,NaN,NaN,NaN,raw
810,0.3788475188155381,17.279951807228915,0.03061883105044914,NaN,NaN,NaN,raw
810,0.3788887512309884,17.312,0.012,6559.54041,0.3788887512309884,0.48123858472899883,raw
810,0.37891823707907535,17.282195218373495,0.019588545137000767,NaN,NaN,NaN,raw
810,0.3792699460310898,17.282147402108436,0.01959600342737277,NaN,NaN,NaN,raw
810,0.3794052250798167,17.27944578313253,0.03123935086899729,NaN,NaN,NaN,raw
810,0.37962219808092923,17.282109563253012,0.019602040179624948,NaN,NaN,NaN,raw
810,0.3799615823448451,17.279578313253015,0.03133092981700751,NaN,NaN,NaN,raw
810,0.3799729788161206,17.283114834337347,0.02029408698053339,NaN,NaN,NaN,raw
810,0.3803233212836804,17.281853539156625,0.01921754342127394,NaN,NaN,NaN,raw
810,0.3805237894320304,17.279433734939754,0.03132863643884295,NaN,NaN,NaN,raw
550,0.3805348511517271,19.054785714285718,0.013695485625949865,NaN,NaN,NaN,raw
550,0.3806022408862191,19.039,0.015,6473.67213,0.3806022408862191,0.8139057799999136,raw
810,0.38066703066806784,17.281236445783133,0.01960059833672393,NaN,NaN,NaN,raw
810,0.3808203355074511,17.317,0.011,6172.60967,0.3808203355074511,0.8585472258218942,raw
810,0.38101209153176807,17.280544427710844,0.019268421317352985,NaN,NaN,NaN,raw
810,0.3810882503962986,17.279234939759032,0.03127006869287239,NaN,NaN,NaN,raw
810,0.38136598048865167,17.280535391566264,0.019268942216450598,NaN,NaN,NaN,raw
810,0.38164447752668307,17.279018072289155,0.03111707567695999,NaN,NaN,NaN,raw
810,0.38172035226292417,17.280984563253014,0.019414053439230066,NaN,NaN,NaN,raw
810,0.3820573381434258,17.281695406626504,0.018878797115019372,NaN,NaN,NaN,raw
810,0.3822067540998882,17.279246987951804,0.031337350499477924,NaN,NaN,NaN,raw
810,0.3824124926805826,17.281676016566266,0.01888148148646842,NaN,NaN,NaN,raw
810,0.38277730609466326,17.279138554216864,0.0314249286542921,NaN,NaN,NaN,raw
810,0.3827815242569026,17.281654743975906,0.01888497678325365,NaN,NaN,NaN,raw
810,0.3831403618782313,17.28273701054217,0.019723422400007493,NaN,NaN,NaN,raw
810,0.3833461233647847,17.27889156626506,0.031641749194338195,NaN,NaN,NaN,raw
810,0.38341946421860484,17.34,0.011,6744.83798,0.38341946421860484,0.8221278758355766,raw
810,0.38349477552723765,17.28392451054217,0.01773849224875916,NaN,NaN,NaN,raw
810,0.3836441172097693,17.276,0.012,6386.76137,0.3836441172097693,0.9167679634283559,raw
810,0.38385112573085556,17.283903426204823,0.01774435792773523,NaN,NaN,NaN,raw
810,0.3839196273892226,17.278620481927714,0.031687019650194215,NaN,NaN,NaN,raw
550,0.38411973065142646,19.061857142857143,0.06283905833752862,NaN,NaN,NaN,raw
810,0.3842041676325607,17.247,0.013,7217.63854,0.3842041676325607,0.11544601126661291,raw
810,0.38421463870779404,17.284231362951807,0.017536718357706576,NaN,NaN,NaN,raw
810,0.38432644674685434,17.292,0.012,6378.76572,0.38432644674685434,0.8145305651705712,raw
810,0.3844956781371015,17.278445783132533,0.03166500908403594,NaN,NaN,NaN,raw
810,0.3845811783068136,17.285078501506028,0.017969726883120117,NaN,NaN,NaN,raw
550,0.3846567103432574,19.072619047619046,0.040098178831191586,NaN,NaN,NaN,raw
810,0.38493831919012134,17.28503482680723,0.01798428154946895,NaN,NaN,NaN,raw
810,0.3850777379531507,17.27849397590362,0.03169948799662073,NaN,NaN,NaN,raw
810,0.38530605812709406,17.284378576807228,0.017340189514415547,NaN,NaN,NaN,raw
810,0.3855929603560071,17.312,0.012,5721.71282,0.3855929603560071,0.4160102429686958,raw
810,0.3856552340449931,17.278638554216872,0.03161878165028751,NaN,NaN,NaN,raw
810,0.38566343420802973,17.284330572289157,0.017356404703400784,NaN,NaN,NaN,raw
810,0.3859290769069048,17.26,0.011,5667.82761,0.3859290769069048,0.1586323343544791,raw
810,0.38602105984732804,17.284292545180723,0.017368481411158366,NaN,NaN,NaN,raw
810,0.38623281279226185,17.278855421686753,0.03156527917213853,NaN,NaN,NaN,raw
810,0.38637671698307297,17.285341490963855,0.018065194904866157,NaN,NaN,NaN,raw
810,0.38672477181608467,17.285716490963857,0.018851023324958794,NaN,NaN,NaN,raw
810,0.38681514292799757,17.27931927710844,0.032157197065519026,NaN,NaN,NaN,raw
810,0.3870648078525375,17.28569634789157,0.018858515424451387,NaN,NaN,NaN,raw
810,0.38731843729347,17.282589008789202,0.01366824740925203,NaN,NaN,NaN,raw
810,0.3873899541904393,17.294,0.015,7829.84649,0.3873899541904393,0.5931867829604016,raw
810,0.3873906750811459,17.28485203313253,0.019750854994523732,NaN,NaN,NaN,raw
810,0.38739737862511264,17.27874698795181,0.03155230131298366,NaN,NaN,NaN,raw
810,0.38770434838441775,17.284406814759038,0.02003974126633393,NaN,NaN,NaN,raw
810,0.3879791053934285,17.278843373493977,0.031448267063191884,NaN,NaN,NaN,raw
810,0.38800503610786025,17.28433998493976,0.020061431096808986,NaN,NaN,NaN,raw
550,0.3881162418005954,19.085619047619048,0.028349975104669967,NaN,NaN,NaN,raw
810,0.3882921640983903,17.284316641566267,0.020068408737733308,NaN,NaN,NaN,raw
810,0.38855708615462486,17.27831927710844,0.03221161829858375,NaN,NaN,NaN,raw
810,0.3885797238855724,17.28306664156627,0.017579591569724332,NaN,NaN,NaN,raw
810,0.38865413785606506,17.314,0.01,6721.89508,0.38865413785606506,0.7485788329795469,raw
810,0.3888619684794201,17.282472891566268,0.018137960871649435,NaN,NaN,NaN,raw
810,0.3889407789683901,17.272,0.014,6097.86833,0.3889407789683901,0.9911017843696754,raw
810,0.3891333533315282,17.2787951807229,0.032240482377075816,NaN,NaN,NaN,raw
810,0.38913692925705445,17.283234751506026,0.018479720100243128,NaN,NaN,NaN,raw
550,0.38924815949212643,19.117,0.03,5813.49297,0.38924815949212643,0.7284943746872159,raw
810,0.3894148195810686,17.285016001506026,0.01760059454897186,NaN,NaN,NaN,raw
810,0.3896890170250204,17.28458339608434,0.01759352415208967,NaN,NaN,NaN,raw
810,0.3897042752830411,17.27849397590362,0.03223714157340348,NaN,NaN,NaN,raw
810,0.3899592268961142,17.28494446536145,0.017582058567220307,NaN,NaN,NaN,raw
810,0.39001905580698804,17.307,0.012,5326.78706,0.39001905580698804,0.6924290197202936,raw
810,0.3902212737243922,17.283491528614462,0.01990051634875269,NaN,NaN,NaN,raw
810,0.39027602708138587,17.278554216867473,0.0322643448997067,NaN,NaN,NaN,raw
810,0.39047364476469837,17.282450489457833,0.01922080497816997,NaN,NaN,NaN,raw
550,0.39059390502847063,19.085690476190475,0.028260300030665736,NaN,NaN,NaN,raw
810,0.3906563972141157,17.291,0.013,5642.79865,0.3906563972141157,0.6231204308169254,raw
810,0.3907271749739155,17.28355553463856,0.019995470805060776,NaN,NaN,NaN,raw
810,0.39084125966975813,17.277909638554217,0.03261879404142726,NaN,NaN,NaN,raw
550,0.39098083525823313,19.078,0.018,5650.79465,0.39098083525823313,0.7261064590293245,raw
810,0.39098101793514417,17.284743034638556,0.01967726607163134,NaN,NaN,NaN,raw
810,0.39123110183899845,17.284747929216866,0.019675773751574647,NaN,NaN,NaN,raw
810,0.3914056028023912,17.27836144578313,0.03267955650945433,NaN,NaN,NaN,raw
810,0.3914806387732624,17.284735881024098,0.019679322864620284,NaN,NaN,NaN,raw
550,0.39148947752368085,19.124690476190477,0.0949992570683469,NaN,NaN,NaN,raw
550,0.39155272033505234,19.062071428571425,0.06263504092477645,NaN,NaN,NaN,raw
810,0.39172992034964776,17.284263930722894,0.0196310175499116,NaN,NaN,NaN,raw
810,0.39190481777586683,17.313,0.016,5342.77949,0.39190481777586683,0.8993208215160848,raw
550,0.3919348769777571,19.234,0.025,5747.78857,0.3919348769777571,0.19054600149138423,raw
810,0.39195809016382555,17.329,0.016,7471.77139,0.39195809016382555,0.6910566740680224,raw
810,0.39196940356278975,17.278590361445783,0.03276066974731757,NaN,NaN,NaN,raw
810,0.3919839933317427,17.2854905873494,0.020483052079143693,NaN,NaN,NaN,raw
810,0.392072228842153,17.252,0.014,6851.5687,0.392072228842153,0.1130249419966276,raw
810,0.3922327425808445,17.285508847891567,0.02047719458950896,NaN,NaN,NaN,raw
810,0.3922442998045881,17.265,0.009,6828.62404,0.3922442998045881,0.035711359945707954,raw
810,0.39239931324482313,17.277,0.014,6165.66075,0.39239931324482313,0.9952053459874151,raw
550,0.39241710749199843,19.09558405285191,0.046754538039276136,NaN,NaN,NaN,raw
550,0.39241710749199843,19.09558405285191,0.04505380018414457,NaN,NaN,NaN,raw
550,0.39241710749199843,19.095584052851912,0.04352610615439854,NaN,NaN,NaN,raw
810,0.392481308622289,17.285532191265062,0.02046915851070646,NaN,NaN,NaN,raw
810,0.3925342190617461,17.278144578313253,0.0329703751433591,NaN,NaN,NaN,raw
810,0.3926213774084317,17.3,0.013,5692.86054,0.3926213774084317,0.7026358405091742,raw
810,0.39267594421289687,17.257,0.013,5445.68335,0.39267594421289687,0.004783531510838657,raw
810,0.3927183722735208,17.303,0.011,6514.69872,0.3927183722735208,0.5674319875033689,raw
810,0.39274471402361494,17.28444578313253,0.019821827454257177,NaN,NaN,NaN,raw
810,0.393016957481831,17.28468392319277,0.019712957441929087,NaN,NaN,NaN,raw
810,0.39309665800101357,17.304,0.012,7170.70925,0.39309665800101357,0.7363825815627933,raw
810,0.39310076495331236,17.27815662650603,0.03298208216141125,NaN,NaN,NaN,raw
810,0.39314239401210216,17.29,0.011,6068.66742,0.39314239401210216,0.5320277797309245,raw
810,0.3932901134856458,17.28515907379518,0.01974964993114756,NaN,NaN,NaN,raw
810,0.3934632364580466,17.232,0.01,6380.85478,0.3934632364580466,0.2829102540254098,raw
810,0.3935558068139467,17.285201807228916,0.019736237949563595,NaN,NaN,NaN,raw
810,0.3936688336458049,17.278686746987955,0.03291050406539877,NaN,NaN,NaN,raw
810,0.3937682007399417,17.314,0.016,5641.75679,0.3937682007399417,0.39464156346548407,raw
810,0.3938169155809529,17.284858057228917,0.01943786647781627,NaN,NaN,NaN,raw
550,0.3940257914692622,19.11888095238095,0.09969884073316809,NaN,NaN,NaN,raw
810,0.3940520516662218,17.298,0.011,7211.73196,0.3940520516662218,0.48160969129276054,raw
810,0.3940802423503038,17.28546573795181,0.019538139441942527,NaN,NaN,NaN,raw
810,0.3942354977156005,17.279012048192776,0.03317939995289287,NaN,NaN,NaN,raw
810,0.394333256943126,17.285131777108433,0.01953182412903641,NaN,NaN,NaN,raw
810,0.39459589950906837,17.285884600903614,0.019707947168041872,NaN,NaN,NaN,raw
810,0.394800324824443,17.278933734939763,0.0331876456645174,NaN,NaN,NaN,raw
810,0.39484279438781167,17.285928087349397,0.019692340604982872,NaN,NaN,NaN,raw
810,0.3950871386768129,17.2861780873494,0.020093801994157123,NaN,NaN,NaN,raw
810,0.3953340770709602,17.28465286144578,0.01853005665947443,NaN,NaN,NaN,raw
810,0.3953669646347714,17.278897590361446,0.03322150262379315,NaN,NaN,NaN,raw
810,0.39552771405215026,17.318,0.013,5277.77071,0.39552771405215026,0.8492637866074801,raw
810,0.3955889418049861,17.2848844126506,0.018498123844886107,NaN,NaN,NaN,raw
810,0.39584963407274726,17.285762989457833,0.017528102157178795,NaN,NaN,NaN,raw
810,0.39593908136468753,17.279427710843375,0.03337905644672205,NaN,NaN,NaN,raw
810,0.3961149398020191,17.286950489457833,0.017362504207865174,NaN,NaN,NaN,raw
810,0.39638272768019456,17.28703821536145,0.017317640444432392,NaN,NaN,NaN,raw
810,0.3965111994808489,17.27906626506024,0.033620544862847955,NaN,NaN,NaN,raw
810,0.39664896739872607,17.28562744728916,0.019735561645387454,NaN,NaN,NaN,raw
810,0.396913334676747,17.284439947289158,0.01998453046185202,NaN,NaN,NaN,raw
810,0.39708311069849317,17.279234939759032,0.03370548353457311,NaN,NaN,NaN,raw
810,0.3971898715665388,17.285151167168674,0.01937207728978921,NaN,NaN,NaN,raw
810,0.3974748542085676,17.283901167168672,0.01947346590724735,NaN,NaN,NaN,raw
810,0.3976525696313061,17.27962048192771,0.03372357240156968,NaN,NaN,NaN,raw
810,0.3977530061123529,17.283744917168676,0.019326500717383073,NaN,NaN,NaN,raw
810,0.39787434545360156,17.294,0.012,6480.63108,0.39787434545360156,0.6987012553672685,raw
810,0.39803377540607937,17.283797816265057,0.01931302340436438,NaN,NaN,NaN,raw
810,0.3981398630649105,17.28288340466296,0.013622195497925324,NaN,NaN,NaN,raw
810,0.39813986306491056,17.282883404662957,0.013579018858416019,NaN,NaN,NaN,raw
810,0.39813986306491056,17.282883404662957,0.01353625018884835,NaN,NaN,NaN,raw
810,0.39820646178866875,17.279861445783133,0.03366787995890659,NaN,NaN,NaN,raw
810,0.39831769554877167,17.28473531626506,0.020325405275203774,NaN,NaN,NaN,raw
810,0.39837453635118436,17.296,0.013,7555.90426,0.39837453635118436,0.6464468845988449,raw
550,0.3985897770949772,19.060571428571432,0.0633229989640594,NaN,NaN,NaN,raw
810,0.39860480498731715,17.28701656626506,0.018201291750455175,NaN,NaN,NaN,raw
550,0.39868912382302196,19.11621428571429,0.10205718185089621,NaN,NaN,NaN,raw
810,0.39870248370061745,17.298,0.016,6560.59024,0.39870248370061745,0.7267648256001848,raw
810,0.3987528641844247,17.280313253012046,0.03372740193781591,NaN,NaN,NaN,raw
810,0.3988855419910539,17.287045557228915,0.01818833026065004,NaN,NaN,NaN,raw
810,0.39918064917237156,17.285969503012048,0.01754958077648829,NaN,NaN,NaN,raw
810,0.39924582177991397,17.302,0.012,5723.80345,0.39924582177991397,0.8877480719038431,raw
810,0.39930623892217565,17.27975301204819,0.03428321203207506,NaN,NaN,NaN,raw
810,0.39947649681420866,17.28490700301205,0.01782479475804969,NaN,NaN,NaN,raw
810,0.39972383502390585,17.321,0.012,6511.57233,0.39972383502390585,0.8802628418379754,raw
810,0.3997746455036454,17.28491076807229,0.017823522102599,NaN,NaN,NaN,raw
810,0.39986011877654054,17.280192771084337,0.03419957746729069,NaN,NaN,NaN,raw
550,0.39992107754505846,19.06048122710623,0.03714155841074378,NaN,NaN,NaN,raw
550,0.3999210775450585,19.060481227106226,0.036782694357985084,NaN,NaN,NaN,raw
810,0.4000628996800217,17.284912838855423,0.017822809109635233,NaN,NaN,NaN,raw
810,0.4001250750516192,17.286,0.01,6446.56243,0.4001250750516192,0.8278101910782425,raw
810,0.4003431149591673,17.284930534638555,0.017816924218486945,NaN,NaN,NaN,raw
810,0.40041438141051033,17.280114457831328,0.03421720507343642,NaN,NaN,NaN,raw
810,0.40063591819581323,17.28373230421687,0.016780371423024434,NaN,NaN,NaN,raw
810,0.40073408314128756,17.303,0.011,5738.7528,0.40073408314128756,0.8635514962224988,raw
810,0.40091728629752565,17.282906438253015,0.017627989171744272,NaN,NaN,NaN,raw
810,0.40096852534643623,17.27980722891566,0.03443745594071214,NaN,NaN,NaN,raw
810,0.40105389005475445,17.233,0.012,5309.75618,0.40105389005475445,0.26435214526281925,raw
810,0.4010811303051014,17.262,0.014,5705.72643,0.4010811303051014,0.2220376552304515,raw
810,0.4011970189054791,17.28293448795181,0.01762239480251099,NaN,NaN,NaN,raw
810,0.40146663850822745,17.28161464608434,0.019400332422029532,NaN,NaN,NaN,raw
810,0.40152512468623436,17.279759036144576,0.03443292658204852,NaN,NaN,NaN,raw
810,0.4017285267456875,17.281631777108434,0.019398756687880648,NaN,NaN,NaN,raw
810,0.40183781681844266,17.263,0.011,7138.72874,0.40183781681844266,0.3319033788229717,raw
810,0.4019975189221441,17.299,0.011,7494.7196,0.4019975189221441,0.775963502792365,raw
810,0.40200134575958985,17.28119672439759,0.019268098519271783,NaN,NaN,NaN,raw
810,0.4020853823525591,17.27984939759036,0.034453238836161214,NaN,NaN,NaN,raw
810,0.4022278385782556,17.32,0.03,6576.58324,0.4022278385782556,0.9348758247488149,raw
810,0.4022683423786598,17.280669804216867,0.01953450331342085,NaN,NaN,NaN,raw
810,0.4025312453492357,17.28073230421687,0.019588259480630678,NaN,NaN,NaN,raw
810,0.4026507384915021,17.305,0.013,6080.83838,0.4026507384915021,0.5650141266469291,raw
810,0.4026524177653815,17.279614457831325,0.03483687747385679,NaN,NaN,NaN,raw
810,0.4027862227217279,17.28101355421687,0.019906219216205424,NaN,NaN,NaN,raw
810,0.40304037448756486,17.28219126506024,0.020950869661912973,NaN,NaN,NaN,raw
810,0.4032116305421062,17.279566265060243,0.03490860544112963,NaN,NaN,NaN,raw
810,0.40328834382203527,17.28152014307229,0.020637491445186038,NaN,NaN,NaN,raw
810,0.403519176205009,17.264,0.013,7946.66158,0.403519176205009,0.45397369570855517,raw
810,0.4035528150908839,17.281552899096383,0.020635427907880685,NaN,NaN,NaN,raw
550,0.40375918616995304,19.073880952380954,0.028865480879321444,NaN,NaN,NaN,raw
810,0.4037762557775761,17.279132530120485,0.035174464251468994,NaN,NaN,NaN,raw
810,0.4038225915948988,17.28029254518072,0.019339349634209028,NaN,NaN,NaN,raw
810,0.4040244584684842,17.279,0.011,7161.67422,0.4040244584684842,0.41097089390859765,raw
810,0.4041066298183313,17.280305346385543,0.019339417035735083,NaN,NaN,NaN,raw
810,0.40433385356742974,17.27946385542169,0.03522372505661226,NaN,NaN,NaN,raw
810,0.4044008449338119,17.280142695783134,0.019311845671673867,NaN,NaN,NaN,raw
810,0.4046908122829137,17.280701618975904,0.019568123150660116,NaN,NaN,NaN,raw
810,0.40489741762481923,17.27965662650603,0.035198607729941815,NaN,NaN,NaN,raw
810,0.40494286061948515,17.253,0.019,7069.89566,0.40494286061948515,0.10188768112311664,raw
810,0.40497642864914096,17.278264118975905,0.021466840380112602,NaN,NaN,NaN,raw
810,0.40526268396517395,17.278295557228915,0.02146990961222482,NaN,NaN,NaN,raw
810,0.4054626429353601,17.27996385542169,0.035318617558700596,NaN,NaN,NaN,raw
550,0.4055427173963316,19.05407142857143,0.06653797560643303,NaN,NaN,NaN,raw
810,0.40555429149735034,17.27782680722892,0.022623498380635938,NaN,NaN,NaN,raw
810,0.4057109379864414,17.237,0.017,6226.50365,0.4057109379864414,0.13468366213419358,raw
810,0.4058452796878501,17.278201807228918,0.022451495872891056,NaN,NaN,NaN,raw
810,0.4060329932300269,17.280168674698796,0.03542309442777393,NaN,NaN,NaN,raw
810,0.4061255158311692,17.276271837349398,0.024840652962061283,NaN,NaN,NaN,raw
810,0.40639617001320083,17.275084337349398,0.026357550100054052,NaN,NaN,NaN,raw
810,0.4066045538984765,17.28007831325301,0.035460603998317866,NaN,NaN,NaN,raw
810,0.40666866829862824,17.27451204819277,0.02601815833853541,NaN,NaN,NaN,raw
810,0.406750353598909,17.263,0.01,7093.88395,0.406750353598909,0.4114660591494612,raw
810,0.4067874314096116,17.298,0.014,7925.80388,0.4067874314096116,0.8405480227920634,raw
810,0.4068617596203694,17.307,0.014,5425.52474,0.4068617596203694,0.8866713281349803,raw
810,0.4068857206912071,17.318,0.011,6023.8257,0.4068857206912071,0.6181570142252895,raw
810,0.4069570259188616,17.274520707831325,0.02602003812306041,NaN,NaN,NaN,raw
550,0.40714506401855033,19.107,0.016,7550.6926,0.40714506401855033,0.49900464300299063,raw
810,0.4071808404829667,17.28052409638554,0.03529197725077808,NaN,NaN,NaN,raw
810,0.4072461237233732,17.271770707831326,0.02570675728913944,NaN,NaN,NaN,raw
810,0.40752218298876175,17.270301957831325,0.02508204200550865,NaN,NaN,NaN,raw
810,0.407769319525332,17.280801204819277,0.035183884031034805,NaN,NaN,NaN,raw
810,0.4078116741755695,17.27032172439759,0.02508986572885291,NaN,NaN,NaN,raw
810,0.4080963015194127,17.271210278614458,0.025917653864022405,NaN,NaN,NaN,raw
550,0.40823770270712667,19.06502380952381,0.03771227898701633,NaN,NaN,NaN,raw
810,0.4083566831523825,17.280668674698795,0.03547348793270425,NaN,NaN,NaN,raw
810,0.40837758474541874,17.271708019578313,0.02592765733983815,NaN,NaN,NaN,raw
810,0.4086560806569547,17.273016378012052,0.027332684079616157,NaN,NaN,NaN,raw
810,0.40894052504222905,17.27302767319277,0.0273353111225759,NaN,NaN,NaN,raw
810,0.40894934192637955,17.280602409638554,0.035578829169430747,NaN,NaN,NaN,raw
810,0.40921701574709574,17.271200677710844,0.02880548637016084,NaN,NaN,NaN,raw
810,0.4094831716676105,17.269836408132534,0.029419360878514902,NaN,NaN,NaN,raw
810,0.40953995874699917,17.28079518072289,0.035460352264104864,NaN,NaN,NaN,raw
810,0.40969333658176765,17.298,0.015,5405.70983,0.40969333658176765,0.5037137393046578,raw
810,0.4097532802175089,17.271180158132534,0.02960696859999372,NaN,NaN,NaN,raw
810,0.40987380686055985,17.225,0.012,7956.74556,0.40987380686055985,0.02302935463740141,raw
810,0.4100116957945371,17.27113403614458,0.029593990627363623,NaN,NaN,NaN,raw
810,0.4101286954594918,17.280813253012052,0.03547249987716668,NaN,NaN,NaN,raw
810,0.4102811073019727,17.27243467620482,0.02895308435274356,NaN,NaN,NaN,raw
810,0.4103853310843988,17.218,0.02,7911.89924,0.4103853310843988,0.09931945259086206,raw
810,0.4103927524010942,17.274,0.014,5459.5954,0.4103927524010942,0.7618616673007637,raw
810,0.4104926812724443,17.218,0.015,6063.80639,0.4104926812724443,0.1345630257637822,raw
810,0.4104987506434554,17.225,0.011,6448.65192,0.4104987506434554,0.29710962530589313,raw
550,0.4105371078046682,19.06852380952381,0.036660141658135525,NaN,NaN,NaN,raw
810,0.41055915211216787,17.27236765813253,0.02893708250414193,NaN,NaN,NaN,raw
810,0.41071746405582255,17.280686746987953,0.03539437644456004,NaN,NaN,NaN,raw
810,0.41083800341402166,17.272314006024096,0.028923913665635324,NaN,NaN,NaN,raw
810,0.4111310378194357,17.272796498493975,0.028892292089719062,NaN,NaN,NaN,raw
810,0.4113128262000258,17.2801265060241,0.03591457401259296,NaN,NaN,NaN,raw
810,0.411425635990744,17.27292149849398,0.029013249932031988,NaN,NaN,NaN,raw
810,0.4114789683226263,17.232,0.013,7473.86406,0.4114789683226263,0.16715794616175117,raw
810,0.4114846349839354,17.258,0.015,6218.50977,0.4114846349839354,0.03623219249857357,raw
810,0.41173363816879516,17.27201656626506,0.028360297636827743,NaN,NaN,NaN,raw
810,0.41191613574323216,17.28024698795181,0.03600495534026383,NaN,NaN,NaN,raw
550,0.4120233795169026,19.05429221054519,0.025874982087267573,NaN,NaN,NaN,raw
550,0.4120233795169026,19.054292210545185,0.024997607581833173,NaN,NaN,NaN,raw
550,0.41202337951690265,19.054292210545185,0.026851737907127454,NaN,NaN,NaN,raw
550,0.41202532670649816,19.034,0.019,6770.92147,0.41202532670649816,0.6132190510488726,raw
810,0.4120440812437042,17.269954066265058,0.02728792873292031,NaN,NaN,NaN,raw
810,0.41231970554508734,17.308,0.013,6373.90839,0.41231970554508734,0.42497989928415336,raw
810,0.4123571879748847,17.270250188253012,0.027457222206178203,NaN,NaN,NaN,raw
550,0.41244093268895604,19.06457142857143,0.06690718517895904,NaN,NaN,NaN,raw
810,0.41252023943720323,17.279927710843374,0.03610818194277918,NaN,NaN,NaN,raw
810,0.4126557077528281,17.270137801204818,0.027419977026770546,NaN,NaN,NaN,raw
810,0.412688124946726,17.321,0.013,6476.81211,0.412688124946726,0.5301431572970614,raw
810,0.4129476149706117,17.269398155120484,0.027445961819426632,NaN,NaN,NaN,raw
810,0.41312667879726384,17.27936144578313,0.035417536595634305,NaN,NaN,NaN,raw
810,0.4131815561231633,17.221,0.011,6093.70499,0.4131815561231633,0.0859559801301657,raw
810,0.4132283348844239,17.269297439759036,0.02740940953723146,NaN,NaN,NaN,raw
810,0.41341440708129085,17.236,0.013,5403.62524,0.41341440708129085,0.04489512443069543,raw
810,0.41349189867073677,17.269522590361447,0.027536200928879543,NaN,NaN,NaN,raw
810,0.4135863342162338,17.296,0.01,6185.48401,0.4135863342162338,0.39602310657028283,raw
810,0.4137319414002629,17.27848795180723,0.036285857993506636,NaN,NaN,NaN,raw
810,0.41375401780086407,17.269241340361447,0.027280732055480535,NaN,NaN,NaN,raw
810,0.41402069974557265,17.27242884036145,0.027896716278164046,NaN,NaN,NaN,raw
810,0.41428367432488644,17.27231137048193,0.027868171410687745,NaN,NaN,NaN,raw
810,0.41433210622437994,17.27862048192771,0.03616235195835956,NaN,NaN,NaN,raw
550,0.4145078087201996,19.052261904761906,0.01613152784072931,NaN,NaN,NaN,raw
810,0.41454738270952307,17.27381137048193,0.026085339316382176,NaN,NaN,NaN,raw
550,0.41457346145457197,19.063824006240676,0.043169925373974745,NaN,NaN,NaN,raw
810,0.41481388667203023,17.27421762048193,0.026189394469003036,NaN,NaN,NaN,raw
810,0.41493042715627376,17.278024096385543,0.03675190397990588,NaN,NaN,NaN,raw
810,0.4150819834846772,17.27743637048193,0.025374011846621664,NaN,NaN,NaN,raw
810,0.415352615394604,17.279068335843373,0.02350312365429826,NaN,NaN,NaN,raw
810,0.4155277955577983,17.278361445783133,0.03677781884654332,NaN,NaN,NaN,raw
810,0.4156189265322959,17.278828125,0.02352531955978122,NaN,NaN,NaN,raw
810,0.41587207094565004,17.279917921686746,0.024379641296169235,NaN,NaN,NaN,raw
810,0.4161204333159074,17.279699171686747,0.024850322160072134,NaN,NaN,NaN,raw
810,0.41612745457215683,17.278439759036143,0.036765176012285114,NaN,NaN,NaN,raw
810,0.41621457289147656,17.302,0.012,6077.71427,0.41621457289147656,0.8827217703947099,raw
810,0.4163755635015858,17.28129292168675,0.02504840288076611,NaN,NaN,NaN,raw
810,0.41662107690157013,17.281198042168675,0.025058240812565122,NaN,NaN,NaN,raw
810,0.4167178293180067,17.2780421686747,0.036973922408890324,NaN,NaN,NaN,raw
810,0.41681989908829564,17.252,0.011,6017.91915,0.41681989908829564,0.9843848625296232,raw
810,0.41687302631454515,17.280232492469878,0.02458295666776025,NaN,NaN,NaN,raw
810,0.41711965964606934,17.27998475150602,0.024626036271694764,NaN,NaN,NaN,raw
810,0.4172002558807435,17.29,0.011,5722.76675,0.4172002558807435,0.6703061490097753,raw
810,0.41732195241952086,17.277204819277113,0.0374746003795037,NaN,NaN,NaN,raw
810,0.417379221249784,17.278597703313253,0.023463929022582448,NaN,NaN,NaN,raw
550,0.4175674520955086,19.036595238095234,0.04306819067036788,NaN,NaN,NaN,raw
810,0.41763848349277355,17.27724265813253,0.024640943652951823,NaN,NaN,NaN,raw
810,0.4176977141214593,17.257,0.013,7835.76703,0.4176977141214593,0.25688274337153416,raw
810,0.41790203903193257,17.27895764307229,0.022408929122808247,NaN,NaN,NaN,raw
810,0.4179323791683699,17.27737951807229,0.03753649459436773,NaN,NaN,NaN,raw
810,0.41797399990900885,17.288,0.009,6752.84588,0.41797399990900885,0.9505673224721249,raw
810,0.41808114874584135,17.289,0.013,7908.77309,0.41808114874584135,0.4126636531800614,raw
810,0.4181647604247334,17.279895143072288,0.02114571538467882,NaN,NaN,NaN,raw
810,0.4184076290912344,17.327,0.011,5805.50722,0.4184076290912344,0.6474325094059168,raw
810,0.4184349448396868,17.279277861445784,0.02094780695330481,NaN,NaN,NaN,raw
810,0.41854388199753445,17.27705421686747,0.037555818017435565,NaN,NaN,NaN,raw
810,0.41871244504669414,17.277887612951808,0.02242603654784732,NaN,NaN,NaN,raw
810,0.41882399939277093,17.266,0.014,7569.81726,0.41882399939277093,0.4055570159780473,raw
810,0.41892087920132326,17.287,0.021,5489.49603,0.41892087920132326,0.717596675398454,raw
810,0.4189728827308522,17.278211972891565,0.022511876379371527,NaN,NaN,NaN,raw
550,0.41905716676514465,19.058214285714286,0.07135305348587623,NaN,NaN,NaN,raw
810,0.41907177927714656,17.321,0.01,7193.663,0.41907177927714656,0.833139152980948,raw
810,0.4191589717611131,17.277222891566264,0.03758680885727082,NaN,NaN,NaN,raw
810,0.419220319142468,17.27815436746988,0.02251473095724921,NaN,NaN,NaN,raw
810,0.41923942046196316,17.273,0.011,6858.53109,0.41923942046196316,0.0051783803373837145,raw
810,0.41941344742735964,17.315,0.011,6458.73679,0.41941344742735964,0.8680689432567306,raw
810,0.41942656417086255,17.225,0.011,5301.76668,0.41942656417086255,0.1752692447626032,raw
810,0.41946206707358347,17.278924322289157,0.022939329807989718,NaN,NaN,NaN,raw
810,0.4195737488651748,17.274239784295407,0.01874341417206103,NaN,NaN,NaN,raw
810,0.41957374886517484,17.27423978429541,0.01868400541985189,NaN,NaN,NaN,raw
810,0.41957374886517496,17.27423978429541,0.018625158012514586,NaN,NaN,NaN,raw
810,0.4196488009256427,17.309,0.016,6922.49833,0.4196488009256427,0.8274410095636995,raw
810,0.41969152097657797,17.27884205572289,0.022945843192016438,NaN,NaN,NaN,raw
810,0.41977256454273115,17.27721084337349,0.03757720299249199,NaN,NaN,NaN,raw
810,0.41992438092392376,17.27943580572289,0.02379453986303546,NaN,NaN,NaN,raw
810,0.42015436131134515,17.279344314759037,0.02380569727850603,NaN,NaN,NaN,raw
810,0.4203820867602869,17.27710240963855,0.03755442588097113,NaN,NaN,NaN,raw
810,0.4203964817226031,17.279719314759035,0.023452962091052725,NaN,NaN,NaN,raw
810,0.42041250604597735,17.272,0.011,6348.8806,0.42041250604597735,0.8919705587377393,raw
810,0.4206291466086875,17.276906814759034,0.027266685340268562,NaN,NaN,NaN,raw
810,0.4208591993412835,17.276819653614453,0.02727015971590044,NaN,NaN,NaN,raw
810,0.4209940962655967,17.27661445783132,0.0375983014849441,NaN,NaN,NaN,raw
810,0.42108820660483953,17.278538403614455,0.0277103781602245,NaN,NaN,NaN,raw
550,0.421204256832425,18.987,0.018,5279.86552,0.421204256832425,0.3299423961343564,raw
810,0.42131790250677525,17.27842093373494,0.02772341397526192,NaN,NaN,NaN,raw
810,0.4214230705729278,17.236,0.013,6169.49496,0.4214230705729278,0.1963609311842447,raw
810,0.4215651103163496,17.277977597891564,0.027678686847376555,NaN,NaN,NaN,raw
810,0.4216153333762517,17.275879518072287,0.03820785183158707,NaN,NaN,NaN,raw
550,0.4218080523316443,19.034642857142856,0.04126068198116779,NaN,NaN,NaN,raw
810,0.42182127423643445,17.277321347891565,0.027657862870167655,NaN,NaN,NaN,raw
810,0.42182149165091687,17.266,0.013,6790.74077,0.42182149165091687,0.0055665984418737935,raw
810,0.4220736688537464,17.275674134036144,0.02613123110559601,NaN,NaN,NaN,raw
810,0.422232235494744,17.276246987951808,0.03811520602419083,NaN,NaN,NaN,raw
810,0.42234057994194546,17.27557643072289,0.02613174951074723,NaN,NaN,NaN,raw
810,0.4226045606931878,17.27576393072289,0.026082299113600355,NaN,NaN,NaN,raw
810,0.4226119480244961,17.234,0.018,5316.71662,0.4226119480244961,0.15233464528864715,raw
810,0.4226661121174402,17.289,0.012,7948.75412,0.4226661121174402,0.9297969052495318,raw
810,0.4228483923279782,17.27618072289157,0.038063947653776076,NaN,NaN,NaN,raw
810,0.42287149972305843,17.27563893072289,0.026036257339912165,NaN,NaN,NaN,raw
810,0.4231405771214529,17.27414363704819,0.024686096292245684,NaN,NaN,NaN,raw
810,0.42326372935349355,17.303,0.014,7083.80792,0.42326372935349355,0.8594149948876293,raw
810,0.4234254306576749,17.274004329819277,0.024680736586585008,NaN,NaN,NaN,raw
810,0.42346997946798043,17.27580722891566,0.03830988726918387,NaN,NaN,NaN,raw
810,0.42366609120654175,17.321,0.011,5677.9225,0.42366609120654175,0.7510238584072795,raw
810,0.42372057086542914,17.275723079819276,0.02645952111215854,NaN,NaN,NaN,raw
810,0.42401553814878196,17.274375376506022,0.025474411639191674,NaN,NaN,NaN,raw
810,0.42407720171549185,17.27511445783133,0.0385630397158796,NaN,NaN,NaN,raw
810,0.4243284214113484,17.275814006024095,0.023843785155992767,NaN,NaN,NaN,raw
810,0.42456775224854937,17.264,0.015,6582.50101,0.42456775224854937,0.59264691381577,raw
810,0.424645532235445,17.2,0.015,5625.77575,0.424645532235445,0.21211231930465146,raw
810,0.4246526333379005,17.274619164156626,0.023072680226628117,NaN,NaN,NaN,raw
810,0.4246836398625934,17.274415662650604,0.03913785420769093,NaN,NaN,NaN,raw
810,0.4249741458148421,17.273612575301208,0.0236513388874628,NaN,NaN,NaN,raw
810,0.4250259465552517,17.312,0.014,6955.52669,0.4250259465552517,0.47321134657613584,raw
550,0.42516273339736343,19.058714285714284,0.07133822858147609,NaN,NaN,NaN,raw
810,0.4252795060781772,17.272171875,0.024807773002014626,NaN,NaN,NaN,raw
810,0.4252826480303145,17.27362048192771,0.04081911987837469,NaN,NaN,NaN,raw
810,0.42559816692590174,17.272142131024097,0.024808556309563794,NaN,NaN,NaN,raw
810,0.42588464981538465,17.27381325301205,0.04092011514271643,NaN,NaN,NaN,raw
810,0.42590900387587816,17.271341679216867,0.025071435558069836,NaN,NaN,NaN,raw
550,0.42591089936810195,19.035095238095238,0.04165390280691158,NaN,NaN,NaN,raw
810,0.42621420807720695,17.2724327936747,0.024229370024387815,NaN,NaN,NaN,raw
810,0.4262783941885573,17.268,0.011,6022.7895,0.4262783941885573,0.40178456269313756,raw
810,0.4264842568452176,17.27428915662651,0.04091366523450046,NaN,NaN,NaN,raw
810,0.4265203895015324,17.27218655873494,0.02423325032661999,NaN,NaN,NaN,raw
810,0.4268315129297977,17.272340737951808,0.024208301989902006,NaN,NaN,NaN,raw
810,0.4270850368199049,17.273927710843378,0.041233344298040264,NaN,NaN,NaN,raw
810,0.4271480239833438,17.27217921686747,0.02419863933750021,NaN,NaN,NaN,raw
810,0.4272713834325259,17.272,0.011,7961.61867,0.4272713834325259,0.4463325367178186,raw
810,0.42746292815718334,17.283,0.017,6947.53165,0.42746292815718334,0.3722787033802888,raw
810,0.42746792887570856,17.274397966867472,0.023837364593859354,NaN,NaN,NaN,raw
810,0.4276822560257708,17.27315060240964,0.04172414713544613,NaN,NaN,NaN,raw
810,0.42778900301455747,17.273831325301206,0.02369414577642482,NaN,NaN,NaN,raw
810,0.4281070409629042,17.27373192771084,0.023690643411540892,NaN,NaN,NaN,raw
810,0.42827428492021585,17.272765060240967,0.04161204934393894,NaN,NaN,NaN,raw
810,0.42841341382039855,17.273294427710844,0.0232580288729748,NaN,NaN,NaN,raw
810,0.4286839071100985,17.328,0.013,6126.73687,0.4286839071100985,0.7392553955360199,raw
810,0.42872749066459476,17.273142695783136,0.023256944919795932,NaN,NaN,NaN,raw
810,0.42885240049465034,17.271873493975907,0.04174804247804259,NaN,NaN,NaN,raw
810,0.42904858300341714,17.274298945783134,0.026417924852646928,NaN,NaN,NaN,raw
810,0.4293575319772304,17.273982868975907,0.026468312001433344,NaN,NaN,NaN,raw
810,0.42943882857298926,17.271036144578318,0.04303879737621732,NaN,NaN,NaN,raw
810,0.4296552928727604,17.274181475903617,0.026414778498232844,NaN,NaN,NaN,raw
810,0.4299686516261641,17.27638290662651,0.0227084883506976,NaN,NaN,NaN,raw
810,0.4300235825753096,17.27076506024097,0.04333183009159959,NaN,NaN,NaN,raw
810,0.4300609638048627,17.245,0.017,6196.61445,0.4300609638048627,0.2033967693841987,raw
810,0.43015361518700956,17.231,0.01,6014.79496,0.43015361518700956,0.30192139086102543,raw
810,0.4302819569761931,17.275713667168674,0.023080851444411427,NaN,NaN,NaN,raw
810,0.4306007526265938,17.271869917168676,0.02678726086182474,NaN,NaN,NaN,raw
810,0.4306096531731618,17.271048192771087,0.043623986622445876,NaN,NaN,NaN,raw
810,0.4309121700925005,17.271753953313254,0.02678747033200479,NaN,NaN,NaN,raw
810,0.4309408786648419,17.251,0.014,6832.80926,0.4309408786648419,0.9876572310058691,raw
810,0.43118960501544873,17.270915662650605,0.04353214202814086,NaN,NaN,NaN,raw
810,0.43120537803967174,17.273197289156627,0.02811348137670174,NaN,NaN,NaN,raw
550,0.43120567018264583,19.0535,0.009783107056218722,NaN,NaN,NaN,raw
550,0.4313657078745174,19.059571428571427,0.07115499256575779,NaN,NaN,NaN,raw
810,0.4314131389546674,17.268,0.012,7133.87196,0.4314131389546674,0.9435291314384813,raw
810,0.4315017776057538,17.272759789156627,0.028305249704039203,NaN,NaN,NaN,raw
810,0.4315401930199975,17.272815748111494,0.020594673765937252,NaN,NaN,NaN,raw
810,0.43177744135540574,17.27093373493976,0.04352820549067471,NaN,NaN,NaN,raw
810,0.4317937393477811,17.272606174698794,0.028310020395378117,NaN,NaN,NaN,raw
810,0.4320845309391598,17.27335843373494,0.02866388432752642,NaN,NaN,NaN,raw
810,0.43236058920821785,17.271078313253014,0.04364498526699052,NaN,NaN,NaN,raw
810,0.43236997463009585,17.273270519578315,0.028672498068613,NaN,NaN,NaN,raw
810,0.4326553563835246,17.270895519578314,0.030901558310344752,NaN,NaN,NaN,raw
810,0.4328489045801689,17.305,0.014,5749.54103,0.4328489045801689,0.9389575691511709,raw
810,0.43293606666936557,17.272359563253012,0.03209847274074495,NaN,NaN,NaN,raw
810,0.4329404845606054,17.27086746987952,0.043520742831321166,NaN,NaN,NaN,raw
810,0.4330256066750735,17.273,0.018,7206.5308,0.4330256066750735,0.3566263483098737,raw
810,0.4330676607933128,17.289,0.013,5709.56167,0.4330676607933128,0.42539635143475607,raw
810,0.4332082679876176,17.272228350903617,0.03210534287287484,NaN,NaN,NaN,raw
810,0.43348539334802993,17.271634600903617,0.031203670356312583,NaN,NaN,NaN,raw
810,0.4335204384822602,17.270951807228915,0.043536513025403116,NaN,NaN,NaN,raw
810,0.43375772512044397,17.271535391566267,0.031207932862700193,NaN,NaN,NaN,raw
810,0.43394104604885797,17.358,0.016,5824.63322,0.43394104604885797,0.556851065630326,raw
810,0.4339635688775161,17.265,0.011,7865.67035,0.4339635688775161,0.21837150740248035,raw
810,0.43402076864425987,17.270128012048193,0.032229933477323,NaN,NaN,NaN,raw
810,0.4340961009055093,17.270355421686748,0.043717414193436624,NaN,NaN,NaN,raw
810,0.43427467757178295,17.270052899096385,0.03223120175009977,NaN,NaN,NaN,raw
810,0.4345376623421986,17.272115399096386,0.032684836018973006,NaN,NaN,NaN,raw
810,0.4346730123443633,17.27044578313253,0.04377580707583311,NaN,NaN,NaN,raw
810,0.43470941106352257,17.253,0.012,5457.51797,0.43470941106352257,0.31835788233547646,raw
810,0.4348057966486225,17.273291603915663,0.031823401529328374,NaN,NaN,NaN,raw
810,0.4350638536188193,17.27475884789157,0.03278449351316562,NaN,NaN,NaN,raw
810,0.43522740736807464,17.189,0.012,6394.77519,0.43522740736807464,0.057869950998792774,raw
810,0.4352480069393282,17.269909638554218,0.04379647450723064,NaN,NaN,NaN,raw
810,0.4352673041248636,17.32,0.015,7235.73395,0.4352673041248636,0.8204915846490621,raw
810,0.4353172570183027,17.277321347891565,0.03404784935093447,NaN,NaN,NaN,raw
810,0.4355713527490797,17.277246799698794,0.03406493440960247,NaN,NaN,NaN,raw
810,0.4357631803031836,17.254,0.011,7076.85932,0.4357631803031836,0.9967575767223025,raw
550,0.43578555794097373,19.048928571428572,0.00932163382368273,NaN,NaN,NaN,raw
810,0.43582317857963965,17.277278049698793,0.034056635749997635,NaN,NaN,NaN,raw
810,0.4358270325900918,17.269373493975902,0.043613095293174024,NaN,NaN,NaN,raw
810,0.4360772250279745,17.277198606927712,0.03407487244573233,NaN,NaN,NaN,raw
550,0.4362867738042926,19.0391768707483,0.013986112677790038,NaN,NaN,NaN,raw
550,0.4362867738042926,19.0391768707483,0.01347735540470414,NaN,NaN,NaN,raw
550,0.4362867738042926,19.0391768707483,0.013020362314124007,NaN,NaN,NaN,raw
810,0.43631522052428007,17.276383659638554,0.03453471593250818,NaN,NaN,NaN,raw
810,0.43639036774402484,17.298,0.009,6015.84007,0.43639036774402484,0.5373518220694677,raw
810,0.4364055815424774,17.269186746987952,0.04375407934875111,NaN,NaN,NaN,raw
810,0.436554124629415,17.275237763554216,0.03416089605729335,NaN,NaN,NaN,raw
810,0.43659514426690293,17.207,0.014,6051.64781,0.43659514426690293,0.12805678978475044,raw
810,0.4366649851726834,17.32,0.013,6133.69259,0.4366649851726834,0.6171420859009231,raw
810,0.4368033816268255,17.27717940512048,0.03563828531765921,NaN,NaN,NaN,raw
810,0.43698472710427694,17.268566265060237,0.04453713269160829,NaN,NaN,NaN,raw
810,0.4370550384641749,17.275741905120483,0.036723504410994215,NaN,NaN,NaN,raw
550,0.43708856927605666,19.042214285714287,0.08446226155138002,NaN,NaN,NaN,raw
810,0.43730573852579435,17.275090549698795,0.036665564397606855,NaN,NaN,NaN,raw
810,0.4375468767160336,17.276310805722893,0.03716969096918581,NaN,NaN,NaN,raw
810,0.4375519186432939,17.309,0.016,5458.5619,0.4375519186432939,0.5512643611273234,raw
810,0.43756701721190167,17.26869879518072,0.044595076488604224,NaN,NaN,NaN,raw
810,0.4377816782865474,17.27490455572289,0.034752050296510927,NaN,NaN,NaN,raw
810,0.43785622133509605,17.226,0.016,7934.85351,0.43785622133509605,0.19718827422912,raw
810,0.4380219757294193,17.275748305722892,0.034831496561955916,NaN,NaN,NaN,raw
810,0.4381486682560502,17.26836144578313,0.044568660905020915,NaN,NaN,NaN,raw
810,0.4382591196049731,17.275669051204822,0.03484704505949711,NaN,NaN,NaN,raw
810,0.43847647645816323,17.311,0.009,6450.74753,0.43847647645816323,0.7794993890092883,raw
810,0.4384807103998086,17.277280120481926,0.03577710112075356,NaN,NaN,NaN,raw
810,0.43871729474286547,17.277717432228915,0.035555586055550224,NaN,NaN,NaN,raw
810,0.4387339129925749,17.268638554216864,0.04464053825928694,NaN,NaN,NaN,raw
810,0.4388674762194569,17.318,0.015,6047.82448,0.4388674762194569,0.9501729014355078,raw
550,0.4389023966723471,19.045,0.015,7131.78868,0.4389023966723471,0.48751253153022844,raw
810,0.4389561770577254,17.280153049698793,0.03174786490754229,NaN,NaN,NaN,raw
810,0.4390497874483117,17.333,0.013,6362.79297,0.4390497874483117,0.6497331562004547,raw
810,0.43920019941612365,17.277968373493973,0.03473985750900168,NaN,NaN,NaN,raw
810,0.4393206684003143,17.268530120481927,0.04457838512767658,NaN,NaN,NaN,raw
810,0.43944860763037097,17.277655873493973,0.034392812059422434,NaN,NaN,NaN,raw
810,0.4394715655325854,17.269,0.014,7555.5709,0.4394715655325854,0.9334089378280623,raw
550,0.4395947055342428,19.031738095238097,0.020604924779530943,NaN,NaN,NaN,raw
810,0.4396888797741685,17.278036332831324,0.03418942309840899,NaN,NaN,NaN,raw
810,0.43990692770212153,17.26839156626506,0.044503152642343266,NaN,NaN,NaN,raw
810,0.43993589037268477,17.27793091114458,0.034222181590604195,NaN,NaN,NaN,raw
810,0.43997644508999656,17.245,0.019,7911.56188,0.43997644508999656,0.37772573492475203,raw
810,0.4401743127109553,17.27580591114458,0.03503730408923696,NaN,NaN,NaN,raw
810,0.4404126204232578,17.27569578313253,0.03506430834525112,NaN,NaN,NaN,raw
810,0.4404938359444845,17.268331325301205,0.044480487864424045,NaN,NaN,NaN,raw
810,0.44066137021927243,17.27794578313253,0.032747560628468675,NaN,NaN,NaN,raw
810,0.4409096270988091,17.27622439759036,0.03190251787115295,NaN,NaN,NaN,raw
810,0.44091670847774367,17.333,0.02,6818.55919,0.44091670847774367,0.507573675346066,raw
810,0.44107862547025434,17.227,0.01,5418.58369,0.44107862547025434,0.04016292754567985,raw
810,0.4410900627651343,17.268156626506023,0.04468054472626106,NaN,NaN,NaN,raw
810,0.44113364650145354,17.271612471945495,0.022309181779087375,NaN,NaN,NaN,raw
810,0.4411336465014536,17.271612471945495,0.02223891646509207,NaN,NaN,NaN,raw
810,0.44113364650145365,17.2716124719455,0.022380117353260048,NaN,NaN,NaN,raw
810,0.44116589986158583,17.27609205572289,0.03194406793175508,NaN,NaN,NaN,raw
810,0.44123686056991573,17.31,0.01,6404.85905,0.44123686056991573,0.6266689367967047,raw
810,0.4414225019952866,17.274675263554215,0.03143885590055658,NaN,NaN,NaN,raw
810,0.4414546963052999,17.313,0.012,5744.67696,0.4414546963052999,0.5349904292997962,raw
810,0.4416530870494171,17.292,0.02,5497.49982,0.4416530870494171,0.8372450674378342,raw
810,0.4416847049232307,17.26781927710843,0.04454351487085432,NaN,NaN,NaN,raw
810,0.4416909845279407,17.27549717620482,0.03162084393949305,NaN,NaN,NaN,raw
550,0.44175234337433805,19.032071428571427,0.020865580485085657,NaN,NaN,NaN,raw
810,0.44176391777909885,17.322,0.011,5657.76525,0.44176391777909885,0.6358206171407801,raw
810,0.44195608204284365,17.27664721385542,0.03040856489111987,NaN,NaN,NaN,raw
810,0.44223001116530025,17.276460090361446,0.030479538361718815,NaN,NaN,NaN,raw
810,0.44228011004134354,17.266993975903613,0.04524458741952515,NaN,NaN,NaN,raw
810,0.4425091185994533,17.273116340361447,0.032378182672505036,NaN,NaN,NaN,raw
810,0.442782714257225,17.27291152108434,0.03242811414654291,NaN,NaN,NaN,raw
550,0.44279315065432456,19.008,0.029,7116.8412,0.44279315065432456,0.5157089301064843,raw
810,0.4428716414435893,17.266939759036145,0.045188453713669974,NaN,NaN,NaN,raw
810,0.4430522699839566,17.269974021084337,0.032469489978803785,NaN,NaN,NaN,raw
810,0.44305672240807326,17.2,0.012,5354.61728,0.44305672240807326,0.21967562078134506,raw
810,0.4432163669807778,17.31,0.012,6171.58842,0.4432163669807778,0.6741519680308556,raw
810,0.4433341769542285,17.267737763554216,0.030386135233194715,NaN,NaN,NaN,raw
810,0.4434518889047029,17.26617469879518,0.045798500288727825,NaN,NaN,NaN,raw
550,0.4435614827963426,19.04321428571428,0.08499970911391783,NaN,NaN,NaN,raw
810,0.44362390479526514,17.266283697289154,0.03144195417552402,NaN,NaN,NaN,raw
810,0.443731371742615,17.266,0.009,6396.86403,0.443731371742615,0.525779072455407,raw
810,0.4439098690357125,17.267627447289158,0.0324640305851206,NaN,NaN,NaN,raw
810,0.4440198825686821,17.23,0.013,5739.81079,0.4440198825686821,0.12653150972801086,raw
810,0.44403142833615705,17.26566265060241,0.045937975868241304,NaN,NaN,NaN,raw
810,0.4441830335357392,17.26739796686747,0.03248440285217748,NaN,NaN,NaN,raw
810,0.4444721367715484,17.267894578313253,0.032251582448719666,NaN,NaN,NaN,raw
810,0.4445551377393713,17.279,0.013,7441.89201,0.4445551377393713,0.7807741988744965,raw
810,0.44460920531785536,17.2649156626506,0.0464146541173255,NaN,NaN,NaN,raw
810,0.4447603348208921,17.268602974397588,0.0325094095792035,NaN,NaN,NaN,raw
810,0.44503827266746043,17.26633377259036,0.030330696403467285,NaN,NaN,NaN,raw
810,0.4451854555131338,17.264331325301203,0.04655532890166308,NaN,NaN,NaN,raw
550,0.4452426723316551,19.025071428571426,0.017631575340267477,NaN,NaN,NaN,raw
810,0.44532197797306594,17.26920877259036,0.030838063679889213,NaN,NaN,NaN,raw
810,0.44561263778894866,17.268933734939758,0.03088695944017161,NaN,NaN,NaN,raw
810,0.4457631869217181,17.263662650602406,0.04653360521977541,NaN,NaN,NaN,raw
810,0.4459167583450466,17.26734807981928,0.0300004495497753,NaN,NaN,NaN,raw
810,0.4461584582568321,17.295,0.012,7456.8414,0.4461584582568321,0.756663180902251,raw
810,0.44622187813643854,17.267410579819277,0.030100540585420058,NaN,NaN,NaN,raw
810,0.4463393418119892,17.262801204819276,0.047432531973833146,NaN,NaN,NaN,raw
810,0.44653131467666973,17.266372929216868,0.029796324392074667,NaN,NaN,NaN,raw
810,0.446840067652527,17.266066076807228,0.029831489272252328,NaN,NaN,NaN,raw
810,0.44691440017466294,17.2623734939759,0.047387943958000854,NaN,NaN,NaN,raw
810,0.44716433127665023,17.26407435993976,0.02805108269969717,NaN,NaN,NaN,raw
810,0.44740791435106075,17.204,0.016,7202.71168,0.44740791435106075,0.18774740883236518,raw
810,0.44748897404126886,17.262084337349396,0.047713591182152994,NaN,NaN,NaN,raw
810,0.44749065945124056,17.26380704066265,0.028063119134505026,NaN,NaN,NaN,raw
810,0.44749325947486795,17.224,0.013,7160.64639,0.44749325947486795,0.21250139298535942,raw
810,0.44781633733696774,17.26496517319277,0.02894735917953086,NaN,NaN,NaN,raw
550,0.44784089152554296,19.030714285714286,0.0108352693194231,NaN,NaN,NaN,raw
810,0.4480708104970126,17.261439759036143,0.04843207662285596,NaN,NaN,NaN,raw
810,0.4481364065709105,17.266795368975902,0.026451246859754925,NaN,NaN,NaN,raw
810,0.4484695759835038,17.265189194277106,0.02527758997614427,NaN,NaN,NaN,raw
810,0.4485919593134895,17.222,0.012,6135.78262,0.4485919593134895,0.08759654920140747,raw
810,0.44862242122690077,17.312,0.01,6442.75517,0.44862242122690077,0.6842991123176034,raw
810,0.4486481917029745,17.261048192771085,0.04868150133748655,NaN,NaN,NaN,raw
810,0.44881365782636573,17.264922628012048,0.025311816298114072,NaN,NaN,NaN,raw
810,0.4491673535848245,17.264651167168672,0.025346446667944986,NaN,NaN,NaN,raw
810,0.44922774863589,17.26089156626506,0.04860041452577746,NaN,NaN,NaN,raw
550,0.4493733835442981,19.024,0.027,6115.61935,0.4493733835442981,0.9595168727282726,raw
810,0.4495221339847272,17.266526167168674,0.024916035165343353,NaN,NaN,NaN,raw
810,0.44971617352348403,17.291,0.011,6125.70124,0.44971617352348403,0.5241021413603448,raw
810,0.44981071956793034,17.260385542168674,0.04841821128091852,NaN,NaN,NaN,raw
810,0.4498843038811057,17.266243787650602,0.024977266481126515,NaN,NaN,NaN,raw
810,0.4501571952496306,17.319,0.01,5737.72704,0.4501571952496306,0.6695096067396662,raw
810,0.4502345870862424,17.2635562876506,0.028003793258522845,NaN,NaN,NaN,raw
550,0.4502437594557618,19.010309523809525,0.024521162594094405,NaN,NaN,NaN,raw
810,0.4503911768733815,17.259355421686745,0.049274741831372135,NaN,NaN,NaN,raw
550,0.4505878082359881,19.02492857142857,0.06627270500418288,NaN,NaN,NaN,raw
810,0.4505965553096173,17.263304216867468,0.028027455863151217,NaN,NaN,NaN,raw
550,0.45077008658699924,18.982,0.02,7635.5337,0.45077008658699924,0.969258259579874,raw
810,0.45095787086688965,17.26188761295181,0.029098985069635392,NaN,NaN,NaN,raw
810,0.45096871836505165,17.259259036144577,0.04928124982708836,NaN,NaN,NaN,raw
810,0.4512185296298412,17.315,0.014,6533.49201,0.4512185296298412,0.7652029097316699,raw
810,0.45130163349749985,17.261658132530123,0.029113487252212154,NaN,NaN,NaN,raw
810,0.45155505633681375,17.258795180722892,0.04945638030013298,NaN,NaN,NaN,raw
810,0.45156480015066336,17.258,0.014,5770.75402,0.45156480015066336,0.31232820279365114,raw
810,0.45165107685418976,17.26045011295181,0.028480507151105124,NaN,NaN,NaN,raw
810,0.4520033085434335,17.260831325301204,0.028594404575519854,NaN,NaN,NaN,raw
810,0.4521403537510415,17.258265060240966,0.04998765528513454,NaN,NaN,NaN,raw
810,0.45234730449806226,17.26065512048193,0.028601966836129134,NaN,NaN,NaN,raw
550,0.45268450170866953,19.009785714285716,0.024095579237186877,NaN,NaN,NaN,raw
810,0.45268949401099723,17.263842620481928,0.027755544715125237,NaN,NaN,NaN,raw
810,0.452722611628234,17.258439759036147,0.04996355626947604,NaN,NaN,NaN,raw
810,0.4530317751954296,17.264777484939756,0.028194747570470417,NaN,NaN,NaN,raw
810,0.4532933337868599,17.304,0.013,6119.79248,0.4532933337868599,0.8856029262442462,raw
810,0.4532989378942411,17.258566265060242,0.050001743671677125,NaN,NaN,NaN,raw
810,0.4533758823645182,17.26578576807229,0.027250559797545874,NaN,NaN,NaN,raw
810,0.45371998930617574,17.265608810240963,0.0272980365065591,NaN,NaN,NaN,raw
810,0.4538777881837643,17.258602409638556,0.05003258084162362,NaN,NaN,NaN,raw
810,0.454065883200768,17.266658509036144,0.026190399579534826,NaN,NaN,NaN,raw
810,0.45441955975195336,17.263189759036145,0.027317845809742322,NaN,NaN,NaN,raw
810,0.45446250787628456,17.257644578313254,0.050618958606703505,NaN,NaN,NaN,raw
550,0.454491215167779,19.027919375157474,0.03681868168409357,NaN,NaN,NaN,raw
550,0.4544912151677791,19.027919375157474,0.038208551694175745,NaN,NaN,NaN,raw
550,0.4544912151677791,19.02791937515747,0.035570225838814966,NaN,NaN,NaN,raw
810,0.4547817164464232,17.263012236445782,0.027350649656240122,NaN,NaN,NaN,raw
550,0.45489533317547853,19.046476190476195,0.07928408406732522,NaN,NaN,NaN,raw
810,0.455049636013296,17.257313253012047,0.050401040804751863,NaN,NaN,NaN,raw
810,0.45514388170210074,17.26280986445783,0.02739077572108277,NaN,NaN,NaN,raw
810,0.4552665452451017,17.257286323824005,0.029294183064012113,NaN,NaN,NaN,raw
810,0.4552665452451017,17.257286323824005,0.029270813149591044,NaN,NaN,NaN,raw
810,0.4553728553655674,17.29,0.013,7189.8515,0.4553728553655674,0.6805589570685697,raw
810,0.45550889857599974,17.26167375753012,0.02693395562996296,NaN,NaN,NaN,raw
810,0.4556208650202685,17.256626506024098,0.05061948620918411,NaN,NaN,NaN,raw
810,0.4557642003037472,17.193,0.01,5411.63585,0.4557642003037472,0.17913110585141112,raw
810,0.4558713152473724,17.263442959337347,0.028651267014763337,NaN,NaN,NaN,raw
810,0.4561921884658506,17.256849397590365,0.050560808570188694,NaN,NaN,NaN,raw
810,0.45624074890255506,17.261426769578314,0.02682763548192784,NaN,NaN,NaN,raw
550,0.45643614800926685,19.017490299823635,0.04530562881788715,NaN,NaN,NaN,raw
810,0.456613106109639,17.260884412650604,0.02704540915849513,NaN,NaN,NaN,raw
550,0.4566956103030212,19.022428571428573,0.0635424924884787,NaN,NaN,NaN,raw
810,0.45674755334584916,17.219,0.014,5648.73163,0.45674755334584916,0.3134248387286789,raw
810,0.4567635911012459,17.256319277108435,0.05142455953249017,NaN,NaN,NaN,raw
810,0.45697560100155454,17.26073814006024,0.027067132331647595,NaN,NaN,NaN,raw
550,0.457220302636415,19.135,0.02,6898.52373,0.457220302636415,0.5471447574400372,raw
810,0.4573345954429534,17.25951939006024,0.025369884933128268,NaN,NaN,NaN,raw
810,0.4573406456709081,17.256343373493976,0.051433830849191994,NaN,NaN,NaN,raw
550,0.457422214325691,19.043142857142858,0.08345095101009817,NaN,NaN,NaN,raw
810,0.45761075586779043,17.275,0.012,6007.85156,0.45761075586779043,0.45038647486580885,raw
810,0.45769428899543957,17.25677579066265,0.029809527617241403,NaN,NaN,NaN,raw
810,0.4579222707227829,17.256734939759035,0.051387555229068765,NaN,NaN,NaN,raw
810,0.45805612445778265,17.256646084337348,0.02981305882315557,NaN,NaN,NaN,raw
550,0.4583507300376368,18.972,0.015,7163.77899,0.4583507300376368,0.9129533729719697,raw
810,0.45835797876497963,17.306,0.013,6789.71053,0.45835797876497963,0.8019422455527092,raw
810,0.4584038017854636,17.25657530120482,0.029811779865984895,NaN,NaN,NaN,raw
810,0.45844197194310254,17.292,0.013,5760.67464,0.45844197194310254,0.7531116804020712,raw
810,0.45850468888570556,17.256265060240963,0.052032061057343676,NaN,NaN,NaN,raw
810,0.4587441359696123,17.25453030873494,0.031854268811986435,NaN,NaN,NaN,raw
810,0.45906770028229227,17.25468655873494,0.03211594084672771,NaN,NaN,NaN,raw
810,0.4590822326300517,17.25577710843373,0.052637281004894,NaN,NaN,NaN,raw
550,0.45909949664443656,19.055666666666667,0.08158635506831606,NaN,NaN,NaN,raw
810,0.45939320703591197,17.254510730421686,0.03210941638570063,NaN,NaN,NaN,raw
810,0.45966056394044275,17.255590361445776,0.05268431683023487,NaN,NaN,NaN,raw
810,0.4597184352118743,17.2543313253012,0.032101854826439825,NaN,NaN,NaN,raw
810,0.4599400708648318,17.201,0.012,6211.57367,0.4599400708648318,0.20031155839569692,raw
810,0.4600259954994492,17.254998682228916,0.0323936053822548,NaN,NaN,NaN,raw
810,0.460237205926008,17.255367469879513,0.05253931193891144,NaN,NaN,NaN,raw
810,0.4603323417148307,17.254849774096385,0.032393574563956855,NaN,NaN,NaN,raw
810,0.4606464137450297,17.25366490963855,0.03175350537022608,NaN,NaN,NaN,raw
810,0.460817036817575,17.2544156626506,0.052773749172097366,NaN,NaN,NaN,raw
810,0.46095426710098863,17.2527078313253,0.03212079138222772,NaN,NaN,NaN,raw
550,0.4612567461597012,19.01692857142857,0.04402938490024324,NaN,NaN,NaN,raw
810,0.4612739411874107,17.254522590361443,0.030223023201588754,NaN,NaN,NaN,raw
810,0.4613967134882513,17.25464457831325,0.052710302030287544,NaN,NaN,NaN,raw
810,0.46140805305185495,17.317,0.011,6370.79663,0.46140805305185495,0.7691034856852639,raw
810,0.46159833737762124,17.254302522590358,0.03023117165148972,NaN,NaN,NaN,raw
550,0.4617274572592578,19.06,0.02,6039.83654,0.4617274572592578,0.8644267515865067,raw
810,0.4619234571874395,17.25527390813253,0.029552013212176355,NaN,NaN,NaN,raw
810,0.46197907221547607,17.25448192771084,0.05280974690701163,NaN,NaN,NaN,raw
810,0.4622661794717003,17.255049510542168,0.029571075921676765,NaN,NaN,NaN,raw
810,0.4623066075000679,17.242,0.013,6094.76501,0.4623066075000679,0.35327804736698454,raw
810,0.4625685549063494,17.254578313253013,0.052900505922293554,NaN,NaN,NaN,raw
810,0.46259423676091693,17.25285128012048,0.031987615722201955,NaN,NaN,NaN,raw
810,0.46270635175460484,17.276,0.014,6890.52975,0.46270635175460484,0.4484793935316702,raw
810,0.4629288590281597,17.25202259036145,0.031737829539674245,NaN,NaN,NaN,raw
810,0.46306525001637056,17.171,0.01,6455.62314,0.46306525001637056,0.20814992790656106,raw
810,0.4631435349456406,17.25384939759036,0.05307645913949442,NaN,NaN,NaN,raw
810,0.4632660282368306,17.256,0.011,7936.60058,0.4632660282368306,0.9340709406023961,raw
810,0.4632717840846663,17.253530873493975,0.03308717072272937,NaN,NaN,NaN,raw
810,0.4636014656421601,17.251741340361445,0.031676337398724747,NaN,NaN,NaN,raw
810,0.4636133055209939,17.193,0.014,7797.88944,0.4636133055209939,0.23888717654699576,raw
810,0.4636473917926196,17.309,0.018,7917.82776,0.4636473917926196,0.780084175952652,raw
550,0.46369205118220896,19.018785714285716,0.06428563492058606,NaN,NaN,NaN,raw
810,0.4637151540100713,17.252939759036142,0.05438612777618061,NaN,NaN,NaN,raw
810,0.4639363282242819,17.250366340361445,0.03081570548084121,NaN,NaN,NaN,raw
810,0.46427985377282643,17.25011125753012,0.03079908208038057,NaN,NaN,NaN,raw
810,0.46428508981455935,17.252861445783132,0.05434178108261067,NaN,NaN,NaN,raw
550,0.4642877973359472,19.043261904761906,0.021669400664761997,NaN,NaN,NaN,raw
810,0.4643044370786811,17.279,0.014,6441.71768,0.4643044370786811,0.4651674246706534,raw
810,0.46461561481594144,17.251430722891563,0.0319331990824481,NaN,NaN,NaN,raw
810,0.46485271490550384,17.252548192771084,0.05446751127592415,NaN,NaN,NaN,raw
810,0.4649415339857899,17.251200112951807,0.03192883647284922,NaN,NaN,NaN,raw
810,0.46526376792707996,17.254481362951807,0.03199869633631213,NaN,NaN,NaN,raw
810,0.4654231603319357,17.252084337349398,0.05449163512548646,NaN,NaN,NaN,raw
810,0.46547217241095495,17.226,0.011,6737.91356,0.46547217241095495,0.011190092758624814,raw
810,0.46558786095521265,17.25512612951807,0.032224202972327386,NaN,NaN,NaN,raw
810,0.46573654859435054,17.25118841851302,0.02528540282310726,NaN,NaN,NaN,raw
810,0.46573654859435065,17.25118841851302,0.025445946676127804,NaN,NaN,NaN,raw
810,0.46573654859435065,17.251188418513024,0.02536529371040172,NaN,NaN,NaN,raw
810,0.46589624569623955,17.254921498493978,0.03224964135156427,NaN,NaN,NaN,raw
810,0.4659937710692532,17.251072289156628,0.05535511432560446,NaN,NaN,NaN,raw
810,0.46619742041208445,17.25424510542169,0.03248178425252322,NaN,NaN,NaN,raw
810,0.46650583332227336,17.252066641566266,0.030408721919730954,NaN,NaN,NaN,raw
810,0.46657286655258706,17.249807228915664,0.05600518543769784,NaN,NaN,NaN,raw
810,0.46681477089739876,17.251825677710844,0.03041951449061881,NaN,NaN,NaN,raw
550,0.4668347179540866,18.981261904761904,0.0942776601899116,NaN,NaN,NaN,raw
810,0.4671317681581194,17.251978350903613,0.030380844889698954,NaN,NaN,NaN,raw
810,0.46715138726003386,17.2500843373494,0.056199256938747257,NaN,NaN,NaN,raw
550,0.467443883566375,19.051,0.035,5695.66773,0.467443883566375,0.7070544683901971,raw
810,0.46745769610033117,17.249772778614457,0.03266224941288793,NaN,NaN,NaN,raw
810,0.4677307041975914,17.24913855421687,0.05689106087597613,NaN,NaN,NaN,raw
810,0.46778039190283116,17.248869164156623,0.032311353543398515,NaN,NaN,NaN,raw
810,0.4678384789258416,17.186,0.01,6726.78967,0.4678384789258416,0.21782650479508447,raw
810,0.4680983938247001,17.252806664156626,0.030118891421643507,NaN,NaN,NaN,raw
810,0.46831866841956027,17.248481927710845,0.05668527924897384,NaN,NaN,NaN,raw
810,0.4684157372539305,17.254248870481927,0.03125397584970451,NaN,NaN,NaN,raw
810,0.46873918467179077,17.253956513554215,0.03128081184558574,NaN,NaN,NaN,raw
810,0.4688958725309931,17.305,0.013,5725.5659,0.4688958725309931,0.6575276773837686,raw
810,0.46890778860478055,17.24873493975904,0.05688874508432302,NaN,NaN,NaN,raw
550,0.4689840057871628,18.975571428571428,0.09135007791290536,NaN,NaN,NaN,raw
810,0.46907009675791445,17.255610692771086,0.02928958387411861,NaN,NaN,NaN,raw
810,0.4691575745709997,17.248,0.012,7472.84117,0.4691575745709997,0.979254822299481,raw
550,0.4693682191136759,18.874,0.017,5682.80545,0.4693682191136759,0.195374236904172,raw
810,0.4694095086711312,17.252829442771084,0.028263987968473733,NaN,NaN,NaN,raw
810,0.46949750643913163,17.248102409638555,0.05673101118896169,NaN,NaN,NaN,raw
810,0.4697555057008663,17.252603539156624,0.028291953000393742,NaN,NaN,NaN,raw
810,0.4698265860097308,17.298,0.011,6758.77391,0.4698265860097308,0.6302839638974547,raw
550,0.470007234259761,19.00675850340136,0.05126029083368845,NaN,NaN,NaN,raw
550,0.470007234259761,19.006758503401358,0.04952214577268136,NaN,NaN,NaN,raw
550,0.47000723425976104,19.00675850340136,0.05319531777324922,NaN,NaN,NaN,raw
810,0.4700899773755934,17.248210843373492,0.05670378216672757,NaN,NaN,NaN,raw
810,0.47009794564947327,17.2510766189759,0.029567365792409872,NaN,NaN,NaN,raw
550,0.4701399146814375,19.001714285714286,0.09685788842139041,NaN,NaN,NaN,raw
810,0.47025155698611343,17.306,0.013,5311.86612,0.47025155698611343,0.7773929582144774,raw
810,0.4704436760472178,17.250026167168674,0.02913730869432403,NaN,NaN,NaN,raw
810,0.47060818282625405,17.276,0.015,7093.90615,0.47060818282625405,0.458950587641084,raw
810,0.4706853485304346,17.247867469879516,0.056505676000083105,NaN,NaN,NaN,raw
810,0.4707876411305679,17.247915286144575,0.03131418368807993,NaN,NaN,NaN,raw
810,0.4710343043952889,17.233,0.014,6161.51632,0.4710343043952889,0.13050694867524726,raw
810,0.47111660649254034,17.24771592620482,0.031307092083805575,NaN,NaN,NaN,raw
810,0.47127726617789845,17.247289156626504,0.05674793390882865,NaN,NaN,NaN,raw
810,0.4714471381762844,17.24452842620482,0.0380547476597411,NaN,NaN,NaN,raw
810,0.4717765926587831,17.24434186746988,0.03803626113046102,NaN,NaN,NaN,raw
810,0.471865074619489,17.24677108433735,0.057242032723622334,NaN,NaN,NaN,raw
550,0.47191273033950853,18.953166666666664,0.06914390249111432,NaN,NaN,NaN,raw
810,0.472092452205078,17.24625414156627,0.03981647053020478,NaN,NaN,NaN,raw
810,0.47240398759469904,17.246090926204822,0.039810967785124586,NaN,NaN,NaN,raw
810,0.4724505198431301,17.246885542168673,0.05729968138370389,NaN,NaN,NaN,raw
810,0.47269785024953875,17.24808659638554,0.04153210867168522,NaN,NaN,NaN,raw
810,0.4729982490571274,17.184,0.017,6165.68877,0.4729982490571274,0.055138521138360375,raw
810,0.473006251479445,17.24992206325301,0.03996816462479937,NaN,NaN,NaN,raw
810,0.4730326174346034,17.247084337349396,0.057311949109852885,NaN,NaN,NaN,raw
810,0.4732413115161762,17.297,0.015,5348.71777,0.4732413115161762,0.6009616258706956,raw
810,0.4732985246810131,17.3,0.014,7188.81479,0.4732985246810131,0.4630956447490462,raw
810,0.47330258483568044,17.24865700301205,0.04065006170193796,NaN,NaN,NaN,raw
810,0.47358793692548473,17.244844503012047,0.04091550567444117,NaN,NaN,NaN,raw
810,0.4736163456083602,17.24664457831325,0.057268428560779586,NaN,NaN,NaN,raw
810,0.47388148273983355,17.244687123493975,0.04090974381323409,NaN,NaN,NaN,raw
810,0.474185701503517,17.244529743975903,0.04090627494292678,NaN,NaN,NaN,raw
810,0.47420249227695194,17.245933734939758,0.05729700775329235,NaN,NaN,NaN,raw
810,0.4744856898018356,17.2446827936747,0.040929228826914146,NaN,NaN,NaN,raw
810,0.47450857301555516,17.22,0.012,5651.86663,0.47450857301555516,0.019010281255759764,raw
810,0.474784441788242,17.2413702936747,0.04076402675762178,NaN,NaN,NaN,raw
810,0.47478705896159534,17.24571084337349,0.05707475801894199,NaN,NaN,NaN,raw
810,0.4750778156365941,17.24120143072289,0.040745964136102285,NaN,NaN,NaN,raw
810,0.4752431681699818,17.204,0.011,5410.59968,0.4752431681699818,0.9628228226047213,raw
810,0.47536780980650534,17.245385542168673,0.05712375323491687,NaN,NaN,NaN,raw
810,0.47538446007007656,17.239239269578313,0.03899926472019996,NaN,NaN,NaN,raw
810,0.47569816121218855,17.238222326807225,0.038429899964233724,NaN,NaN,NaN,raw
810,0.47585959757270757,17.185,0.011,7812.84253,0.47585959757270757,0.22269024665729376,raw
810,0.475950051915054,17.24570481927711,0.057016559856290325,NaN,NaN,NaN,raw
550,0.47599053214902853,19.025833333333335,0.057998959057044046,NaN,NaN,NaN,raw
810,0.4760202183898008,17.234757718373494,0.042331789258765455,NaN,NaN,NaN,raw
810,0.47604918629076565,17.124,0.013,7175.60515,0.47604918629076565,0.20843226834767847,raw
550,0.47623005722341205,18.983785714285712,0.11049899308377163,NaN,NaN,NaN,raw
810,0.47633882173514364,17.23509017319277,0.04235930589385379,NaN,NaN,NaN,raw
810,0.4765363145092102,17.245102409638555,0.056839873916870474,NaN,NaN,NaN,raw
810,0.4766511987926385,17.233674887048192,0.042693839519083614,NaN,NaN,NaN,raw
810,0.4766803720340249,17.311,0.014,5364.71074,0.4766803720340249,0.8090084567393205,raw
810,0.476955857897977,17.23655704066265,0.04654575724802654,NaN,NaN,NaN,raw
810,0.47712051972790637,17.244861445783137,0.056827000264919596,NaN,NaN,NaN,raw
810,0.47713430915246136,17.313,0.014,6823.78649,0.47713430915246136,0.6884689811595308,raw
810,0.47724818339110775,17.236420368975903,0.046520865762505186,NaN,NaN,NaN,raw
810,0.4775252683010611,17.239732868975903,0.04644166520145053,NaN,NaN,NaN,raw
810,0.4777073182828414,17.24473493975904,0.05678958170295285,NaN,NaN,NaN,raw
810,0.4778013358190947,17.208,0.012,6021.76447,0.4778013358190947,0.2093041014013579,raw
810,0.47781737030391935,17.23956946536145,0.046424160487567145,NaN,NaN,NaN,raw
810,0.4780271394047304,17.183,0.013,5830.55855,0.4780271394047304,0.23079256169694418,raw
810,0.47812128626835587,17.237824736445784,0.04522993713853076,NaN,NaN,NaN,raw
810,0.4783012546639433,17.243698795180727,0.057649775408064034,NaN,NaN,NaN,raw
810,0.4784403920389421,17.236668486445787,0.04404668083398044,NaN,NaN,NaN,raw
810,0.478750799780647,17.236471009036144,0.04401466575159602,NaN,NaN,NaN,raw
810,0.4788925750088705,17.242963855421692,0.05734540657584246,NaN,NaN,NaN,raw
810,0.4789903449706223,17.241758036852353,0.02833488226736136,NaN,NaN,NaN,raw
810,0.479061142498336,17.236277484939762,0.04398532226246919,NaN,NaN,NaN,raw
810,0.479097131985327,17.253,0.011,7125.89265,0.479097131985327,0.876242057302079,raw
810,0.4793637651465139,17.23933998493976,0.04617269608005631,NaN,NaN,NaN,raw
810,0.4793866495747352,17.192,0.011,7092.86626,0.4793866495747352,0.2346854374573013,raw
810,0.4794779405228618,17.242807228915666,0.057375310460653535,NaN,NaN,NaN,raw
810,0.4796741146817608,17.23915681475904,0.046158231287856614,NaN,NaN,NaN,raw
810,0.4799764146249613,17.24150056475904,0.046219584007447266,NaN,NaN,NaN,raw
810,0.48006417885755076,17.243210843373493,0.057527206764037275,NaN,NaN,NaN,raw
810,0.48028408087985447,17.24276976656627,0.04688259428872539,NaN,NaN,NaN,raw
810,0.4805791279324173,17.24448606927711,0.045689629815911556,NaN,NaN,NaN,raw
550,0.4806315423426159,19.017309523809526,0.06479663372040675,NaN,NaN,NaN,raw
810,0.480646619373837,17.2434578313253,0.05764873805127669,NaN,NaN,NaN,raw
810,0.48088003312464517,17.243307793674703,0.04614113401197782,NaN,NaN,NaN,raw
810,0.48099117821402615,17.137,0.011,6813.70606,0.48099117821402615,0.12700656890774553,raw
810,0.4811875345235202,17.246922251506028,0.0407034956684118,NaN,NaN,NaN,raw
810,0.48122961144625986,17.24363855421687,0.0577730309973808,NaN,NaN,NaN,raw
810,0.4812733320177358,17.202,0.011,5990.82507,0.4812733320177358,0.031699558971013175,raw
810,0.48149651519710324,17.24882530120482,0.042018040960221784,NaN,NaN,NaN,raw
550,0.4816016245422361,19.092,0.038,6053.74934,0.4816016245422361,0.6231090944220341,raw
810,0.48161416599032236,17.339,0.011,6377.7566,0.48161416599032236,0.656080682629181,raw
810,0.48180283892371023,17.246596950301207,0.040476915427519224,NaN,NaN,NaN,raw
810,0.4818049356233121,17.24251204819277,0.058389158183307,NaN,NaN,NaN,raw
810,0.48186496617563535,17.29,0.011,6830.74108,0.48186496617563535,0.5639386662442121,raw
810,0.4821138579713088,17.246401920180723,0.040500575883668025,NaN,NaN,NaN,raw
810,0.4823798815260675,17.241855421686743,0.0586565003305962,NaN,NaN,NaN,raw
810,0.4824332208271708,17.243620670180725,0.03879981983510726,NaN,NaN,NaN,raw
810,0.4827444486902348,17.243443335843374,0.03880753011205456,NaN,NaN,NaN,raw
810,0.4829666223781441,17.241168674698795,0.05876843499849499,NaN,NaN,NaN,raw
810,0.483065542826844,17.244443335843375,0.03827337266145571,NaN,NaN,NaN,raw
810,0.4833806745622635,17.245630835843375,0.036869238938603166,NaN,NaN,NaN,raw
810,0.483509909339773,17.263,0.012,6024.89528,0.483509909339773,0.9059273739094351,raw
810,0.48354939334291547,17.24032530120482,0.05808220056640419,NaN,NaN,NaN,raw
810,0.4836920008061009,17.245467243975902,0.0368896963544974,NaN,NaN,NaN,raw
810,0.48398855980780237,17.242937123493977,0.03973379408526573,NaN,NaN,NaN,raw
550,0.48406294526219945,18.976142857142857,0.11237975258563589,NaN,NaN,NaN,raw
810,0.4841334592429997,17.23974096385542,0.058319904676616206,NaN,NaN,NaN,raw
810,0.48419249775724893,17.318,0.013,5680.72472,0.48419249775724893,0.7448119409473293,raw
810,0.4842935119002868,17.242472891566266,0.03969919833813435,NaN,NaN,NaN,raw
810,0.48459578757328015,17.245816641566265,0.03981685360628149,NaN,NaN,NaN,raw
810,0.48471824408949604,17.239849397590365,0.05836142535384035,NaN,NaN,NaN,raw
810,0.4848988347674749,17.24585391566265,0.039814503730643394,NaN,NaN,NaN,raw
810,0.48491676635239855,17.279,0.011,7878.89866,0.48491676635239855,0.5129689444765972,raw
810,0.4851920204154893,17.24568034638554,0.039838497187869706,NaN,NaN,NaN,raw
810,0.4852131299630855,17.286,0.015,5831.60399,0.4852131299630855,0.46692884400545154,raw
810,0.48530110325471865,17.23992168674699,0.05830546426535212,NaN,NaN,NaN,raw
550,0.48532266764574333,19.015380952380955,0.0663605386388267,NaN,NaN,NaN,raw
810,0.4854788938874318,17.247541039156623,0.04110179928495627,NaN,NaN,NaN,raw
810,0.4855790180663462,17.208,0.01,6401.74564,0.4855790180663462,0.9672632677011279,raw
810,0.4857614719729364,17.25067206325301,0.03589597621982713,NaN,NaN,NaN,raw
810,0.4858892310547666,17.239662650602412,0.05804246660766088,NaN,NaN,NaN,raw
550,0.48593278834328757,18.970680402930405,0.0795944004424413,NaN,NaN,NaN,raw
550,0.48593278834328757,18.9706804029304,0.07882535438347438,NaN,NaN,NaN,raw
810,0.48603928942643626,17.251964608433735,0.036376006726578765,NaN,NaN,NaN,raw
810,0.4863249884915388,17.254433358433737,0.03554696595373923,NaN,NaN,NaN,raw
810,0.4864236960638664,17.306,0.011,7098.77871,0.4864236960638664,0.8810773512268497,raw
810,0.4864827312854489,17.23969277108434,0.058051248587584994,NaN,NaN,NaN,raw
810,0.48660483212447736,17.252589608433738,0.032410942740509534,NaN,NaN,NaN,raw
810,0.4868803792662569,17.252411332831326,0.032483770012976816,NaN,NaN,NaN,raw
810,0.4870731292510601,17.23862048192771,0.05860898112795728,NaN,NaN,NaN,raw
810,0.4871724641954543,17.250724021084338,0.03186472229107021,NaN,NaN,NaN,raw
810,0.4873539205400448,17.224,0.012,6835.61005,0.4873539205400448,0.978386625447456,raw
810,0.48746682308075767,17.250525414156627,0.03194149533899581,NaN,NaN,NaN,raw
810,0.4876666099008912,17.239060240963855,0.058644145001627346,NaN,NaN,NaN,raw
810,0.48776143709110176,17.25033245481928,0.03201840115810493,NaN,NaN,NaN,raw
810,0.4880404051956687,17.248457454819278,0.03299458067557833,NaN,NaN,NaN,raw
810,0.48807634819058876,17.24,0.017,5359.84764,0.48807634819058876,0.40711609132995363,raw
810,0.4881113549381553,17.221,0.014,5404.69415,0.4881113549381553,0.3312323924910743,raw
810,0.48826369446673945,17.23846385542169,0.05831852365075114,NaN,NaN,NaN,raw
810,0.4883194491219507,17.249009789156627,0.03300199352519371,NaN,NaN,NaN,raw
810,0.4883824630633171,17.162,0.013,7568.7985,0.4883824630633171,0.22648772556931362,raw
810,0.48859306918538675,17.246549134036144,0.036468783108903495,NaN,NaN,NaN,raw
810,0.48885559894482955,17.238144578313253,0.058074587887525786,NaN,NaN,NaN,raw
810,0.48886780877957103,17.24393486445783,0.03410334850388496,NaN,NaN,NaN,raw
550,0.48900689045066903,19.008714285714287,0.05481490189161745,NaN,NaN,NaN,raw
810,0.4890594711105223,17.299,0.014,7440.86454,0.4890594711105223,0.5830747173313284,raw
810,0.48914458478753,17.243766378012047,0.03413748505681543,NaN,NaN,NaN,raw
810,0.48917545073709334,17.244,0.011,5279.88915,0.48917545073709334,0.38048561272262305,raw
810,0.4893868234312597,17.234695749403976,0.029121024447104307,NaN,NaN,NaN,raw
810,0.4893868234312598,17.234695749403976,0.029305921697954946,NaN,NaN,NaN,raw
810,0.48938682343125983,17.234695749403976,0.029213034232286637,NaN,NaN,NaN,raw
810,0.4894197460522971,17.244703878012047,0.03552023357296172,NaN,NaN,NaN,raw
810,0.489446119594011,17.237656626506023,0.058515857871947546,NaN,NaN,NaN,raw
810,0.48969964746384753,17.243057417168675,0.03475718851903356,NaN,NaN,NaN,raw
810,0.48982657047599787,17.303,0.012,6785.89735,0.48982657047599787,0.6457686258600006,raw
810,0.4899775949870896,17.24077861445783,0.037269139066642344,NaN,NaN,NaN,raw
810,0.490033676950172,17.237192771084338,0.0582354589120649,NaN,NaN,NaN,raw
810,0.49011976995825535,17.285,0.014,7147.79826,0.49011976995825535,0.7310872010566527,raw
810,0.4902588157341593,17.24087236445783,0.03718770937835706,NaN,NaN,NaN,raw
550,0.49030343313279445,18.978,0.015,6363.85373,0.49030343313279445,0.9186380410519632,raw
810,0.4904157021010178,17.281,0.015,6819.61934,0.4904157021010178,0.7751738051392749,raw
810,0.49053144797190185,17.238820406626502,0.03902290903803913,NaN,NaN,NaN,raw
810,0.49056916224435554,17.28,0.012,6087.82189,0.49056916224435554,0.5023420353372785,raw
810,0.49062244416025746,17.236807228915662,0.05790817346011424,NaN,NaN,NaN,raw
810,0.49079244522112575,17.236511483433734,0.037056054428921514,NaN,NaN,NaN,raw
810,0.4910555896870848,17.23542733433735,0.03746522134601014,NaN,NaN,NaN,raw
810,0.49121168390995235,17.236006024096383,0.05748775859026646,NaN,NaN,NaN,raw
810,0.4913153299822335,17.235218373493975,0.037465484719206736,NaN,NaN,NaN,raw
550,0.49131553867487315,18.99414495513305,0.04251762557339868,NaN,NaN,NaN,raw
550,0.49131553867487315,18.994144955133052,0.04097100917303463,NaN,NaN,NaN,raw
550,0.4913155386748732,18.99414495513305,0.03958175530653522,NaN,NaN,NaN,raw
810,0.49157387149188536,17.234780873493975,0.03768182943663011,NaN,NaN,NaN,raw
810,0.4917993658557763,17.235499999999995,0.05756521992882988,NaN,NaN,NaN,raw
810,0.4918270020211266,17.231778990963853,0.04100927611612104,NaN,NaN,NaN,raw
550,0.49190359020589575,19.005309523809526,0.05807016925946525,NaN,NaN,NaN,raw
810,0.49207447968463125,17.231518072289155,0.04098183528963526,NaN,NaN,NaN,raw
810,0.4923270551973493,17.231861822289158,0.04093687378523228,NaN,NaN,NaN,raw
810,0.49239427070915553,17.234993975903613,0.05784970045106725,NaN,NaN,NaN,raw
810,0.4924368886859156,17.203,0.011,5999.86778,0.4924368886859156,0.37353832675034937,raw
810,0.49247879898393876,17.258,0.013,5307.70208,0.49247879898393876,0.8707498940693768,raw
810,0.4925823507424929,17.23019107680723,0.04174182390346891,NaN,NaN,NaN,raw
550,0.49265429295701324,19.072,0.016,6015.85963,0.49265429295701324,0.5791895417678461,raw
550,0.4927530445278795,18.965928571428574,0.11417965889550746,NaN,NaN,NaN,raw
810,0.4928391603757727,17.232359563253013,0.03984434200912585,NaN,NaN,NaN,raw
810,0.49288930127295316,17.161,0.011,7854.91377,0.49288930127295316,0.21066297171273618,raw
810,0.4929841647711448,17.23434337349397,0.0573459162219809,NaN,NaN,NaN,raw
810,0.49310007079996676,17.232106362951807,0.03983213635316433,NaN,NaN,NaN,raw
810,0.493369024263968,17.227606362951807,0.04016385962139048,NaN,NaN,NaN,raw
810,0.49357507634418235,17.234457831325297,0.05735013169091527,NaN,NaN,NaN,raw
810,0.4936348882099376,17.226168862951805,0.0403807941420638,NaN,NaN,NaN,raw
810,0.4937219268249464,17.309,0.016,7090.78536,0.4937219268249464,0.7837595212349697,raw
810,0.4938964046170241,17.225908885542168,0.04033119835074555,NaN,NaN,NaN,raw
810,0.49415819834546537,17.22497138554217,0.03880105606525567,NaN,NaN,NaN,raw
810,0.4941699751327003,17.233313253012046,0.05772808312137982,NaN,NaN,NaN,raw
810,0.4941954239984625,17.167,0.009,6519.60106,0.4941954239984625,0.05325646543496987,raw
810,0.4944203725413041,17.22470048945783,0.03874319573346396,NaN,NaN,NaN,raw
810,0.4945780819725769,17.211,0.012,6210.54277,0.4945780819725769,0.9952755033082212,raw
810,0.49461346266252804,17.174,0.009,6387.84289,0.49461346266252804,0.23007729925120657,raw
810,0.49469791139563823,17.22316923945783,0.037221528804015976,NaN,NaN,NaN,raw
810,0.49477560803903126,17.232114457831326,0.0581281147905058,NaN,NaN,NaN,raw
810,0.49490335419613984,17.205,0.011,7877.85919,0.49490335419613984,0.2896021502347139,raw
810,0.4949663785548688,17.218575489457834,0.03888783853031536,NaN,NaN,NaN,raw
810,0.4952310949200097,17.216965361445784,0.037296661991345924,NaN,NaN,NaN,raw
810,0.4953848186958194,17.23193373493976,0.05798726459367261,NaN,NaN,NaN,raw
810,0.49550511428444727,17.217315135542172,0.03754043197145411,NaN,NaN,NaN,raw
810,0.49562724884890486,17.21,0.01,6814.75409,0.49562724884890486,0.3686827128731238,raw
810,0.4957667868366116,17.143,0.012,5697.76346,0.4957667868366116,0.18970090522270766,raw
810,0.4957688013933329,17.217064570783133,0.037438274212549326,NaN,NaN,NaN,raw
810,0.49599563342273695,17.23165060240964,0.05765864727597689,NaN,NaN,NaN,raw
810,0.4960331863407392,17.216811370481928,0.037336832271887124,NaN,NaN,NaN,raw
550,0.496093380868236,18.995952380952378,0.06634327601278713,NaN,NaN,NaN,raw
810,0.4961937713451334,17.232,0.019,5846.55664,0.4961937713451334,0.4497907793174818,raw
810,0.49629804233862373,17.216547251506025,0.03723381197416335,NaN,NaN,NaN,raw
810,0.49643315191133297,17.185,0.009,6372.89469,0.49643315191133297,0.25673365906550316,raw
810,0.49657678212284495,17.216516001506026,0.03724596649777722,NaN,NaN,NaN,raw
810,0.49660037132827095,17.231391566265064,0.05789779648252558,NaN,NaN,NaN,raw
810,0.49685794732229976,17.215528990963854,0.03652265303084573,NaN,NaN,NaN,raw
810,0.4971455047431719,17.217535015060243,0.035168825666614306,NaN,NaN,NaN,raw
810,0.49720473251903946,17.230042168674697,0.05865991893800921,NaN,NaN,NaN,raw
810,0.49743044432473876,17.215368034638555,0.03622037228538031,NaN,NaN,NaN,raw
810,0.49766598195856204,17.155,0.015,5845.51421,0.49766598195856204,0.2200927146113827,raw
810,0.49768309700812097,17.198,0.011,6719.8471,0.49768309700812097,0.3680669112618489,raw
810,0.49770515273899557,17.21635372740964,0.03717329127661254,NaN,NaN,NaN,raw
810,0.4978146446207783,17.229337349397593,0.05892754197002203,NaN,NaN,NaN,raw
810,0.49797698358059345,17.21557247740964,0.035382981253929545,NaN,NaN,NaN,raw
550,0.49811017382822725,18.951025708859042,0.07837237347011371,NaN,NaN,NaN,raw
810,0.49820396978611825,17.273,0.012,6857.5156,0.49820396978611825,0.8331034326383815,raw
810,0.4982435789384194,17.21530967620482,0.03527803902977987,NaN,NaN,NaN,raw
810,0.498423251217013,17.22852409638554,0.05984279423544507,NaN,NaN,NaN,raw
810,0.49851486504691955,17.21959092620482,0.037471003258548304,NaN,NaN,NaN,raw
810,0.49878776355389887,17.22001656626506,0.03744762089700976,NaN,NaN,NaN,raw
810,0.49900101329694735,17.236,0.01,6486.57624,0.49900101329694735,0.4150579856686818,raw
810,0.499006651196396,17.134,0.01,6504.6539,0.499006651196396,0.0821373256840161,raw
810,0.4990400859288643,17.228475903614456,0.059805107900552504,NaN,NaN,NaN,raw
810,0.4990784182417132,17.22158094879518,0.03649682584698358,NaN,NaN,NaN,raw
810,0.499364343883579,17.218952371987953,0.03867760338174924,NaN,NaN,NaN,raw
810,0.49939106382225873,17.248,0.012,6736.88241,0.49939106382225873,0.8056193019911007,raw
810,0.4996496713942924,17.227987951807226,0.05958909682166628,NaN,NaN,NaN,raw
810,0.49965952004729675,17.220764871987953,0.03935572547330337,NaN,NaN,NaN,raw
810,0.49994491170490224,17.219266942771085,0.03982630753338031,NaN,NaN,NaN,raw
810,0.5002229362248589,17.219671686746988,0.03979489258679943,NaN,NaN,NaN,raw
810,0.5002596841727773,17.227397590361445,0.06030929166243896,NaN,NaN,NaN,raw
810,0.5005025209745644,17.22339043674699,0.03791469417251646,NaN,NaN,NaN,raw
810,0.5007878970259727,17.22309017319277,0.0378852032940667,NaN,NaN,NaN,raw
810,0.5008696626414623,17.226542168674698,0.06135575371598197,NaN,NaN,NaN,raw
810,0.5010705344389381,17.21990267319277,0.04125265106591141,NaN,NaN,NaN,raw
810,0.5013565617809945,17.202,0.013,6809.88902,0.5013565617809945,0.9625766302960983,raw
810,0.5013608169985899,17.22103030873494,0.04075803010997239,NaN,NaN,NaN,raw
810,0.5014760853664922,17.226415662650602,0.0613868172244838,NaN,NaN,NaN,raw
810,0.5016602994872381,17.222486822289156,0.041955441733083375,NaN,NaN,NaN,raw
550,0.5018671162209406,18.966285714285714,0.01653860665848669,NaN,NaN,NaN,raw
810,0.5019450684998186,17.222214043674697,0.04193310523951878,NaN,NaN,NaN,raw
810,0.5020911387408591,17.22519277108434,0.06169277897557463,NaN,NaN,NaN,raw
810,0.5021022313812864,17.165,0.015,7522.91383,0.5021022313812864,0.08180664513929514,raw
810,0.5022339357365722,17.224284638554217,0.04010306621581085,NaN,NaN,NaN,raw
810,0.5023657456004003,17.266,0.014,7264.612,0.5023657456004003,0.5889865411299979,raw
810,0.5024205137560784,17.284,0.017,6446.94564,0.5024205137560784,0.6474744326824293,raw
810,0.5025264152014328,17.226940888554218,0.041108339830801456,NaN,NaN,NaN,raw
810,0.5027010265831308,17.22490361445783,0.06149463922589666,NaN,NaN,NaN,raw
810,0.5028190877348031,17.22436784638554,0.04346289068930752,NaN,NaN,NaN,raw
550,0.5028728051198154,18.94992857142857,0.12675625567067023,NaN,NaN,NaN,raw
810,0.5028765794704668,17.304,0.012,6841.52545,0.5028765794704668,0.6310884202557645,raw
810,0.5031049396128644,17.22055534638554,0.04440006480570093,NaN,NaN,NaN,raw
810,0.5033108341959162,17.22462048192771,0.06116609728220398,NaN,NaN,NaN,raw
810,0.5033882015282345,17.220507718373494,0.044392057699704446,NaN,NaN,NaN,raw
810,0.503654007132333,17.22001110692771,0.04430195331591085,NaN,NaN,NaN,raw
810,0.5039144126725856,17.224060240963855,0.06075781020204438,NaN,NaN,NaN,raw
810,0.503925228578737,17.148,0.01,6379.85024,0.503925228578737,0.13425672916673648,raw
810,0.503936370380849,17.224292356927712,0.042296183213590875,NaN,NaN,NaN,raw
810,0.5042194988366365,17.22401073042169,0.04229743181399106,NaN,NaN,NaN,raw
810,0.5043489914351085,17.263,0.016,7660.58293,0.5043489914351085,0.5481265321504907,raw
810,0.5045102035920472,17.223108810240966,0.04207653441723554,NaN,NaN,NaN,raw
810,0.5045173517391959,17.184,0.016,6082.61203,0.5045173517391959,0.35874989064723195,raw
810,0.5045240334875197,17.222951807228917,0.0618042665222272,NaN,NaN,NaN,raw
810,0.5047134988271864,17.262,0.014,7821.89139,0.5047134988271864,0.5776835121941986,raw
810,0.5048005280155649,17.22107793674699,0.043381562139259845,NaN,NaN,NaN,raw
810,0.5050824774670262,17.220805534638554,0.04336796500997561,NaN,NaN,NaN,raw
810,0.5051276670677995,17.222042168674697,0.06171531438150294,NaN,NaN,NaN,raw
810,0.5052381685600267,17.13,0.01,7084.87936,0.5052381685600267,0.15116378804123087,raw
810,0.5053492968674624,17.221819841867468,0.043882974163157375,NaN,NaN,NaN,raw
810,0.505615112326982,17.222319841867467,0.043740784512845805,NaN,NaN,NaN,raw
810,0.5057221938201899,17.221084337349392,0.061887817339220996,NaN,NaN,NaN,raw
810,0.505884170778048,17.221775602409636,0.043796489501558435,NaN,NaN,NaN,raw
810,0.506145729547137,17.22152560240964,0.04379918712372391,NaN,NaN,NaN,raw
810,0.5061838109650125,17.278,0.011,5650.8347,0.5061838109650125,0.8117711151626281,raw
810,0.5063173409216141,17.221313253012045,0.061853576405914226,NaN,NaN,NaN,raw
810,0.5064255904648127,17.223125564759037,0.04258605995473861,NaN,NaN,NaN,raw
810,0.5067091753179631,17.224563064759035,0.044798858935171576,NaN,NaN,NaN,raw
810,0.5069097335346823,17.221259036144577,0.06185956046468112,NaN,NaN,NaN,raw
810,0.5069977414396308,17.222418862951805,0.04348504564021148,NaN,NaN,NaN,raw
810,0.5070424398836622,17.283,0.016,7197.86535,0.5070424398836622,0.8217251129190117,raw
810,0.5071801656886237,17.147,0.01,6695.86274,0.5071801656886237,0.06689457814172783,raw
810,0.5072777487155896,17.221046875,0.04409247540675947,NaN,NaN,NaN,raw
810,0.5073512298840797,17.151,0.011,7091.83304,0.5073512298840797,0.024687035247552558,raw
810,0.5074876325088553,17.227,0.011,6067.66423,0.5074876325088553,0.3862618275506975,raw
810,0.507506792628104,17.220108433734936,0.06262548847896457,NaN,NaN,NaN,raw
810,0.507553751350381,17.214703125,0.04631964260140074,NaN,NaN,NaN,raw
810,0.5078193377638137,17.216339984939758,0.04758950709229122,NaN,NaN,NaN,raw
810,0.5080422751489095,17.271,0.014,6774.77897,0.5080422751489095,0.8641906123084482,raw
810,0.5080696210933654,17.215744352409637,0.047609038430882517,NaN,NaN,NaN,raw
810,0.5081001965140621,17.219463855421683,0.06228581642778671,NaN,NaN,NaN,raw
550,0.5081075499855224,18.893642857142854,0.12720971356185623,NaN,NaN,NaN,raw
810,0.5083298759056861,17.2178452560241,0.04597859378135546,NaN,NaN,NaN,raw
810,0.5085898430701109,17.216220256024094,0.04524427259990989,NaN,NaN,NaN,raw
810,0.5086936159953998,17.219138554216865,0.062045233414116496,NaN,NaN,NaN,raw
810,0.5088487549264032,17.214251506024095,0.04797952900338281,NaN,NaN,NaN,raw
810,0.5089400529468548,17.163,0.01,7159.62481,0.5089400529468548,0.027400284094255767,raw
810,0.5091090752067537,17.21401939006024,0.04795404098815118,NaN,NaN,NaN,raw
810,0.5092820666195402,17.218680722891566,0.06245891150301078,NaN,NaN,NaN,raw
810,0.5093823899746727,17.212523531626506,0.04714889331710245,NaN,NaN,NaN,raw
810,0.5094078834554239,17.259,0.013,7843.7948,0.5094078834554239,0.42782298195379553,raw
810,0.5096616212024103,17.21224887048193,0.047117244299747334,NaN,NaN,NaN,raw
810,0.5098626564856193,17.217999999999996,0.061994916702659594,NaN,NaN,NaN,raw
810,0.5099522246638046,17.211842620481928,0.047898840111552446,NaN,NaN,NaN,raw
550,0.5099754990151268,18.983,0.017,7155.80105,0.5099754990151268,0.8485966503722011,raw
810,0.510085955800605,17.209,0.012,7183.61287,0.510085955800605,0.3364867052932823,raw
810,0.5102315783260027,17.21157605421687,0.0478694759640967,NaN,NaN,NaN,raw
810,0.5104610193517058,17.217192771084335,0.06255043208073528,NaN,NaN,NaN,raw
810,0.5105026603842506,17.212638554216866,0.0497324428136648,NaN,NaN,NaN,raw
810,0.510776727569071,17.20978501506024,0.051795536678903874,NaN,NaN,NaN,raw
810,0.5110373014744924,17.20951035391566,0.051756018042792014,NaN,NaN,NaN,raw
810,0.5110577807469112,17.21619879518072,0.06292017259791757,NaN,NaN,NaN,raw
810,0.5111663090745767,17.217381660343907,0.03177428327601198,NaN,NaN,NaN,raw
810,0.5111663090745767,17.217381660343907,0.03167357214065323,NaN,NaN,NaN,raw
810,0.5111663090745768,17.217381660343907,0.0315738126105255,NaN,NaN,NaN,raw
810,0.5113121317709064,17.20728670933735,0.04999539829309146,NaN,NaN,NaN,raw
550,0.5114193571350066,18.882523809523807,0.12114322214679896,NaN,NaN,NaN,raw
810,0.5114404609012126,17.312,0.015,5790.59073,0.5114404609012126,0.7419147430264275,raw
550,0.5114743458216253,18.748,0.014,6828.66549,0.5114743458216253,0.1243705358938314,raw
810,0.5116011108177762,17.209290662650602,0.048771185820571265,NaN,NaN,NaN,raw
810,0.5116546296494452,17.215385542168676,0.06436380148203975,NaN,NaN,NaN,raw
810,0.5116612594138132,17.181,0.011,7115.8222,0.5116612594138132,0.3361262934449769,raw
810,0.5117086637837929,17.101,0.017,6203.59578,0.5117086637837929,0.13606178293230187,raw
810,0.5118095994257601,17.277,0.012,6388.89181,0.5118095994257601,0.473657102242214,raw
810,0.5118924423877732,17.2111969126506,0.047597351330249726,NaN,NaN,NaN,raw
810,0.5119234792182397,17.205,0.013,6104.86403,0.5119234792182397,0.9545034048751404,raw
810,0.5121904510437496,17.21068109939759,0.047509926293092,NaN,NaN,NaN,raw
810,0.512253382573001,17.21522891566265,0.0642959681663901,NaN,NaN,NaN,raw
810,0.5124881566243877,17.213646460843375,0.05095385533727213,NaN,NaN,NaN,raw
810,0.5126679406967014,17.211,0.011,6416.70389,0.5126679406967014,0.9621032822706184,raw
810,0.5127776670237856,17.211740210843374,0.049868453910642055,NaN,NaN,NaN,raw
810,0.5128025311405509,17.121,0.009,5659.87583,0.5128025311405509,0.15023035343619995,raw
550,0.5128082265682679,18.916571428571427,0.13545576302344492,NaN,NaN,NaN,raw
810,0.5128542824587352,17.215524096385547,0.06430577539520484,NaN,NaN,NaN,raw
810,0.5130752089018286,17.21141905120482,0.0498501976759376,NaN,NaN,NaN,raw
810,0.5133590565152071,17.21216472138554,0.05014697150656678,NaN,NaN,NaN,raw
810,0.5134595714005912,17.214132530120484,0.06476844931204517,NaN,NaN,NaN,raw
810,0.5136491240590506,17.213592996987952,0.04934598173172143,NaN,NaN,NaN,raw
810,0.5139365723718552,17.21463422439759,0.049806180237704334,NaN,NaN,NaN,raw
810,0.5140630663554037,17.21325301204819,0.06487346067509803,NaN,NaN,NaN,raw
810,0.5142260396240286,17.21204047439759,0.04958190463556284,NaN,NaN,NaN,raw
810,0.5145060336926437,17.211741340361446,0.04957366496619397,NaN,NaN,NaN,raw
810,0.5145374793246447,17.117,0.009,6756.70357,0.5145374793246447,0.20194528284991975,raw
810,0.5146615110105298,17.21255421686747,0.06535826729131045,NaN,NaN,NaN,raw
810,0.5147845748200299,17.209897590361447,0.05076183889124581,NaN,NaN,NaN,raw
810,0.5148584368289448,17.312,0.017,5451.63583,0.5148584368289448,0.7367973225573223,raw
810,0.5150515866770182,17.21201656626506,0.052462940315758225,NaN,NaN,NaN,raw
810,0.5150874908358674,17.13,0.009,5983.88388,0.5150874908358674,0.18489170639986696,raw
810,0.5152480985081682,17.212469879518075,0.06540175835823556,NaN,NaN,NaN,raw
810,0.5153072856602106,17.21360410391566,0.05335462655667024,NaN,NaN,NaN,raw
810,0.5155564974798035,17.2103687876506,0.050243875131865116,NaN,NaN,NaN,raw
550,0.5157989351293856,18.8595,0.096570873836107,NaN,NaN,NaN,raw
810,0.5158036962082917,17.210387989457832,0.050245971613263926,NaN,NaN,NaN,raw
810,0.5158370093689093,17.211843373493977,0.06500694264605074,NaN,NaN,NaN,raw
810,0.51606450877696,17.21123682228916,0.04996212411327507,NaN,NaN,NaN,raw
810,0.5163412404193328,17.213861822289154,0.046035870683995735,NaN,NaN,NaN,raw
810,0.5164274951884543,17.211126506024097,0.06526144824094868,NaN,NaN,NaN,raw
810,0.5166160450591615,17.211665286144576,0.04457999602756352,NaN,NaN,NaN,raw
810,0.5166738401239854,17.212,0.01,7100.87511,0.5166738401239854,0.36515687968494603,raw
810,0.5168904413603836,17.21413403614458,0.04635122260958464,NaN,NaN,NaN,raw
810,0.5170239095001,17.210493975903614,0.06492230759990272,NaN,NaN,NaN,raw
810,0.5170333712085267,17.315,0.014,6114.59993,0.5170333712085267,0.7790358801230468,raw
810,0.5171629104207152,17.21397063253012,0.04635645482752522,NaN,NaN,NaN,raw
810,0.5173066079296404,17.21,0.018,5823.61926,0.5173066079296404,0.3880487003043527,raw
810,0.5174295116863755,17.213806664156625,0.046376576511989086,NaN,NaN,NaN,raw
810,0.5176215366114358,17.209186746987953,0.06517181073287949,NaN,NaN,NaN,raw
810,0.5176949864086874,17.217931664156627,0.04364554183374399,NaN,NaN,NaN,raw
810,0.517776739623514,17.243,0.012,7536.82517,0.517776739623514,0.8373661315963545,raw
810,0.5179742653972357,17.21761238704819,0.04370105592267944,NaN,NaN,NaN,raw
810,0.5182222143498456,17.20870481927711,0.06497022796703392,NaN,NaN,NaN,raw
810,0.518251951828004,17.217545745481928,0.04370815909676285,NaN,NaN,NaN,raw
810,0.5184804126292875,17.252,0.014,7547.60248,0.5184804126292875,0.8894149499683408,raw
810,0.5185119720329164,17.21727296686747,0.04376301761865136,NaN,NaN,NaN,raw
810,0.5186708355249721,17.176,0.013,5788.50736,0.5186708355249721,0.28570563827270234,raw
810,0.5187756476239662,17.220021649096388,0.03984910230703048,NaN,NaN,NaN,raw
810,0.5188224666813022,17.208427710843374,0.06496407550518331,NaN,NaN,NaN,raw
810,0.5189992718769645,17.15,0.012,7827.80636,0.5189992718769645,0.229465561631514,raw
810,0.5190053987753345,17.285,0.011,5665.78799,0.5190053987753345,0.7960019738147821,raw
810,0.5190442397952659,17.220504329819278,0.03984927884248159,NaN,NaN,NaN,raw
810,0.5192401482090645,17.267,0.011,6102.78069,0.5192401482090645,0.4983584684050584,raw
810,0.519316420406312,17.217146837349397,0.03625578658060143,NaN,NaN,NaN,raw
810,0.5194152391281878,17.20846987951807,0.06495039363015954,NaN,NaN,NaN,raw
810,0.519564988961065,17.216,0.011,6012.74016,0.519564988961065,0.906821879758354,raw
810,0.5196004397636405,17.219472891566266,0.03269746892037387,NaN,NaN,NaN,raw
550,0.5198804835036153,18.878030612244903,0.05875425724585121,NaN,NaN,NaN,raw
550,0.5198804835036153,18.8780306122449,0.05661701894474308,NaN,NaN,NaN,raw
550,0.5198804835036153,18.8780306122449,0.05469723678496113,NaN,NaN,NaN,raw
810,0.5198951849212523,17.220676957831326,0.033137729329196466,NaN,NaN,NaN,raw
810,0.5200072616111991,17.20816265060241,0.06464901079342276,NaN,NaN,NaN,raw
550,0.5200289506088406,18.87483333333333,0.07001619103323675,NaN,NaN,NaN,raw
810,0.5201748466136061,17.220431099397594,0.03323442685210985,NaN,NaN,NaN,raw
810,0.520455411212726,17.2201984186747,0.033327605596601445,NaN,NaN,NaN,raw
810,0.5205640763397241,17.185,0.011,5324.74656,0.5205640763397241,0.3279163895840611,raw
810,0.520603347900278,17.206710843373497,0.06527713045544,NaN,NaN,NaN,raw
810,0.520704160857349,17.284,0.012,5390.79959,0.520704160857349,0.611564364957303,raw
810,0.5207477118507648,17.21991434487952,0.03343829833159463,NaN,NaN,NaN,raw
810,0.5209723925036087,17.21,0.014,7311.55085,0.5209723925036087,0.9884982632847823,raw
810,0.5210299761607649,17.21680515813253,0.03857374983749796,NaN,NaN,NaN,raw
810,0.5211991811978345,17.205753012048195,0.06624037373146911,NaN,NaN,NaN,raw
810,0.5212977222545305,17.253,0.01,5736.70883,0.5212977222545305,0.49161673482922197,raw
810,0.521330711645076,17.213306664156626,0.03421060195776824,NaN,NaN,NaN,raw
810,0.5216287265337751,17.21318166415663,0.03423037567714438,NaN,NaN,NaN,raw
810,0.5217912100922796,17.205307228915665,0.06650073279729768,NaN,NaN,NaN,raw
810,0.5219290422373997,17.213488328313254,0.0342373882995479,NaN,NaN,NaN,raw
810,0.5222260467142721,17.212242281626505,0.033852100447121766,NaN,NaN,NaN,raw
810,0.5223455371851742,17.212,0.014,7439.83317,0.5223455371851742,0.3770333591637609,raw
810,0.5223837129126012,17.20452409638554,0.0674992885984715,NaN,NaN,NaN,raw
810,0.5225150143516325,17.215032756024097,0.03707777464450997,NaN,NaN,NaN,raw
810,0.5228008140934784,17.216282756024096,0.03898923841115303,NaN,NaN,NaN,raw
810,0.5229750982382402,17.204957831325302,0.06720942866841684,NaN,NaN,NaN,raw
810,0.5230894025360545,17.21711615210843,0.038380690405757166,NaN,NaN,NaN,raw
550,0.5231142329982633,18.913928571428574,0.13464966753405996,NaN,NaN,NaN,raw
810,0.5232564604921208,17.228,0.013,6784.86603,0.5232564604921208,0.4398342148269876,raw
810,0.5233821324202905,17.219915286144577,0.04090957072008693,NaN,NaN,NaN,raw
810,0.5235682163824182,17.204560240963854,0.06677210892918296,NaN,NaN,NaN,raw
810,0.5236744276107244,17.21891528614458,0.04301086156325149,NaN,NaN,NaN,raw
810,0.5239700909781346,17.21513403614458,0.04232704030933744,NaN,NaN,NaN,raw
810,0.5240247234667094,17.208068760757314,0.03321603590007453,NaN,NaN,NaN,raw
550,0.5241643922599906,18.794,0.015,5765.56455,0.5241643922599906,0.21234910026396392,raw
810,0.5241761102703774,17.20443373493976,0.06658504569047054,NaN,NaN,NaN,raw
810,0.524260436125046,17.213094691265063,0.04130732149400571,NaN,NaN,NaN,raw
810,0.5245650461807845,17.212837161144577,0.0413627368849514,NaN,NaN,NaN,raw
810,0.524679943551746,17.251,0.013,7173.88382,0.524679943551746,0.5266059877139924,raw
810,0.5247861835242332,17.203975903614456,0.066821240662861,NaN,NaN,NaN,raw
810,0.5248844751870427,17.212306475903617,0.04142973363060705,NaN,NaN,NaN,raw
810,0.5252095198954243,17.211979292168678,0.041504788373549685,NaN,NaN,NaN,raw
810,0.5254055623602883,17.203680722891566,0.06702238786126452,NaN,NaN,NaN,raw
810,0.5255189750797462,17.21166679216868,0.041751388634160114,NaN,NaN,NaN,raw
810,0.525833902526641,17.212019578313253,0.041755856253068074,NaN,NaN,NaN,raw
810,0.5260274605412326,17.202909638554218,0.06718764517462263,NaN,NaN,NaN,raw
810,0.5260563674200966,17.111,0.01,7099.83543,0.5260563674200966,0.14134090747211303,raw
810,0.5261531008839584,17.208394578313253,0.040315745600442876,NaN,NaN,NaN,raw
810,0.5264673869064767,17.207991152108434,0.040363725129656115,NaN,NaN,NaN,raw
810,0.5266569067064896,17.203048192771085,0.06718872625752084,NaN,NaN,NaN,raw
810,0.5267939532948841,17.207707266566267,0.04041189133855888,NaN,NaN,NaN,raw
810,0.5268430843680108,17.206,0.01,6734.80607,0.5268430843680108,0.3644469645932986,raw
550,0.5270109741655428,18.864595238095237,0.0627277211988675,NaN,NaN,NaN,raw
810,0.5271216399613646,17.208269766566268,0.04118062620431255,NaN,NaN,NaN,raw
810,0.5272316391274217,17.219,0.011,7845.88688,0.5272316391274217,0.9026622778401361,raw
810,0.5272808828834289,17.2031265060241,0.0671188156509396,NaN,NaN,NaN,raw
810,0.5274401030458256,17.208135165662654,0.04119765743874724,NaN,NaN,NaN,raw
810,0.5274691787453776,17.298,0.01,7131.81947,0.5274691787453776,0.5533705780308082,raw
810,0.5276260043683578,17.292,0.02,6201.51543,0.5276260043683578,0.6863122852100787,raw
810,0.5277502623934682,17.20766001506024,0.04123930558009854,NaN,NaN,NaN,raw
810,0.5279056656874059,17.2026686746988,0.06738522349975343,NaN,NaN,NaN,raw
810,0.5280785721110539,17.2073953313253,0.04128723492214298,NaN,NaN,NaN,raw
810,0.5281898229768558,17.298,0.012,6735.84948,0.5281898229768558,0.5962411931704992,raw
810,0.5283527179708472,17.118,0.012,6885.68551,0.5283527179708472,0.08692748791690974,raw
810,0.5283886165077598,17.209646649096385,0.04307547295284987,NaN,NaN,NaN,raw
810,0.5284666265324631,17.164,0.011,5675.87305,0.5284666265324631,0.3673676908856578,raw
810,0.5285311929102322,17.201740963855425,0.06655186455261035,NaN,NaN,NaN,raw
810,0.5287089475489553,17.208643637048194,0.04300795872474326,NaN,NaN,NaN,raw
810,0.5290388069640771,17.2083608810241,0.043065376406117774,NaN,NaN,NaN,raw
810,0.5291627609118135,17.200228915662656,0.06738065998960883,NaN,NaN,NaN,raw
810,0.5293546853492666,17.21006607680723,0.043975534886154334,NaN,NaN,NaN,raw
810,0.5296583255518834,17.205972326807228,0.04608873230072289,NaN,NaN,NaN,raw
810,0.5297867171613294,17.19901807228916,0.06804850969281344,NaN,NaN,NaN,raw
810,0.529969472784737,17.205707454819276,0.04612491716627631,NaN,NaN,NaN,raw
810,0.5302728280903178,17.208092432228916,0.0479536074080378,NaN,NaN,NaN,raw
810,0.530408692279411,17.19769277108434,0.0678592719966175,NaN,NaN,NaN,raw
810,0.5304666422380251,17.175,0.017,7278.52766,0.5304666422380251,0.3537862601588131,raw
810,0.5305644937315602,17.207851468373498,0.04799984168598855,NaN,NaN,NaN,raw
810,0.5306810262009094,17.218,0.011,6117.7335,0.5306810262009094,0.4815626345534838,raw
810,0.530868389221666,17.211288968373495,0.04466292422714484,NaN,NaN,NaN,raw
810,0.5309185082915064,17.168,0.013,6907.58818,0.5309185082915064,0.935484140059998,raw
810,0.5310295452241939,17.197090361445788,0.06757638302616431,NaN,NaN,NaN,raw
810,0.5311543628247837,17.2129437123494,0.045323790341547765,NaN,NaN,NaN,raw
810,0.531436849222634,17.2110374623494,0.04688127652784507,NaN,NaN,NaN,raw
810,0.5316493056268728,17.1966686746988,0.06723575785242929,NaN,NaN,NaN,raw
810,0.5317101207620697,17.210260353915665,0.046951081873737525,NaN,NaN,NaN,raw
810,0.5317836955819075,17.271,0.017,5268.77925,0.5317836955819075,0.617045833478187,raw
810,0.5319820287950279,17.201,0.013,7220.81874,0.5319820287950279,0.9177116649589152,raw
810,0.5319829368463653,17.21122515060241,0.047116677113352,NaN,NaN,NaN,raw
810,0.5322682122697358,17.207940700301208,0.0444610160752444,NaN,NaN,NaN,raw
810,0.5322706363097397,17.19679518072289,0.06727695071750746,NaN,NaN,NaN,raw
810,0.5325487381674008,17.206753200301208,0.042612510917164316,NaN,NaN,NaN,raw
810,0.5328286731739713,17.20666980421687,0.042623372542772875,NaN,NaN,NaN,raw
810,0.5328896238753446,17.196054216867466,0.06674213207735777,NaN,NaN,NaN,raw
810,0.5328965189328301,17.277,0.013,7882.73946,0.5328965189328301,0.7282201622292632,raw
810,0.5331048277227997,17.20313855421687,0.03936948752914508,NaN,NaN,NaN,raw
810,0.5333819042285863,17.205438253012048,0.03626257498201687,NaN,NaN,NaN,raw
810,0.5335070538103756,17.19590361445783,0.06670688746554859,NaN,NaN,NaN,raw
810,0.533674800268442,17.20627541415663,0.035577831556125414,NaN,NaN,NaN,raw
550,0.5337542972383744,18.885857142857144,0.14258646884925993,NaN,NaN,NaN,raw
810,0.5337959318589452,17.200630028329865,0.031667151824006055,NaN,NaN,NaN,raw
810,0.5337959318589452,17.200630028329865,0.03146735707348172,NaN,NaN,NaN,raw
810,0.5337959318589454,17.200630028329865,0.03156678025036363,NaN,NaN,NaN,raw
810,0.5339851450330252,17.205917545180725,0.03568235580474865,NaN,NaN,NaN,raw
810,0.5341237176663164,17.195512048192775,0.06663721209489096,NaN,NaN,NaN,raw
550,0.5341837363462002,18.845190476190478,0.04682410275317111,NaN,NaN,NaN,raw
810,0.5342841415904982,17.204691641566264,0.036547485893341274,NaN,NaN,NaN,raw
810,0.53428421859644,17.259,0.015,7844.84639,0.53428421859644,0.6771137620198715,raw
810,0.5343964300354855,17.12,0.017,5632.76685,0.5343964300354855,0.1656748032764881,raw
810,0.5345670292657057,17.20550357680723,0.03670564027592671,NaN,NaN,NaN,raw
810,0.5347428949755494,17.1955,0.0666327565272835,NaN,NaN,NaN,raw
810,0.5348382210276257,17.205259600903617,0.036785092709147864,NaN,NaN,NaN,raw
810,0.535110199288765,17.207478350903614,0.0370414065764096,NaN,NaN,NaN,raw
810,0.5351129321388726,17.28,0.014,7486.76999,0.5351129321388726,0.7722030275872385,raw
810,0.5353607610609891,17.195198795180726,0.06689758974500598,NaN,NaN,NaN,raw
810,0.5353924346661393,17.206597138554216,0.03711836650994005,NaN,NaN,NaN,raw
810,0.5356759206402762,17.205097138554216,0.039614388231875346,NaN,NaN,NaN,raw
810,0.5357810231034819,17.221,0.012,6152.5,0.5357810231034819,0.8451148794047185,raw
810,0.5358080620062537,17.256,0.012,6423.66488,0.5358080620062537,0.8512622007965547,raw
810,0.5358826490992215,17.145,0.01,6020.74172,0.5358826490992215,0.02170042952093354,raw
810,0.5359668541277762,17.20483847891566,0.039695294228039246,NaN,NaN,NaN,raw
810,0.5359763283893655,17.194132530120484,0.06664319667190796,NaN,NaN,NaN,raw
810,0.5360109975808882,17.234,0.012,7652.59805,0.5360109975808882,0.46892554703845235,raw
810,0.5362582452743162,17.204560052710843,0.039785590229397975,NaN,NaN,NaN,raw
810,0.536565186837436,17.20193844126506,0.03798983319245943,NaN,NaN,NaN,raw
810,0.5365979922932298,17.192897590361447,0.06760595540542019,NaN,NaN,NaN,raw
810,0.5366028330936388,17.254,0.011,7226.73035,0.5366028330936388,0.5623068668392079,raw
810,0.5368635858976631,17.2,0.009,7193.70395,0.5368635858976631,0.9207288575671555,raw
810,0.5368779283987241,17.19921969126506,0.04104906888097191,NaN,NaN,NaN,raw
810,0.5370267685393628,17.185,0.01,6776.87493,0.5370267685393628,0.34732900596645777,raw
810,0.5371893407365709,17.19893091114458,0.04109915004644033,NaN,NaN,NaN,raw
810,0.5372191661560234,17.191590361445783,0.06756205428539384,NaN,NaN,NaN,raw
810,0.5374984792428491,17.20099171686747,0.04257701838169967,NaN,NaN,NaN,raw
810,0.537810031922779,17.198178840361447,0.04030629938680855,NaN,NaN,NaN,raw
810,0.5378392998078438,17.190789156626504,0.0672354353038376,NaN,NaN,NaN,raw
810,0.5381116603176863,17.200650602409638,0.042526400661311206,NaN,NaN,NaN,raw
810,0.538402894600824,17.199447100903612,0.04321587163362856,NaN,NaN,NaN,raw
810,0.538462225376894,17.190289156626505,0.06686812532693703,NaN,NaN,NaN,raw
810,0.5386908895476094,17.197197477409638,0.041868494333410076,NaN,NaN,NaN,raw
810,0.5387306507509493,17.161,0.011,6844.66674,0.5387306507509493,0.3501278125222598,raw
810,0.5388391227679676,17.225,0.011,5741.58199,0.5388391227679676,0.9150268640496506,raw
810,0.5389766362542613,17.19613497740964,0.04425417742774866,NaN,NaN,NaN,raw
810,0.5390868286608511,17.189885542168675,0.06652467417847875,NaN,NaN,NaN,raw
810,0.5391699465944839,17.246,0.008,6727.85741,0.5391699465944839,0.5016612098661426,raw
810,0.5392700884151851,17.19584770331325,0.04428825643992671,NaN,NaN,NaN,raw
810,0.5395719207844488,17.192919804216867,0.04155836472900955,NaN,NaN,NaN,raw
810,0.5397125582768865,17.18980120481928,0.06651682128372588,NaN,NaN,NaN,raw
810,0.5398724213960198,17.19147609186747,0.04227295546607354,NaN,NaN,NaN,raw
810,0.5399900594638893,17.12,0.012,7842.76249,0.5399900594638893,0.21977101762604434,raw
810,0.5401620324722747,17.187538591867472,0.04520096196148012,NaN,NaN,NaN,raw
810,0.5403394168241935,17.188813253012047,0.06671537058113386,NaN,NaN,NaN,raw
810,0.540462079188205,17.185345067771085,0.043440355664852284,NaN,NaN,NaN,raw
810,0.5407797513709782,17.186585843373493,0.04281333081607925,NaN,NaN,NaN,raw
810,0.5409738223161513,17.18775903614458,0.06851588453055792,NaN,NaN,NaN,raw
810,0.5411147511977454,17.186266378012046,0.04279333830211102,NaN,NaN,NaN,raw
810,0.5414565856454268,17.187422628012047,0.04458694683544653,NaN,NaN,NaN,raw
810,0.5416058256017435,17.187108433734938,0.06786734155433788,NaN,NaN,NaN,raw
810,0.5417923491307444,17.187150414156626,0.04457903281644173,NaN,NaN,NaN,raw
810,0.5419897587562446,17.114,0.01,6070.80505,0.5419897587562446,0.10429591673710092,raw
810,0.5421281870190024,17.185900414156627,0.043183041886930756,NaN,NaN,NaN,raw
810,0.5422358311208377,17.18755421686747,0.06797740319949432,NaN,NaN,NaN,raw
810,0.5424759004542551,17.185378576807228,0.04310799335280519,NaN,NaN,NaN,raw
810,0.5427820560762484,17.262,0.012,6532.4809,0.5427820560762484,0.6024965311680717,raw
810,0.5428386751097403,17.18529141566265,0.0431116030810263,NaN,NaN,NaN,raw
810,0.5428662046905881,17.186987951807225,0.06817215177918122,NaN,NaN,NaN,raw
810,0.5431591624474095,17.275,0.019,5861.5218,0.5431591624474095,0.4594108881174179,raw
810,0.5431965147792258,17.18261671686747,0.045307353020647416,NaN,NaN,NaN,raw
810,0.5434432147267216,17.157,0.017,6165.71326,0.5434432147267216,0.1075212284722511,raw
810,0.5435000568935698,17.18701204819277,0.06816824000126738,NaN,NaN,NaN,raw
810,0.5435374643251232,17.17921705572289,0.048633763674215735,NaN,NaN,NaN,raw
810,0.5435403246483475,17.086,0.008,6760.88542,0.5435403246483475,0.1466829169257835,raw
550,0.5436134666586527,18.880857142857142,0.02305317721251823,NaN,NaN,NaN,raw
810,0.5438748363967348,17.179551769578314,0.0487491446469156,NaN,NaN,NaN,raw
810,0.5441333641251128,17.186307228915663,0.06858471122701278,NaN,NaN,NaN,raw
810,0.5442044668578712,17.180214608433737,0.048632822901954885,NaN,NaN,NaN,raw
810,0.5445509150486066,17.178888177710842,0.047945915916379096,NaN,NaN,NaN,raw
550,0.5446325195402356,18.85571428571429,0.14943093520286976,NaN,NaN,NaN,raw
810,0.5447715679553098,17.186307228915663,0.06858471122701278,NaN,NaN,NaN,raw
810,0.5449103738637235,17.178642131024098,0.04790784693606718,NaN,NaN,NaN,raw
810,0.5449767806312593,17.149,0.013,6797.73653,0.5449767806312593,0.969096555510987,raw
810,0.5450485775436391,17.095,0.013,5807.63713,0.5450485775436391,0.20318800857421593,raw
810,0.5452713530755149,17.174360881024096,0.047815650154337266,NaN,NaN,NaN,raw
810,0.5454095569160248,17.185807228915664,0.06920211204191987,NaN,NaN,NaN,raw
810,0.5456227592337551,17.176023343373494,0.0492724199668268,NaN,NaN,NaN,raw
810,0.5459744368975695,17.177964796686748,0.04820618697129064,NaN,NaN,NaN,raw
810,0.546048158947964,17.18470481927711,0.06991573006103236,NaN,NaN,NaN,raw
810,0.5463196194646887,17.18056438253012,0.05097362053357837,NaN,NaN,NaN,raw
810,0.5466458299159647,17.181634412650602,0.05148633335453931,NaN,NaN,NaN,raw
810,0.5466963228459188,17.183909638554216,0.07065904666942656,NaN,NaN,NaN,raw
810,0.5469496999066905,17.271,0.012,7199.61746,0.5469496999066905,0.569388050626003,raw
810,0.5469673314652748,17.181474021084334,0.05147672404978806,NaN,NaN,NaN,raw
810,0.5472972148258015,17.18356438253012,0.049984905743246204,NaN,NaN,NaN,raw
810,0.5473424238233889,17.184186746987955,0.07063517927043082,NaN,NaN,NaN,raw
810,0.5473496455178974,17.214,0.013,5686.65668,0.5473496455178974,0.43293462727888254,raw
810,0.5476261530854536,17.18001581325301,0.053593058952028004,NaN,NaN,NaN,raw
810,0.547952100511065,17.177465737951806,0.051465410116034144,NaN,NaN,NaN,raw
810,0.5479904158257495,17.183301204819276,0.07137850197359259,NaN,NaN,NaN,raw
810,0.5482842974930252,17.176403614457833,0.05161305847687313,NaN,NaN,NaN,raw
810,0.548619383023866,17.17342639307229,0.04838931808339686,NaN,NaN,NaN,raw
810,0.5486355575148881,17.182210843373493,0.07138243653270056,NaN,NaN,NaN,raw
810,0.548670035579562,17.106,0.014,7880.65906,0.548670035579562,0.27836371737066656,raw
810,0.5487496852765616,17.082,0.011,6195.61277,0.5487496852765616,0.06086062071517517,raw
810,0.548951291821855,17.17261389307229,0.048889723401199583,NaN,NaN,NaN,raw
810,0.5492581316684664,17.201,0.011,6825.5498,0.5492581316684664,0.4600880773832614,raw
810,0.5492788255073117,17.182210843373493,0.07138243653270056,NaN,NaN,NaN,raw
810,0.549296668643342,17.172395519578313,0.04883891723603556,NaN,NaN,NaN,raw
810,0.549640990346211,17.176926769578312,0.04726579033396603,NaN,NaN,NaN,raw
810,0.5498779866843235,17.182532453678352,0.04271341677621521,NaN,NaN,NaN,raw
810,0.5498779866843235,17.182532453678352,0.04267934144827347,NaN,NaN,NaN,raw
810,0.5499254648715008,17.18255421686747,0.0712861502995814,NaN,NaN,NaN,raw
810,0.5499832204396503,17.177667168674695,0.04760184547099268,NaN,NaN,NaN,raw
810,0.5503097977448151,17.177428087349398,0.04757625652375599,NaN,NaN,NaN,raw
810,0.5505895107445946,17.182012048192767,0.07112745605936188,NaN,NaN,NaN,raw
810,0.550651146342579,17.178362198795178,0.04729269509685688,NaN,NaN,NaN,raw
810,0.550721281371807,17.109,0.011,7465.91658,0.550721281371807,0.1679534189606784,raw
810,0.5509575553405739,17.243,0.012,6811.6445,0.5509575553405739,0.7174478049855679,raw
810,0.5510114159217795,17.180976844879517,0.0447814200606434,NaN,NaN,NaN,raw
550,0.5510502738404848,18.867380952380955,0.029565676919370325,NaN,NaN,NaN,raw
810,0.5512437447059492,17.18212650602409,0.07117508686431223,NaN,NaN,NaN,raw
810,0.5513649474361482,17.177795368975904,0.047932722222460436,NaN,NaN,NaN,raw
810,0.5513852589720045,17.272,0.012,7455.83504,0.5513852589720045,0.6041167802832206,raw
810,0.5514125567569863,17.222,0.011,6347.8832,0.5514125567569863,0.7585890849331918,raw
810,0.5517029119638371,17.178242093373495,0.04806562433252184,NaN,NaN,NaN,raw
810,0.5518938751796646,17.181975903614454,0.07123796670802507,NaN,NaN,NaN,raw
810,0.5520233270575631,17.179932417168676,0.04920886611291858,NaN,NaN,NaN,raw
810,0.5523452580805298,17.17706061746988,0.04631949371036926,NaN,NaN,NaN,raw
550,0.552453583197348,18.901,0.019,7170.76465,0.552453583197348,0.8548800085209223,raw
810,0.5525460262930999,17.180891566265057,0.0713211281625609,NaN,NaN,NaN,raw
810,0.5526665221633034,17.175211031626507,0.047199103198569466,NaN,NaN,NaN,raw
810,0.5527618554297078,17.074,0.01,5998.84581,0.5527618554297078,0.18760303019735147,raw
810,0.5529926573290249,17.174898531626507,0.04696653278519811,NaN,NaN,NaN,raw
810,0.5532123736958132,17.18039759036144,0.07088530039676971,NaN,NaN,NaN,raw
810,0.5533037979825833,17.17472138554217,0.046944502892042314,NaN,NaN,NaN,raw
810,0.5534965081133123,17.153,0.01,5991.89312,0.5534965081133123,0.31619733628758695,raw
810,0.5536163916586471,17.174542733433732,0.046925955976226515,NaN,NaN,NaN,raw
810,0.5538818994343153,17.17972891566265,0.07023280771853863,NaN,NaN,NaN,raw
810,0.553949546212334,17.17674359939759,0.045228399069584334,NaN,NaN,NaN,raw
810,0.5540642962623679,17.131,0.01,6006.84215,0.5540642962623679,0.2913162989370903,raw
810,0.5543018525968714,17.179675263554216,0.041799574592926776,NaN,NaN,NaN,raw
810,0.5545521151811571,17.18002409638554,0.070201610255833,NaN,NaN,NaN,raw
810,0.5545586191401526,17.231,0.01,7169.72244,0.5545586191401526,0.6256525112130475,raw
810,0.5546599340974063,17.178858998493975,0.04162438455386541,NaN,NaN,NaN,raw
810,0.5550389527733837,17.178586031626505,0.0416303353923911,NaN,NaN,NaN,raw
810,0.5550847271151724,17.21,0.011,7075.85786,0.5550847271151724,0.8546919954551413,raw
810,0.5552220417205838,17.178656626506026,0.07078398328122426,NaN,NaN,NaN,raw
810,0.5554048708483506,17.176256212349397,0.043447622558809504,NaN,NaN,NaN,raw
810,0.5557542218675413,17.174037085843374,0.04493229026849394,NaN,NaN,NaN,raw
810,0.5558999357597012,17.17889156626506,0.0708665005354294,NaN,NaN,NaN,raw
550,0.5560647187838705,18.845428571428574,0.15298904650872303,NaN,NaN,NaN,raw
810,0.5561101401174006,17.176035015060243,0.043340323079305826,NaN,NaN,NaN,raw
810,0.5564596592579142,17.16956626506024,0.048198633606692035,NaN,NaN,NaN,raw
810,0.5565772040780571,17.178668674698795,0.07066141105850063,NaN,NaN,NaN,raw
810,0.5567225653758214,17.084,0.01,6534.57163,0.5567225653758214,0.0744482543777849,raw
810,0.5568163864091998,17.171062311746986,0.049330750866217674,NaN,NaN,NaN,raw
810,0.556863023834012,17.199,0.011,6037.78373,0.556863023834012,0.47358373650604335,raw
810,0.5569496058451477,17.238,0.012,7904.6496,0.5569496058451477,0.5927547165265423,raw
810,0.5571738095144948,17.16796046686747,0.045771426233107974,NaN,NaN,NaN,raw
810,0.5572514926416261,17.179102409638556,0.07058179261469572,NaN,NaN,NaN,raw
810,0.557547251070616,17.16858546686747,0.04666103180665072,NaN,NaN,NaN,raw
810,0.5576228744721448,17.125,0.009,6104.53227,0.5576228744721448,0.24488776646649058,raw
810,0.5577859708209871,17.204,0.011,5683.87913,0.5577859708209871,0.49191426176366804,raw
810,0.5579109493400363,17.16826581325301,0.04660133954759155,NaN,NaN,NaN,raw
810,0.5579469167396164,17.177632530120484,0.0710488770873818,NaN,NaN,NaN,raw
810,0.5582728033977744,17.16505045180723,0.0491803475385434,NaN,NaN,NaN,raw
550,0.5583915285060357,18.858642857142858,0.03753698856067248,NaN,NaN,NaN,raw
810,0.5586312962693947,17.16806965361446,0.04629114697894549,NaN,NaN,NaN,raw
810,0.5586385551489265,17.176493975903615,0.07086425324331555,NaN,NaN,NaN,raw
810,0.558983553328199,17.166588478915664,0.04664093364029472,NaN,NaN,NaN,raw
810,0.5593309812975459,17.176427710843374,0.07089713558047243,NaN,NaN,NaN,raw
810,0.5593372244859671,17.165244728915663,0.047653488973826486,NaN,NaN,NaN,raw
810,0.5594331506167585,17.168768653476103,0.033477260143136504,NaN,NaN,NaN,raw
810,0.5594331506167585,17.168768653476103,0.03337115128622136,NaN,NaN,NaN,raw
810,0.5594331506167585,17.1687686534761,0.03326604503684249,NaN,NaN,NaN,raw
810,0.559682599498827,17.164934299698796,0.04758840214397155,NaN,NaN,NaN,raw
810,0.5600234895817551,17.17581325301205,0.07155778384881542,NaN,NaN,NaN,raw
810,0.5600309653510598,17.166215549698798,0.04719560967546556,NaN,NaN,NaN,raw
810,0.5603775894174364,17.165910768072287,0.047135012536923815,NaN,NaN,NaN,raw
810,0.5607167396855873,17.17487951807229,0.07189628853578532,NaN,NaN,NaN,raw
810,0.5607461963449177,17.163996046686748,0.0456259846363469,NaN,NaN,NaN,raw
810,0.5611077697292567,17.163714796686747,0.04536022212406588,NaN,NaN,NaN,raw
810,0.561407423138588,17.17347590361446,0.07228174687289125,NaN,NaN,NaN,raw
810,0.5614780194444682,17.163426957831323,0.04529152059576039,NaN,NaN,NaN,raw
810,0.5616348432704399,17.108,0.013,6825.90175,0.5616348432704399,0.21288896940859559,raw
810,0.561768743358698,17.111,0.011,6733.77527,0.561768743358698,0.1596248037785699,raw
810,0.5618304658462105,17.16186784638554,0.04559967875299295,NaN,NaN,NaN,raw
810,0.5621106653673024,17.172933734939757,0.07269714141703314,NaN,NaN,NaN,raw
810,0.5621421678370098,17.036,0.009,6710.83068,0.5621421678370098,0.08246094771857315,raw
810,0.5621807289181844,17.1615672063253,0.04551697627776863,NaN,NaN,NaN,raw
810,0.5625488219727973,17.164228162650602,0.043269561445616125,NaN,NaN,NaN,raw
810,0.5626590135470906,17.23,0.012,7828.86448,0.5626590135470906,0.4927236376897781,raw
810,0.562822798341443,17.17274096385542,0.07250972187464305,NaN,NaN,NaN,raw
810,0.5629228325324508,17.1640406626506,0.04312678844552668,NaN,NaN,NaN,raw
810,0.5633062153986029,17.16190267319277,0.040984652167841716,NaN,NaN,NaN,raw
810,0.563362686552864,17.242,0.013,6796.69998,0.563362686552864,0.7519754740278586,raw
810,0.5635322198011153,17.171746987951803,0.0731378678807724,NaN,NaN,NaN,raw
810,0.5636876580494229,17.159086972891565,0.042818921260679814,NaN,NaN,NaN,raw
550,0.5638603290562461,18.846675988914086,0.03122490245709444,NaN,NaN,NaN,raw
550,0.5638603290562461,18.846675988914082,0.030089068891870033,NaN,NaN,NaN,raw
550,0.5638603290562461,18.846675988914086,0.029068802216942493,NaN,NaN,NaN,raw
810,0.5640723280044451,17.16042243975903,0.04238573065947951,NaN,NaN,NaN,raw
810,0.5641253561407211,17.078,0.011,5829.54554,0.5641253561407211,0.06402219195842918,raw
810,0.5642336273215525,17.17061445783132,0.07240481004033507,NaN,NaN,NaN,raw
810,0.5644640378976102,17.160172439759034,0.04214330930933885,NaN,NaN,NaN,raw
810,0.564484599577554,17.133,0.009,6452.87722,0.564484599577554,0.33478432077936304,raw
550,0.5645852585281924,18.85197619047619,0.0263669487501789,NaN,NaN,NaN,raw
810,0.5648139851618907,17.11,0.01,6100.71065,0.5648139851618907,0.07066147017576441,raw
810,0.5648608883053338,17.159848268072288,0.042044452821823515,NaN,NaN,NaN,raw
810,0.5649338998458346,17.16979518072289,0.07305311625670484,NaN,NaN,NaN,raw
810,0.5652120035338157,17.172,0.01,6124.69845,0.5652120035338157,0.37919176626746776,raw
810,0.5652370644387135,17.160176581325302,0.04221928320176809,NaN,NaN,NaN,raw
810,0.5656127555344905,17.159861445783132,0.04213161263428336,NaN,NaN,NaN,raw
810,0.5656440853052074,17.170271084337347,0.07285929990783274,NaN,NaN,NaN,raw
810,0.5659682238363146,17.160336031626507,0.04240176436828305,NaN,NaN,NaN,raw
810,0.5663057333366425,17.162558546686746,0.044974521247668126,NaN,NaN,NaN,raw
810,0.566354040819555,17.16972891566265,0.07239365455219919,NaN,NaN,NaN,raw
810,0.5666386784142462,17.16227842620482,0.04493222528162216,NaN,NaN,NaN,raw
810,0.5666550754140189,17.201,0.012,6338.84967,0.5666550754140189,0.43638581136474386,raw
550,0.5666562835368885,18.8295,0.13600890807929822,NaN,NaN,NaN,raw
810,0.566970366082923,17.16074717620482,0.047597541766824895,NaN,NaN,NaN,raw
810,0.5670700326073497,17.169445783132527,0.07234676646868125,NaN,NaN,NaN,raw
810,0.5671782206154603,17.129,0.012,5997.80788,0.5671782206154603,0.9675302077539527,raw
810,0.5673141163292819,17.162420933734936,0.046725490906984336,NaN,NaN,NaN,raw
810,0.5676674361743642,17.15892300451807,0.049988891360870064,NaN,NaN,NaN,raw
810,0.5677856223812165,17.169048192771083,0.0722983555057468,NaN,NaN,NaN,raw
810,0.5680215575075767,17.162933923192767,0.04467450335500211,NaN,NaN,NaN,raw
810,0.5683609622294756,17.15980892319277,0.043308508211641734,NaN,NaN,NaN,raw
810,0.5685015431234381,17.169150602409637,0.07224190150437793,NaN,NaN,NaN,raw
810,0.5687157277759447,17.159533320783133,0.04325158207935517,NaN,NaN,NaN,raw
810,0.568831361742923,17.193,0.016,7293.48983,0.568831361742923,0.35701093021089036,raw
810,0.5690548646257334,17.153689570783133,0.04436845749907877,NaN,NaN,NaN,raw
810,0.569217857562017,17.169584337349395,0.0721429691350366,NaN,NaN,NaN,raw
810,0.569388831205287,17.15444747740964,0.04489093637718787,NaN,NaN,NaN,raw
810,0.5694576574678649,17.089,0.008,6424.71952,0.5694576574678649,0.10707675617231871,raw
810,0.569724811747763,17.157123493975902,0.042684920490327405,NaN,NaN,NaN,raw
810,0.5699323130328517,17.167734939759033,0.07240451757835233,NaN,NaN,NaN,raw
810,0.5700655728929513,17.159448042168677,0.04538346898940163,NaN,NaN,NaN,raw
810,0.5703206874022726,17.196,0.01,5385.60213,0.5703206874022726,0.4944951100569597,raw
810,0.5704123211211586,17.16041735692771,0.04513090527828043,NaN,NaN,NaN,raw
810,0.5706461297867715,17.16725903614458,0.07291189625035777,NaN,NaN,NaN,raw
810,0.5706761914170784,17.187,0.012,5379.69225,0.5706761914170784,0.8536002790897328,raw
810,0.5707709448802285,17.162057605421687,0.04418328436952436,NaN,NaN,NaN,raw
550,0.5710347732638184,18.881,0.016,6784.88264,0.5710347732638184,0.4753620534866059,raw
810,0.5711481293027884,17.16178407379518,0.04416092564285576,NaN,NaN,NaN,raw
810,0.5713530963624082,17.166343373493977,0.07330002388320107,NaN,NaN,NaN,raw
810,0.5713984752401302,17.191,0.011,7489.91143,0.5713984752401302,0.4915632612628542,raw
550,0.5714773462358217,18.840833333333332,0.03586897452302358,NaN,NaN,NaN,raw
810,0.5715170436960761,17.246,0.014,7181.89599,0.5715170436960761,0.664178719785923,raw
810,0.5715389416880317,17.161408509036143,0.0441223288437632,NaN,NaN,NaN,raw
810,0.5719264607270466,17.165212537650604,0.04979399788072613,NaN,NaN,NaN,raw
810,0.572061665621907,17.164512048192773,0.07336101994861238,NaN,NaN,NaN,raw
810,0.5722488486680959,17.059,0.01,6005.80553,0.5722488486680959,0.07404549146122008,raw
810,0.5723037158269428,17.164880835843377,0.04979829542542262,NaN,NaN,NaN,raw
810,0.5726917914689786,17.162724585843375,0.04967758991803341,NaN,NaN,NaN,raw
810,0.5727687512421817,17.164560240963855,0.07339370370114795,NaN,NaN,NaN,raw
810,0.5730688069742194,17.162360881024096,0.04966939865651356,NaN,NaN,NaN,raw
810,0.5734169004099385,17.061,0.018,5852.49349,0.5734169004099385,0.14837289557362965,raw
810,0.5734645662043869,17.163257718373494,0.04930535944178633,NaN,NaN,NaN,raw
810,0.5734740504998057,17.164349397590364,0.07321705940225748,NaN,NaN,NaN,raw
810,0.5735199646478577,17.13,0.009,6363.88266,0.5735199646478577,0.9805176540849061,raw
550,0.5736463164383061,18.821892416225747,0.058286473056112155,NaN,NaN,NaN,raw
810,0.573863432833136,17.162857115963856,0.04930887232887219,NaN,NaN,NaN,raw
810,0.5741752958284527,17.16392168674699,0.07290865941535143,NaN,NaN,NaN,raw
810,0.5742150657461025,17.055,0.01,7269.50404,0.5742150657461025,0.052779908995944425,raw
810,0.5742191503468348,17.196,0.014,5480.51119,0.5742191503468348,0.49953852310682123,raw
810,0.5742491354289623,17.161758659638554,0.04955506073217258,NaN,NaN,NaN,raw
810,0.5746373579597966,17.160573983433736,0.04923621784422655,NaN,NaN,NaN,raw
810,0.5748767334999542,17.16363253012048,0.07295563551611146,NaN,NaN,NaN,raw
810,0.5750354777166751,17.160111822289156,0.0492183196568827,NaN,NaN,NaN,raw
810,0.5751379839675792,17.245,0.011,7493.73685,0.5751379839675792,0.6739175399088708,raw
810,0.5754378081089941,17.161236822289155,0.047935165043589176,NaN,NaN,NaN,raw
810,0.5755805428801846,17.164018072289156,0.07305219992469206,NaN,NaN,NaN,raw
810,0.5757252576134976,17.156998587079197,0.03501019461987596,NaN,NaN,NaN,raw
810,0.57583531249327,17.160807605421688,0.04793659531385531,NaN,NaN,NaN,raw
810,0.5762423043352687,17.15947684487952,0.04751736487505098,NaN,NaN,NaN,raw
810,0.5762899454521285,17.162487951807233,0.07316281038655009,NaN,NaN,NaN,raw
810,0.576655697560913,17.160968750000002,0.048508706292038524,NaN,NaN,NaN,raw
550,0.5767409819067585,18.812,0.13110535986226982,NaN,NaN,NaN,raw
810,0.5770038013677505,17.1610421686747,0.07345576714035086,NaN,NaN,NaN,raw
810,0.5770733353906176,17.159913780120483,0.04829092284497014,NaN,NaN,NaN,raw
810,0.5774864018663534,17.159403049698795,0.04830715114798994,NaN,NaN,NaN,raw
810,0.5777179998616023,17.15998192771084,0.07392637392921439,NaN,NaN,NaN,raw
810,0.5779031516320332,17.158213478915663,0.04797149982573766,NaN,NaN,NaN,raw
810,0.5780446945536823,17.292,0.016,5820.51155,0.5780446945536823,0.7408350047389831,raw
550,0.5782801179071352,18.824119047619046,0.05189384441757349,NaN,NaN,NaN,raw
810,0.5783240964377159,17.154463478915662,0.04551513169202461,NaN,NaN,NaN,raw
810,0.5784262040162327,17.159114457831325,0.07447386465718703,NaN,NaN,NaN,raw
810,0.5787417799218046,17.154064006024097,0.04548017688632914,NaN,NaN,NaN,raw
810,0.5790734959591646,17.132,0.01,6217.52509,0.5790734959591646,0.9300580701565195,raw
810,0.5791345287750546,17.15780722891566,0.07417235584547997,NaN,NaN,NaN,raw
810,0.5791543685565357,17.1580015060241,0.04232957734328402,NaN,NaN,NaN,raw
810,0.5795717330449748,17.157575489457834,0.04233003987502993,NaN,NaN,NaN,raw
810,0.5798425159808241,17.15769879518072,0.07410872192398339,NaN,NaN,NaN,raw
810,0.5799869941083557,17.156887989457836,0.04409118011671203,NaN,NaN,NaN,raw
810,0.5804040287493686,17.156438629518075,0.044085958243273854,NaN,NaN,NaN,raw
810,0.5805493545011846,17.156228915662652,0.07462501413450237,NaN,NaN,NaN,raw
810,0.5808279875653548,17.15431362951807,0.046947423150802595,NaN,NaN,NaN,raw
810,0.5808440261898795,17.134,0.011,6573.51651,0.5808440261898795,0.37531600205147697,raw
810,0.581242521050678,17.15225357680723,0.04794788323620471,NaN,NaN,NaN,raw
810,0.5812544827296229,17.155090361445787,0.0752084636024719,NaN,NaN,NaN,raw
810,0.5816581705740397,17.155205195783132,0.04455507308874987,NaN,NaN,NaN,raw
810,0.5819576897821284,17.154795180722893,0.07501648449728095,NaN,NaN,NaN,raw
810,0.5820881457252746,17.154673945783134,0.044152498224312504,NaN,NaN,NaN,raw
810,0.5823322300220752,17.125,0.01,5658.85706,0.5823322300220752,0.9711396736020106,raw
810,0.5825011652036449,17.15631042921687,0.0454467665475461,NaN,NaN,NaN,raw
810,0.5826524533296767,17.154000000000003,0.07468941752958785,NaN,NaN,NaN,raw
810,0.5829097239468441,17.15332793674699,0.04247304382005296,NaN,NaN,NaN,raw
810,0.5833203292137831,17.155358621987954,0.044505442693280134,NaN,NaN,NaN,raw
810,0.5833444263462297,17.153415662650605,0.07540389505561532,NaN,NaN,NaN,raw
810,0.5837144721087661,17.1549390060241,0.04449935667787789,NaN,NaN,NaN,raw
810,0.5838747130073898,17.215,0.015,6106.62728,0.5838747130073898,0.7259941645352228,raw
810,0.5840406019676255,17.153240963855428,0.07531486880628414,NaN,NaN,NaN,raw
810,0.584094841814595,17.155625188253012,0.04476500606285464,NaN,NaN,NaN,raw
810,0.5844659673829417,17.155253012048195,0.044777122407509105,NaN,NaN,NaN,raw
810,0.5845712235859537,17.15,0.014,6147.6499,0.5845712235859537,0.4710287694215367,raw
810,0.5847344677418864,17.152933734939765,0.07514883297484298,NaN,NaN,NaN,raw
810,0.584834798482989,17.152346762048197,0.03814170962851835,NaN,NaN,NaN,raw
810,0.5849872774779215,17.126,0.013,7318.52605,0.5849872774779215,0.9080515579316852,raw
810,0.585205622903717,17.151990775602414,0.038129665719289045,NaN,NaN,NaN,raw
550,0.5854174384438964,18.78311904761905,0.027195844270371215,NaN,NaN,NaN,raw
810,0.5854275371127505,17.151728915662655,0.07440856912222614,NaN,NaN,NaN,raw
810,0.5854516849794891,17.185,0.012,7271.59383,0.5854516849794891,0.522721026041836,raw
810,0.5855609057886422,17.15333452560241,0.03816011500456028,NaN,NaN,NaN,raw
810,0.5859284138978846,17.155246799698798,0.03988570679146685,NaN,NaN,NaN,raw
810,0.5861244148722304,17.150927710843376,0.07360068891847055,NaN,NaN,NaN,raw
810,0.5862754675624311,17.1538187123494,0.04060667723773022,NaN,NaN,NaN,raw
810,0.5866018204675928,17.1535109186747,0.04062514328477702,NaN,NaN,NaN,raw
810,0.5867052544381295,17.039,0.01,6040.92293,0.5867052544381295,0.18815273847758363,raw
810,0.5868191590122138,17.149969879518075,0.07270425144492743,NaN,NaN,NaN,raw
810,0.5869268086373157,17.1531359186747,0.040865725177338066,NaN,NaN,NaN,raw
550,0.5870645985508288,18.779357142857144,0.11758571809068084,NaN,NaN,NaN,raw
810,0.5870866467594169,17.062,0.02,7529.89632,0.5870866467594169,0.016952832247625338,raw
810,0.587252988623431,17.152827936746988,0.04088765199353303,NaN,NaN,NaN,raw
810,0.5874403673587949,17.098,0.012,5822.6007,0.5874403673587949,0.209407198441113,raw
810,0.5875158504936789,17.14945180722892,0.07323789027867833,NaN,NaN,NaN,raw
810,0.5875784251545699,17.149209337349397,0.0455644582116935,NaN,NaN,NaN,raw
810,0.5878928029784855,17.14981419427711,0.04536073214311677,NaN,NaN,NaN,raw
810,0.5879629701529034,17.150499751571036,0.033486639081708056,NaN,NaN,NaN,raw
810,0.5879629701529034,17.150499751571036,0.03338050049749603,NaN,NaN,NaN,raw
810,0.5879629701529034,17.15049975157104,0.03327536480170929,NaN,NaN,NaN,raw
810,0.5879783551863511,17.179,0.013,6834.60209,0.5879783551863511,0.8224179164699308,raw
810,0.5880933568078035,17.216,0.014,7295.58241,0.5880933568078035,0.8329196974591468,raw
810,0.5882118637499547,17.149560240963858,0.07327287718419888,NaN,NaN,NaN,raw
810,0.5882143335525496,17.147689194277106,0.046730423556557876,NaN,NaN,NaN,raw
810,0.5885180063592441,17.147644954819278,0.04672549730032188,NaN,NaN,NaN,raw
810,0.5887199114222312,17.229,0.013,6785.93173,0.5887199114222312,0.7193054767412832,raw
810,0.5888061279209258,17.145422063253015,0.04508088873981365,NaN,NaN,NaN,raw
810,0.588902518091586,17.149060240963856,0.07338133680614407,NaN,NaN,NaN,raw
810,0.5891110602484257,17.145142695783136,0.0450585662099715,NaN,NaN,NaN,raw
810,0.5891756319542765,17.183,0.009,7512.86233,0.5891756319542765,0.5822238459168148,raw
810,0.5894001265914692,17.146642695783136,0.04601430607156207,NaN,NaN,NaN,raw
810,0.589594018048693,17.14807228915663,0.07355134807202973,NaN,NaN,NaN,raw
810,0.5896975903301985,17.148519766566267,0.04748098881988398,NaN,NaN,NaN,raw
810,0.5898472897551983,17.199,0.011,5409.59658,0.5898472897551983,0.8172493752681476,raw
810,0.5899948304378799,17.14904969879518,0.04731588494596247,NaN,NaN,NaN,raw
810,0.5902925854795275,17.147722891566268,0.0735938589751952,NaN,NaN,NaN,raw
810,0.590300223749264,17.14876844879518,0.047326193000382086,NaN,NaN,NaN,raw
810,0.5904425482767692,17.175,0.01,6757.7729,0.5904425482767692,0.48918090685583593,raw
810,0.5906268074875003,17.147423004518075,0.04687275887994424,NaN,NaN,NaN,raw
810,0.5908947882708162,17.219,0.02,6171.63976,0.5908947882708162,0.783965287526371,raw
810,0.5909450446773614,17.14861276355422,0.0474442926348861,NaN,NaN,NaN,raw
810,0.5909482332463085,17.112,0.01,7960.63263,0.5909482332463085,0.33724945227004355,raw
810,0.5909926474663603,17.14637951807229,0.07336488675280028,NaN,NaN,NaN,raw
810,0.5912436476210132,17.122,0.013,7609.50899,0.5912436476210132,0.30389413773627894,raw
810,0.5912522966585736,17.150331513554217,0.04423283438563676,NaN,NaN,NaN,raw
810,0.5915582508616624,17.150055534638554,0.044262703747433095,NaN,NaN,NaN,raw
810,0.5916922422853115,17.145234939759035,0.073987051993735,NaN,NaN,NaN,raw
810,0.5918779278559676,17.15249604668675,0.041305161567029375,NaN,NaN,NaN,raw
550,0.5919118782987338,18.769690476190476,0.010821448216233305,NaN,NaN,NaN,raw
810,0.5922088020312704,17.15379405120482,0.04017455196340909,NaN,NaN,NaN,raw
810,0.5923716587785748,17.039,0.011,5681.80527,0.5923716587785748,0.05604650232453423,raw
810,0.5923923203873714,17.144355421686747,0.07327557078220195,NaN,NaN,NaN,raw
550,0.5924467348741018,18.758,0.014,7270.55332,0.5924467348741018,0.29712973136702203,raw
810,0.5925427008576536,17.148686182228914,0.04994672371671817,NaN,NaN,NaN,raw
810,0.592875704515369,17.14937368222892,0.050525501224305866,NaN,NaN,NaN,raw
810,0.5929414316997281,17.086,0.01,6827.65087,0.5929414316997281,0.954156468365909,raw
810,0.5930619561604544,17.152,0.01,5447.49125,0.5930619561604544,0.8717780838360341,raw
810,0.593094602981204,17.143867469879517,0.07277549888807495,NaN,NaN,NaN,raw
810,0.593208588760255,17.146959525602412,0.04906380770882955,NaN,NaN,NaN,raw
810,0.5935387286483225,17.14981701807229,0.05180625591666673,NaN,NaN,NaN,raw
810,0.5937984364476265,17.14430120481927,0.07284691045045082,NaN,NaN,NaN,raw
810,0.5938213465633453,17.198,0.01,7463.84568,0.5938213465633453,0.7384169299893983,raw
810,0.5938668593711005,17.14631701807229,0.050037258622270354,NaN,NaN,NaN,raw
810,0.5941970286737457,17.145972703313255,0.05005567833445838,NaN,NaN,NaN,raw
810,0.5942533073812228,17.213,0.015,5283.7498,0.5942533073812228,0.6381948435646336,raw
810,0.594498960923725,17.142957831325297,0.07238402237976575,NaN,NaN,NaN,raw
810,0.5945300691863464,17.14581645331325,0.04994404763601943,NaN,NaN,NaN,raw
810,0.5948562672045834,17.14393919427711,0.05097486001280225,NaN,NaN,NaN,raw
550,0.5949957464200408,18.73257142857143,0.05633935080367543,NaN,NaN,NaN,raw
810,0.5951792334945449,17.142008471385545,0.04998249312723238,NaN,NaN,NaN,raw
810,0.5952001230770435,17.142728915662648,0.07219555938685387,NaN,NaN,NaN,raw
810,0.595510631176016,17.14167093373494,0.04997912892213836,NaN,NaN,NaN,raw
810,0.5958583354380421,17.14276468373494,0.05110238506864992,NaN,NaN,NaN,raw
810,0.5959023646030482,17.141945783132527,0.0716625303407405,NaN,NaN,NaN,raw
810,0.5961932750060684,17.140162650602413,0.04917906778676945,NaN,NaN,NaN,raw
550,0.596224301471271,18.771714285714285,0.10626340897934745,NaN,NaN,NaN,raw
810,0.5963080049477867,17.189,0.011,6064.91393,0.5963080049477867,0.5035276512880955,raw
550,0.5963162029147497,18.668,0.011,6775.8526,0.5963162029147497,0.16062369003157073,raw
810,0.5965284225394741,17.13853765060241,0.05096628158678787,NaN,NaN,NaN,raw
810,0.5965373178369191,17.094,0.011,7651.57615,0.5965373178369191,0.28313997647455835,raw
810,0.5966096935110519,17.141138554216866,0.0723790449020113,NaN,NaN,NaN,raw
810,0.5968787057013705,17.13549454066265,0.053335087111492624,NaN,NaN,NaN,raw
810,0.59722500173974,17.135902861445782,0.053278429514542834,NaN,NaN,NaN,raw
810,0.5973163105771887,17.140096385542172,0.072279275617747,NaN,NaN,NaN,raw
810,0.597579220527808,17.13557172439759,0.053251480224440664,NaN,NaN,NaN,raw
810,0.5979342539030534,17.1385297439759,0.0502589738484589,NaN,NaN,NaN,raw
810,0.5980283409684796,17.139536144578315,0.07174953418210246,NaN,NaN,NaN,raw
810,0.5982006129379442,16.986,0.013,6847.81624,0.5982006129379442,0.08672792455945455,raw
810,0.5982978801088182,17.13567488704819,0.0524636556062197,NaN,NaN,NaN,raw
550,0.5983497913568403,18.777979461015175,0.055478623272952166,NaN,NaN,NaN,raw
550,0.5983497913568403,18.777979461015175,0.053460539067486795,NaN,NaN,NaN,raw
550,0.5983497913568403,18.777979461015175,0.051647787512088685,NaN,NaN,NaN,raw
550,0.5983917748145315,18.79157142857143,0.1346030445117667,NaN,NaN,NaN,raw
810,0.5986344722332433,17.201,0.012,6837.73462,0.5986344722332433,0.5227201704656181,raw
810,0.598657195874308,17.137148531626504,0.051679766138656824,NaN,NaN,NaN,raw
810,0.598745652644155,17.138746987951812,0.07180087673534016,NaN,NaN,NaN,raw
810,0.598776340168115,17.241,0.013,7909.87885,0.598776340168115,0.7778209606549353,raw
810,0.5990277205011248,17.138679781626507,0.052846752798932695,NaN,NaN,NaN,raw
810,0.5992200945511286,17.117,0.012,6831.82482,0.5992200945511286,0.8819964549147699,raw
810,0.5994044308028691,17.138339984939762,0.05284727820476847,NaN,NaN,NaN,raw
810,0.5994679357762319,17.1380421686747,0.07191824924636518,NaN,NaN,NaN,raw
810,0.5997622849576296,17.135424322289154,0.05503622889248797,NaN,NaN,NaN,raw
810,0.5998329283575004,17.178,0.01,6061.78633,0.5998329283575004,0.8137703849261015,raw
810,0.6000323546322761,17.088,0.016,5860.49863,0.6000323546322761,0.2709088602914562,raw
810,0.6001209144457484,17.132111822289154,0.0543339175651279,NaN,NaN,NaN,raw
810,0.6001822110339677,17.13721686746988,0.072437400049183,NaN,NaN,NaN,raw
810,0.6004812329663118,17.13283057228916,0.0555763750753212,NaN,NaN,NaN,raw
810,0.60083626505818,17.132545745481927,0.05554614640989318,NaN,NaN,NaN,raw
810,0.6008973112866004,17.13692168674699,0.07217688633332711,NaN,NaN,NaN,raw
810,0.6011846607636409,17.13405421686747,0.05647922632018581,NaN,NaN,NaN,raw
550,0.6014554986806963,18.792261904761904,0.1344554841234981,NaN,NaN,NaN,raw
810,0.6015179762474576,17.133804781626505,0.056460872420939855,NaN,NaN,NaN,raw
810,0.6015690846616053,17.21,0.013,6864.50448,0.6015690846616053,0.781917463760692,raw
810,0.6016128544476586,17.135734939759033,0.07199184875363367,NaN,NaN,NaN,raw
810,0.6016729543152906,17.06,0.013,7179.82059,0.6016729543152906,0.22501698855194263,raw
810,0.6018607529314435,17.132073795180723,0.05555595201158641,NaN,NaN,NaN,raw
810,0.6022017086470441,17.049,0.01,5696.75752,0.6022017086470441,0.03805286054739554,raw
810,0.6022181752191336,17.133265625,0.05512019522456351,NaN,NaN,NaN,raw
810,0.6023251208488359,17.13506626506024,0.0726513580379168,NaN,NaN,NaN,raw
810,0.6025951106681582,17.13296159638554,0.05510219753591528,NaN,NaN,NaN,raw
550,0.602634820057574,18.935,0.029,6464.71049,0.602634820057574,0.6454710989273735,raw
810,0.6029715450726985,17.132676016566265,0.055087706445251204,NaN,NaN,NaN,raw
810,0.6030272435034887,17.134638554216867,0.07298436168124152,NaN,NaN,NaN,raw
810,0.6033338681285535,17.133253012048193,0.055258310326051475,NaN,NaN,NaN,raw
810,0.6037013302044251,17.140596762048194,0.05046500216539269,NaN,NaN,NaN,raw
810,0.6037327267864296,17.133656626506028,0.07235423916758632,NaN,NaN,NaN,raw
810,0.6040283589718456,17.053,0.02,7612.64226,0.6040283589718456,0.005779209346655989,raw
810,0.6040572495102005,17.138690512048193,0.049247149408260416,NaN,NaN,NaN,raw
810,0.6044107589798222,17.138464420180725,0.04926348672806064,NaN,NaN,NaN,raw
810,0.6044395361953989,17.133156626506025,0.07165497837219885,NaN,NaN,NaN,raw
810,0.6047809618005267,17.133620670180726,0.04639306603807348,NaN,NaN,NaN,raw
810,0.6049187442185939,17.201,0.009,6742.8291,0.6049187442185939,0.5252486146600859,raw
810,0.6051414070659247,17.13403463855422,0.046298981069145435,NaN,NaN,NaN,raw
810,0.6051493326370193,17.13299397590362,0.07163116783855049,NaN,NaN,NaN,raw
810,0.6052497693999612,17.051,0.014,7853.90989,0.6052497693999612,0.06342114905055496,raw
810,0.6052974901831476,17.092,0.013,6839.82282,0.6052974901831476,0.9892603685784707,raw
550,0.6054154730697648,18.773785714285715,0.10604801421375742,NaN,NaN,NaN,raw
810,0.6055156072933565,17.133797251506024,0.04629724488120709,NaN,NaN,NaN,raw
810,0.6057835000392515,17.236,0.014,6475.48865,0.6057835000392515,0.6993380186158902,raw
810,0.605859987863511,17.133843373493978,0.07190599619751227,NaN,NaN,NaN,raw
810,0.6058999997537537,17.13229329819277,0.04559131718120959,NaN,NaN,NaN,raw
550,0.6062462165827172,18.79192857142857,0.13491802121651203,NaN,NaN,NaN,raw
810,0.6062998365064057,17.13357831325301,0.044876513122677084,NaN,NaN,NaN,raw
810,0.6063487856517895,17.191,0.015,6031.89093,0.6063487856517895,0.8692220472785266,raw
810,0.606568460085185,17.133963855421687,0.07194828880111949,NaN,NaN,NaN,raw
810,0.6067014606180472,17.13560278614458,0.046478604434805296,NaN,NaN,NaN,raw
810,0.6070962082667033,17.135321159638554,0.04649765438614796,NaN,NaN,NaN,raw
810,0.6072768588353347,17.133608433734942,0.07228686741842069,NaN,NaN,NaN,raw
810,0.6074852322479596,17.134789909638553,0.045707300166396965,NaN,NaN,NaN,raw
810,0.6078793630457012,17.134567771084335,0.045719831000635903,NaN,NaN,NaN,raw
810,0.6079748310430002,17.13213855421687,0.071956207778739,NaN,NaN,NaN,raw
810,0.6082932580576961,17.1366937123494,0.043676653429581595,NaN,NaN,NaN,raw
810,0.6086716278798384,17.131409638554217,0.07173444904132549,NaN,NaN,NaN,raw
810,0.6086988622423031,17.141318712349396,0.041890530473396484,NaN,NaN,NaN,raw
810,0.6091123521214001,17.138222891566265,0.04584178946964951,NaN,NaN,NaN,raw
550,0.6091881974084288,18.772356227106226,0.06659254365754348,NaN,NaN,NaN,raw
550,0.6091881974084289,18.772356227106226,0.06724224239543021,NaN,NaN,NaN,raw
810,0.6093622115224798,17.130957831325297,0.07213055103660393,NaN,NaN,NaN,raw
810,0.6095055193745553,17.137993787650604,0.04587858594465134,NaN,NaN,NaN,raw
810,0.6096226787558408,17.158,0.011,6376.75816,0.6096226787558408,0.5204747083935217,raw
810,0.6098982190266256,17.137780120481928,0.04591534352398059,NaN,NaN,NaN,raw
810,0.6099593993658345,17.221,0.012,5306.69998,0.6099593993658345,0.7273153894584539,raw
550,0.6099734790433494,18.735,0.05908386464360975,NaN,NaN,NaN,raw
810,0.6100238900180557,17.14,0.015,7932.82748,0.6100238900180557,0.8636261453248153,raw
810,0.6100579556720501,17.13151204819277,0.07210554032021681,NaN,NaN,NaN,raw
810,0.6103032045626405,17.14004932228916,0.043310707742012934,NaN,NaN,NaN,raw
810,0.6106228304306569,17.086,0.01,7937.69475,0.6106228304306569,0.2744379018913605,raw
550,0.6106883566208126,18.667,0.014,5742.64991,0.6106883566208126,0.1992465788152913,raw
810,0.6106972116263059,17.142856927710845,0.04569583890618513,NaN,NaN,NaN,raw
810,0.6107543430438651,17.130246987951807,0.0727185889074505,NaN,NaN,NaN,raw
810,0.6110791271092957,17.14360692771084,0.04686296700209417,NaN,NaN,NaN,raw
810,0.6114423430540502,17.130445783132526,0.07270525853384965,NaN,NaN,NaN,raw
810,0.6114547751554038,17.145763365963855,0.04793428864961236,NaN,NaN,NaN,raw
810,0.6118428520753538,17.148085655120482,0.04489921028400737,NaN,NaN,NaN,raw
810,0.6121334870902129,17.1298734939759,0.07218596956655512,NaN,NaN,NaN,raw
810,0.6122506962799579,17.149105986445782,0.04394439233952399,NaN,NaN,NaN,raw
810,0.6126646336919326,17.145610504518075,0.04117073493203728,NaN,NaN,NaN,raw
810,0.6128271307171385,17.12912048192771,0.07134141516217717,NaN,NaN,NaN,raw
810,0.6130341826064978,17.202,0.014,7836.87788,0.6130341826064978,0.6329272693146777,raw
810,0.6130974149749566,17.145282567771083,0.04130904845381715,NaN,NaN,NaN,raw
810,0.6135292360435941,17.127909638554215,0.07146109959285614,NaN,NaN,NaN,raw
810,0.6135361792526637,17.143162462349398,0.04062225695840833,NaN,NaN,NaN,raw
550,0.6138166074394705,18.764214285714285,0.11005465675075927,NaN,NaN,NaN,raw
810,0.6139886483272898,17.142828878012047,0.04074387884794816,NaN,NaN,NaN,raw
810,0.6140178520618065,17.193,0.014,6581.52393,0.6140178520618065,0.5027287561806588,raw
810,0.6142250399753907,17.128626506024098,0.07151388266892547,NaN,NaN,NaN,raw
810,0.6144370030896666,17.13971611445783,0.04504858458459447,NaN,NaN,NaN,raw
550,0.6147479866175716,18.6867380952381,0.0697346403735407,NaN,NaN,NaN,raw
810,0.6148660843989553,17.139448795180723,0.045120323820524194,NaN,NaN,NaN,raw
810,0.6149175946991227,17.128030120481927,0.07172188919910333,NaN,NaN,NaN,raw
810,0.6151810425544681,17.197,0.012,7139.84585,0.6151810425544681,0.7213376862237055,raw
810,0.6152780465223713,17.138279743975904,0.045814627693962384,NaN,NaN,NaN,raw
810,0.6155567969799449,17.036,0.011,7567.79977,0.6155567969799449,0.09026145794086915,raw
810,0.6156085956044551,17.12730722891567,0.07229423596308839,NaN,NaN,NaN,raw
810,0.6156768182360262,17.13843731174699,0.045797300870346766,NaN,NaN,NaN,raw
810,0.6160732221831191,17.135031061746986,0.04828150934652116,NaN,NaN,NaN,raw
810,0.6162991156526738,17.126819277108435,0.07186218200067772,NaN,NaN,NaN,raw
810,0.6164608588750695,17.13201675451807,0.04568222407281562,NaN,NaN,NaN,raw
810,0.6167707003120796,17.128775132968585,0.03389119145313528,NaN,NaN,NaN,raw
810,0.6167707003120796,17.12877513296858,0.03378444727790236,NaN,NaN,NaN,raw
810,0.6167707003120797,17.128775132968585,0.033998953860063956,NaN,NaN,NaN,raw
810,0.6168528357415368,17.12989175451807,0.04686515043971992,NaN,NaN,NaN,raw
810,0.6169878961243257,17.12561445783133,0.07213519820453344,NaN,NaN,NaN,raw
810,0.6170477622326871,17.223,0.012,7470.8067,0.6170477622326871,0.6276400167953398,raw
810,0.6171400396742683,17.225,0.014,6113.59179,0.6171400396742683,0.622682161452758,raw
810,0.6171700701124792,17.202,0.012,6053.79647,0.6171700701124792,0.7239174650458153,raw
810,0.6172477661376299,17.12696950301205,0.049596701103556004,NaN,NaN,NaN,raw
810,0.617635272960378,17.128135542168675,0.049037896748809734,NaN,NaN,NaN,raw
810,0.6176682308383665,17.125313253012056,0.07241386569231971,NaN,NaN,NaN,raw
550,0.6179216227928486,18.718357142857144,0.07739452994434488,NaN,NaN,NaN,raw
810,0.6180391691220413,17.12787594126506,0.04904834606568394,NaN,NaN,NaN,raw
810,0.618348504730475,17.12465060240964,0.0722385666717332,NaN,NaN,NaN,raw
810,0.6184419516553731,17.127600903614457,0.049058146191278136,NaN,NaN,NaN,raw
810,0.6188435051221668,17.127317582831324,0.049070776280242714,NaN,NaN,NaN,raw
810,0.6190294972224453,17.124144578313253,0.07173218415156798,NaN,NaN,NaN,raw
810,0.6192439147770955,17.127075112951808,0.04908074894200127,NaN,NaN,NaN,raw
550,0.6192493952311057,18.729914328836948,0.039658568716823994,NaN,NaN,NaN,raw
550,0.6192493952311058,18.729914328836948,0.04260013641184891,NaN,NaN,NaN,raw
550,0.6192493952311058,18.729914328836948,0.04105051860643851,NaN,NaN,NaN,raw
810,0.619639042286687,17.123043862951807,0.0480144015053772,NaN,NaN,NaN,raw
810,0.6197089889202804,17.123349397590363,0.07245068270125102,NaN,NaN,NaN,raw
550,0.6197389957924315,18.629,0.013,5982.87732,0.6197389957924315,0.03191751723352354,raw
810,0.6200379935744491,17.12282548945783,0.04800744807325215,NaN,NaN,NaN,raw
550,0.6202092651466435,18.761857142857146,0.10721642895266842,NaN,NaN,NaN,raw
810,0.6203892425384152,17.123156626506027,0.07227715711531414,NaN,NaN,NaN,raw
810,0.6204419284320541,17.120564194277108,0.04626810277034438,NaN,NaN,NaN,raw
810,0.6208595833408785,17.120290474397592,0.04624477106791642,NaN,NaN,NaN,raw
810,0.621047470473223,17.123289156626505,0.07226936651344146,NaN,NaN,NaN,raw
810,0.6212565946678676,17.123383283132533,0.04994089093529923,NaN,NaN,NaN,raw
810,0.6216242112313921,17.034,0.013,7944.65152,0.6216242112313921,0.15457048212192603,raw
810,0.6216524970288599,17.118602033132532,0.049989554908455296,NaN,NaN,NaN,raw
810,0.6217054329402355,17.123584337349396,0.07231891991337432,NaN,NaN,NaN,raw
550,0.6217671783892694,18.715119047619048,0.0746719469403602,NaN,NaN,NaN,raw
810,0.6218544158291479,17.094,0.013,7948.47572,0.6218544158291479,0.33431525064224843,raw
810,0.622037413038667,17.12135203313253,0.047665388053490305,NaN,NaN,NaN,raw
810,0.6221229063594365,17.136,0.008,6751.87391,0.6221229063594365,0.8715791621634708,raw
810,0.6223076050628151,17.049,0.009,6013.81882,0.6223076050628151,0.21401383938791696,raw
810,0.6223637735082479,17.124542168674697,0.07220472597725298,NaN,NaN,NaN,raw
810,0.622421722502423,17.118779932228914,0.04951836800810565,NaN,NaN,NaN,raw
810,0.6225671497450094,17.072,0.016,7665.49109,0.6225671497450094,0.04639965674141422,raw
810,0.6226957283470256,17.038,0.01,6062.83722,0.6226957283470256,0.06156390508476761,raw
810,0.6227945005136128,17.11854518072289,0.04949682798140641,NaN,NaN,NaN,raw
810,0.623023048758596,17.123313253012046,0.07213496234829661,NaN,NaN,NaN,raw
810,0.6231657063114566,17.118342996987952,0.049480231269532444,NaN,NaN,NaN,raw
810,0.6235552665674261,17.115056664156626,0.045648962045153965,NaN,NaN,NaN,raw
810,0.6236790202170946,17.12193975903614,0.07203195408732559,NaN,NaN,NaN,raw
810,0.6239446231413451,17.113650414156627,0.04275416536352965,NaN,NaN,NaN,raw
810,0.624331384120666,17.12164457831325,0.07231295747590497,NaN,NaN,NaN,raw
550,0.6243338859722344,18.740444376611045,0.05201886754458612,NaN,NaN,NaN,raw
810,0.6243350026630635,17.113181664156627,0.04182643071944783,NaN,NaN,NaN,raw
810,0.6247253337308734,17.112929969879517,0.041775275070027644,NaN,NaN,NaN,raw
550,0.6248490617399511,18.760238095238098,0.005124139217575403,NaN,NaN,NaN,raw
810,0.6249831980276103,17.12080722891566,0.07298234868893551,NaN,NaN,NaN,raw
810,0.6251137590828004,17.113972138554217,0.04248702288142816,NaN,NaN,NaN,raw
550,0.6253532742287332,18.7545,0.10180958848601764,NaN,NaN,NaN,raw
810,0.6254818391954675,17.11376073042169,0.042451589897242674,NaN,NaN,NaN,raw
810,0.6256402396748602,17.121361445783133,0.07324861414566633,NaN,NaN,NaN,raw
810,0.625678262913425,17.073,0.016,6938.56173,0.625678262913425,0.18613357654612628,raw
810,0.6258489283904156,17.11443731174699,0.04278059669513924,NaN,NaN,NaN,raw
810,0.6261948075180952,17.11421310240964,0.04275221700174871,NaN,NaN,NaN,raw
810,0.6262956772519807,17.12092168674699,0.07316183729189385,NaN,NaN,NaN,raw
810,0.6265259920142231,17.11467281626506,0.0429316759416056,NaN,NaN,NaN,raw
810,0.6268537586339237,17.11722533885542,0.04032985505643303,NaN,NaN,NaN,raw
810,0.626943767505169,17.120638554216868,0.07294066967366371,NaN,NaN,NaN,raw
810,0.6271993400742075,17.11698569277108,0.04031363096822587,NaN,NaN,NaN,raw
810,0.6275606047407062,17.117679028614454,0.04009575935761403,NaN,NaN,NaN,raw
810,0.6275899970577736,17.119867469879523,0.0735259626105102,NaN,NaN,NaN,raw
810,0.6276219571627735,17.227,0.012,6856.51765,0.6276219571627735,0.6985455403355445,raw
810,0.6278499181062216,17.044,0.013,7803.85654,0.6278499181062216,0.0021723102290707175,raw
810,0.6278741092937707,17.124,0.01,7253.53092,0.6278741092937707,0.887191091218483,raw
810,0.627906498444645,17.045,0.012,6718.84943,0.627906498444645,0.23410792292270344,raw
810,0.6279144412959975,17.119335278614457,0.04192966814346031,NaN,NaN,NaN,raw
550,0.6279189761992582,18.74961904761905,0.01769098890495878,NaN,NaN,NaN,raw
810,0.6282280120107513,17.119307228915666,0.07331936497787897,NaN,NaN,NaN,raw
810,0.6282628925436436,17.117960278614454,0.044925032072192915,NaN,NaN,NaN,raw
810,0.6286134331210907,17.115662085843372,0.04643321852567901,NaN,NaN,NaN,raw
810,0.6288664816553269,17.119144578313254,0.07341688890499101,NaN,NaN,NaN,raw
810,0.6289716563065487,17.11528708584337,0.04684385432287277,NaN,NaN,NaN,raw
550,0.6289846458444767,18.764357142857143,0.10862681857757629,NaN,NaN,NaN,raw
810,0.6293269094897564,17.117722515060237,0.044671586460681846,NaN,NaN,NaN,raw
550,0.6294190085245646,18.73,0.013,6417.78742,0.6294190085245646,0.27971189297022647,raw
550,0.629429061817843,18.787785714285715,0.07240112892343392,NaN,NaN,NaN,raw
810,0.6295136904237081,17.11783734939759,0.07396996148862538,NaN,NaN,NaN,raw
810,0.6295994500396773,17.18,0.009,6765.7824,0.6295994500396773,0.6210426618545171,raw
810,0.6296622148074675,17.187,0.01,7229.54388,0.6296622148074675,0.5802863915978378,raw
810,0.629690435099967,17.114212725903613,0.04846891680265715,NaN,NaN,NaN,raw
550,0.6298835310844879,18.869,0.019,5796.54191,0.6298835310844879,0.4711479085308383,raw
810,0.6300343038711593,17.117214608433734,0.05182166766929998,NaN,NaN,NaN,raw
810,0.6301588250082796,17.117259036144578,0.07380103725335731,NaN,NaN,NaN,raw
550,0.6302639166400089,18.777333333333335,0.0793998320737095,NaN,NaN,NaN,raw
810,0.6303587559880887,17.117026920180724,0.05181598162182714,NaN,NaN,NaN,raw
810,0.6306672940618847,17.11975169427711,0.054256263027227226,NaN,NaN,NaN,raw
810,0.6307781159921433,17.158,0.011,7082.83712,0.6307781159921433,0.7829293975646578,raw
810,0.6308080608277923,17.117379518072287,0.0739383482066237,NaN,NaN,NaN,raw
810,0.6309562596090674,17.121615399096385,0.05532706839162984,NaN,NaN,NaN,raw
810,0.6312509854240917,17.123334149096387,0.054617849572771944,NaN,NaN,NaN,raw
550,0.6313254804542036,18.78852380952381,0.07135100550373853,NaN,NaN,NaN,raw
810,0.6314558431586192,17.145,0.01,6059.71144,0.6314558431586192,0.3756995144813118,raw
810,0.6314573746241592,17.11598192771084,0.0736846246773178,NaN,NaN,NaN,raw
550,0.6314892103109742,18.733,0.022,6031.89967,0.6314892103109742,0.8879164066947851,raw
810,0.6314911334726278,17.117265593298995,0.03632265356450752,NaN,NaN,NaN,raw
810,0.6315344890405115,17.123162085843376,0.05463436509199277,NaN,NaN,NaN,raw
810,0.6316453743493184,17.138,0.015,7621.69069,0.6316453743493184,0.3598527295162057,raw
810,0.6318122347120755,17.126079631024098,0.05693944194504467,NaN,NaN,NaN,raw
810,0.632075180407472,17.125890248493977,0.05697083994439456,NaN,NaN,NaN,raw
810,0.6321127430618102,17.115680722891565,0.07402039351721916,NaN,NaN,NaN,raw
810,0.6323568486983049,17.122360504518074,0.053921788102131045,NaN,NaN,NaN,raw
550,0.6326036999671487,18.763571428571428,0.10941432495562203,NaN,NaN,NaN,raw
810,0.6326354833111736,17.121954254518073,0.05457620539757139,NaN,NaN,NaN,raw
810,0.6327640390293172,17.115915662650597,0.07390759256019036,NaN,NaN,NaN,raw
810,0.632928754695816,17.121620105421687,0.054596006311737916,NaN,NaN,NaN,raw
550,0.6331156318386951,18.756408163265302,0.06376352150355101,NaN,NaN,NaN,raw
550,0.6331156318386952,18.756408163265302,0.06617053343937766,NaN,NaN,NaN,raw
550,0.6331156318386952,18.756408163265306,0.061601414184780615,NaN,NaN,NaN,raw
810,0.6332360588132435,17.121057605421687,0.05549618988842966,NaN,NaN,NaN,raw
810,0.6334148851571068,17.11618674698795,0.07404197052382366,NaN,NaN,NaN,raw
810,0.6334456761287584,17.189,0.012,6863.47262,0.6334456761287584,0.5748280236566643,raw
810,0.633458044987492,17.005,0.009,6484.5371,0.633458044987492,0.053454317636351334,raw
810,0.6335374979247514,17.12086314006024,0.05551342148238073,NaN,NaN,NaN,raw
810,0.6335810719865549,17.051,0.014,6953.51331,0.6335810719865549,0.1667068431415828,raw
550,0.6337592787507068,18.703857142857142,0.07845601913668336,NaN,NaN,NaN,raw
810,0.6338267309649117,17.11838987198795,0.05732591800043795,NaN,NaN,NaN,raw
810,0.6340302916796645,17.06,0.015,6233.53597,0.6340302916796645,0.1764133652250166,raw
810,0.634063830209673,17.11593373493976,0.07432354621331842,NaN,NaN,NaN,raw
810,0.6340958645769326,17.115988704819273,0.05893639950822278,NaN,NaN,NaN,raw
810,0.6343673214763732,17.11245745481928,0.05835981019777629,NaN,NaN,NaN,raw
810,0.6346428835095501,17.110134977409636,0.05675435035204461,NaN,NaN,NaN,raw
810,0.6346558682853356,17.011,0.01,7650.54646,0.6346558682853356,0.08069204208368319,raw
810,0.6346828208952502,17.218,0.011,7222.59268,0.6346828208952502,0.7120677223483654,raw
810,0.6347138518624023,17.11563855421687,0.07410059964804666,NaN,NaN,NaN,raw
810,0.6348564163890842,17.208,0.012,6803.67778,0.6348564163890842,0.6770900197570882,raw
810,0.6348871371847054,17.181,0.009,6426.82815,0.6348871371847054,0.6173155541564483,raw
810,0.6349034911237087,17.11247063253012,0.05856601056439245,NaN,NaN,NaN,raw
810,0.6351094889942033,17.128,0.01,7820.89378,0.6351094889942033,0.4438528604187013,raw
810,0.6351489536437785,17.10781438253012,0.06071317352937817,NaN,NaN,NaN,raw
810,0.6353677929774095,17.1154156626506,0.07376401024713927,NaN,NaN,NaN,raw
810,0.635407559408474,17.1076765813253,0.0606957649364932,NaN,NaN,NaN,raw
810,0.6356557150318274,17.1038640813253,0.062091299364876645,NaN,NaN,NaN,raw
550,0.6357968318203521,18.70447619047619,0.07880748091151754,NaN,NaN,NaN,raw
810,0.6358316289952199,17.214,0.013,6216.50188,0.6358316289952199,0.741470484621459,raw
810,0.63591282647337,17.10375451807229,0.06207231742663265,NaN,NaN,NaN,raw
810,0.6360042593104623,17.113807228915665,0.07279484794145821,NaN,NaN,NaN,raw
810,0.6361735595002047,17.10503576807229,0.06321462381345203,NaN,NaN,NaN,raw
810,0.6364203704184224,17.10513949548193,0.06323537418309931,NaN,NaN,NaN,raw
810,0.6366353424694254,17.114048192771087,0.07292152753839105,NaN,NaN,NaN,raw
810,0.6366554052642727,17.10499830572289,0.06321557817845071,NaN,NaN,NaN,raw
810,0.63676622571802,17.031,0.008,6378.85348,0.63676622571802,0.002244178705950617,raw
810,0.6368886690396025,17.104870670180723,0.06319637975171216,NaN,NaN,NaN,raw
810,0.6371223631658254,17.099401920180725,0.06325319273814949,NaN,NaN,NaN,raw
550,0.6371849259739975,18.615,0.016,6160.53114,0.6371849259739975,0.023263354969458305,raw
810,0.6372587936023274,17.113307228915662,0.07334126670552901,NaN,NaN,NaN,raw
810,0.6373727909313092,17.10276280120482,0.06088847642646091,NaN,NaN,NaN,raw
550,0.6376018695199102,18.734857142857145,0.11363291583181133,NaN,NaN,NaN,raw
810,0.6376379250303292,17.10470481927711,0.060171076328058015,NaN,NaN,NaN,raw
550,0.6376660451317419,18.741952380952384,0.13064458198762563,NaN,NaN,NaN,raw
810,0.6377402302023256,17.027,0.01,6085.78717,0.6377402302023256,0.1501924941494508,raw
810,0.6378740635790049,17.1130843373494,0.07336173634296846,NaN,NaN,NaN,raw
810,0.6378997358378304,17.10836106927711,0.06091707802810335,NaN,NaN,NaN,raw
810,0.6381219389404578,17.04,0.013,5734.66356,0.6381219389404578,0.11690134789751028,raw
810,0.6381259660083742,17.041,0.011,6492.53461,0.6381259660083742,0.15967014936359192,raw
810,0.6381606585704886,17.109988140060242,0.061814588411194846,NaN,NaN,NaN,raw
550,0.6382113399013178,18.876,0.019,7610.56826,0.6382113399013178,0.5696119979274954,raw
810,0.6382860708217777,17.067,0.01,6402.84167,0.6382860708217777,0.3116086624613672,raw
810,0.6384063718837225,17.11270689006024,0.05917739213402965,NaN,NaN,NaN,raw
810,0.6384801998691323,17.112680722891568,0.07298094721531075,NaN,NaN,NaN,raw
810,0.6384982686613512,17.192,0.01,7462.81827,0.6384982686613512,0.5408457850098785,raw
810,0.6386329166343785,17.009,0.013,7635.59901,0.6386329166343785,0.10895260894358216,raw
550,0.6386546525405893,18.795952380952382,0.07245495903273524,NaN,NaN,NaN,raw
810,0.6386555402745266,17.109394766566265,0.05597340225283894,NaN,NaN,NaN,raw
810,0.638922185699979,17.109256212349397,0.05596293463633143,NaN,NaN,NaN,raw
810,0.6390834452980465,17.112969879518072,0.07322438943733338,NaN,NaN,NaN,raw
810,0.6391862887016339,17.107724962349398,0.05380263490569493,NaN,NaN,NaN,raw
810,0.6393968231059262,17.023,0.012,5448.5503,0.6393968231059262,0.13702537662902614,raw
810,0.6394559828588023,17.106412462349397,0.05245280552907807,NaN,NaN,NaN,raw
810,0.6396849407535218,17.112475903614456,0.07341230198346788,NaN,NaN,NaN,raw
810,0.6397291113378545,17.10587688253012,0.05231258210831559,NaN,NaN,NaN,raw
810,0.6399888312080293,17.179,0.01,7463.86173,0.6399888312080293,0.7727469607216335,raw
810,0.6399989773039996,17.103270143072287,0.05387684768150143,NaN,NaN,NaN,raw
810,0.6400106924447755,17.119,0.011,7157.93214,0.6400106924447755,0.4068761019552767,raw
550,0.6400474538459093,18.771,0.10812492774564114,NaN,NaN,NaN,raw
550,0.64015074820054,18.777,0.018,6063.88623,0.64015074820054,0.30533621292124735,raw
810,0.640254389743969,17.10227014307229,0.05202029546727907,NaN,NaN,NaN,raw
810,0.6402851540965293,17.111397590361445,0.07365479510964182,NaN,NaN,NaN,raw
810,0.640518623519204,17.102142131024095,0.051996023619710105,NaN,NaN,NaN,raw
810,0.640782208099383,17.10199981174699,0.05196860957131905,NaN,NaN,NaN,raw
810,0.6408793259676593,17.112102409638553,0.07351747922592441,NaN,NaN,NaN,raw
810,0.6409238881678903,17.014,0.008,6371.90198,0.6409238881678903,0.1333838266400562,raw
810,0.6410431155128455,17.10390606174699,0.05037458701373315,NaN,NaN,NaN,raw
550,0.6412939375780601,18.76833333333333,0.10427048160113764,NaN,NaN,NaN,raw
810,0.6412997163090439,17.102052710843374,0.05110327477341715,NaN,NaN,NaN,raw
810,0.6414717334829735,17.112548192771083,0.07343614478137117,NaN,NaN,NaN,raw
810,0.641547872766406,17.104630082831328,0.04924183533826651,NaN,NaN,NaN,raw
550,0.6416674468325941,18.790846938775505,0.05974903084653145,NaN,NaN,NaN,raw
550,0.6416674468325941,18.79084693877551,0.055623320608234675,NaN,NaN,NaN,raw
550,0.6416674468325942,18.79084693877551,0.05757560677200084,NaN,NaN,NaN,raw
550,0.6417802734358702,18.66,0.023,7471.85824,0.6417802734358702,0.8768238497232232,raw
810,0.6418108901950749,17.104483810240964,0.049222860290960964,NaN,NaN,NaN,raw
550,0.64195079109777,18.868,0.028,5641.84307,0.64195079109777,0.5791895417678461,raw
810,0.642065363155199,17.11314457831325,0.07371873369571609,NaN,NaN,NaN,raw
810,0.6420841654700377,17.10765175079067,0.0365243051610995,NaN,NaN,NaN,raw
810,0.6420841654700377,17.10765175079067,0.036408538450989604,NaN,NaN,NaN,raw
810,0.6420841654700378,17.107651750790666,0.036293865604100736,NaN,NaN,NaN,raw
810,0.6420846015347482,17.106671310240962,0.047799558237327074,NaN,NaN,NaN,raw
550,0.6421528698975592,18.757428571428573,0.10462098747578331,NaN,NaN,NaN,raw
810,0.6423587942352345,17.108786709337352,0.04627299738145385,NaN,NaN,NaN,raw
810,0.6424082375197031,17.177,0.014,6792.90334,0.6424082375197031,0.6311799670038454,raw
810,0.642413357654732,17.168,0.01,7135.68355,0.642413357654732,0.8184163824189454,raw
810,0.6425186943088192,17.098,0.011,5777.77335,0.6425186943088192,0.32627303988920175,raw
550,0.6425764122232933,18.796761904761905,0.0639555542949169,NaN,NaN,NaN,raw
810,0.6426470133599089,17.110095067771084,0.04564095454116527,NaN,NaN,NaN,raw
810,0.6426562094009853,17.11201204819277,0.07414375781991556,NaN,NaN,NaN,raw
550,0.6427275451590374,18.744285714285713,0.11304419052294983,NaN,NaN,NaN,raw
810,0.6429443191576288,17.108073795180722,0.04693659866831973,NaN,NaN,NaN,raw
550,0.643021461022207,18.80609523809524,0.07966374912825948,NaN,NaN,NaN,raw
550,0.6430509004130727,18.778,0.014,6533.5587,0.6430509004130727,0.9078490000538295,raw
810,0.6432447880098763,17.105495858433734,0.04437383430672122,NaN,NaN,NaN,raw
810,0.6432465054768803,17.11120481927711,0.07373305809080281,NaN,NaN,NaN,raw
550,0.643285937494511,18.896,0.014,6403.88635,0.643285937494511,0.5461193482969975,raw
810,0.6433077124420379,17.159,0.014,6441.77991,0.6433077124420379,0.5982738304428494,raw
810,0.643517350214097,17.139,0.011,6808.8955,0.643517350214097,0.8374942542632198,raw
810,0.6435410958882058,17.105558358433733,0.04423472722389929,NaN,NaN,NaN,raw
810,0.6438421711673823,17.105438253012046,0.04421916942808669,NaN,NaN,NaN,raw
810,0.6438496003238688,17.110861445783133,0.07331268910189835,NaN,NaN,NaN,raw
810,0.644003503894055,17.032,0.013,5639.7579,0.644003503894055,0.11913034011013224,raw
810,0.6440048270742409,17.182,0.009,6509.57137,0.6440048270742409,0.600324007042218,raw
810,0.644145691816409,17.10881325301205,0.04177830145314381,NaN,NaN,NaN,raw
550,0.6444399328465806,18.777,0.11950313803411226,NaN,NaN,NaN,raw
810,0.644446883990442,17.1086827936747,0.04177301304982273,NaN,NaN,NaN,raw
810,0.6444597401179789,17.109710843373495,0.07367159398639715,NaN,NaN,NaN,raw
810,0.6447576666869932,17.10643392319277,0.03975363150573581,NaN,NaN,NaN,raw
810,0.6450700490351599,17.109493975903618,0.07345984241977943,NaN,NaN,NaN,raw
810,0.6450869345233278,17.106048381024095,0.03968760154822429,NaN,NaN,NaN,raw
810,0.6451152629488206,17.092,0.011,6004.78792,0.6451152629488206,0.8974359851872578,raw
810,0.6454174962444565,17.1081297063253,0.04167387878731948,NaN,NaN,NaN,raw
810,0.6454700190806761,17.054,0.014,6081.61809,0.6454700190806761,0.23276915867063508,raw
810,0.6456812368379108,17.10947590361446,0.07344399654135406,NaN,NaN,NaN,raw
810,0.6457384252867642,17.10793109939759,0.041669479088626865,NaN,NaN,NaN,raw
550,0.6458898754031647,18.767642857142857,0.12048069114499489,NaN,NaN,NaN,raw
810,0.6460605783271931,17.11349359939759,0.04059283018191071,NaN,NaN,NaN,raw
810,0.646290621296408,17.108403614457835,0.07313399731051289,NaN,NaN,NaN,raw
810,0.6463708365049512,17.111757718373493,0.0418041986056782,NaN,NaN,NaN,raw
810,0.646673648653143,17.111515436746988,0.04181836598864131,NaN,NaN,NaN,raw
810,0.6468807018100051,17.11,0.016,6482.80353,0.6468807018100051,0.3454473780511762,raw
810,0.646900132423936,17.10869277108434,0.0732431124624265,NaN,NaN,NaN,raw
810,0.6469788268729757,17.111702936746987,0.04213371093500628,NaN,NaN,NaN,raw
550,0.6469829606321582,18.657,0.015,6842.61849,0.6469829606321582,0.9690383762681449,raw
810,0.6472894180389057,17.10974190512048,0.04087036816587614,NaN,NaN,NaN,raw
550,0.6474007280828248,18.74992857142857,0.10873642393471422,NaN,NaN,NaN,raw
550,0.6474650079733442,18.768358906525574,0.05220693702720625,NaN,NaN,NaN,raw
810,0.6475090828113594,17.10886746987952,0.07330960019555716,NaN,NaN,NaN,raw
810,0.6475975886956002,17.11061690512048,0.04091058311208496,NaN,NaN,NaN,raw
810,0.6479194015728394,17.110384412650603,0.04092353664504946,NaN,NaN,NaN,raw
810,0.6479939853961696,17.048,0.01,6451.86331,0.6479939853961696,0.1660889025861252,raw
810,0.6481132719332694,17.109506024096387,0.07315883483903698,NaN,NaN,NaN,raw
810,0.6481147687409248,17.011,0.008,6473.76513,0.6481147687409248,0.012827453414502088,raw
810,0.6482335497713063,17.107253012048194,0.044533285259862075,NaN,NaN,NaN,raw
810,0.6485461034624802,17.10419051204819,0.04422854272488254,NaN,NaN,NaN,raw
810,0.6487178542316893,17.109126506024097,0.07344436539534004,NaN,NaN,NaN,raw
550,0.6487499596383021,18.721071428571427,0.05557845163113405,NaN,NaN,NaN,raw
810,0.6488598627676987,17.10309920933735,0.04377040012650249,NaN,NaN,NaN,raw
810,0.6491094838747813,17.131,0.013,5707.89854,0.6491094838747813,0.8680565373888385,raw
810,0.6491820349448639,17.102880835843372,0.04374785044041606,NaN,NaN,NaN,raw
810,0.6493230903225781,17.108301204819277,0.0737288619839525,NaN,NaN,NaN,raw
810,0.6495180935238197,17.105096197289157,0.04179402787458117,NaN,NaN,NaN,raw
810,0.6498554388667473,17.10443994728916,0.040698031489830484,NaN,NaN,NaN,raw
810,0.6499338774976685,17.10703614457831,0.07398164322409011,NaN,NaN,NaN,raw
810,0.6501960964760434,17.104208019578316,0.040688171001033266,NaN,NaN,NaN,raw
810,0.6505356988205626,17.102942582831325,0.041145597414666016,NaN,NaN,NaN,raw
810,0.6505472632074834,17.10666265060241,0.07359895867320558,NaN,NaN,NaN,raw
810,0.6508631291726488,17.178,0.013,5431.51957,0.6508631291726488,0.7092693435824913,raw
810,0.6508745649391845,17.103245293674696,0.04109810077481317,NaN,NaN,NaN,raw
810,0.651149055321502,17.105746987951804,0.07351385659917942,NaN,NaN,NaN,raw
810,0.6512211277991211,17.10474604668675,0.040106708703000635,NaN,NaN,NaN,raw
810,0.651232785461616,17.192,0.012,6052.76537,0.651232785461616,0.5184536214110267,raw
810,0.6513999951712321,17.057,0.01,6393.8074,0.6513999951712321,0.9878225712782296,raw
810,0.6515725194124407,17.103449924698793,0.040615876898203535,NaN,NaN,NaN,raw
810,0.6517553518973377,17.105391566265055,0.07371334931906831,NaN,NaN,NaN,raw
550,0.6518661901999232,18.756285714285717,0.11007509923923516,NaN,NaN,NaN,raw
810,0.6519122470396808,17.10326920180723,0.04060598912251789,NaN,NaN,NaN,raw
550,0.6519152615584018,18.754952380952382,0.00450755224161736,NaN,NaN,NaN,raw
810,0.6521739405543485,17.183,0.012,6505.75009,0.6521739405543485,0.4268249512788316,raw
810,0.6522378608435899,17.10058170180723,0.04292582298307481,NaN,NaN,NaN,raw
810,0.6523522749644965,17.105246987951805,0.07397202065211848,NaN,NaN,NaN,raw
810,0.6523801553230442,17.126,0.014,6141.76347,0.6523801553230442,0.8802921453534509,raw
810,0.652570536852373,17.102685052710843,0.04493794078386483,NaN,NaN,NaN,raw
810,0.6528907007090841,17.10248701054217,0.04492377804116515,NaN,NaN,NaN,raw
810,0.6529542214726374,17.104572289156625,0.07360322096583952,NaN,NaN,NaN,raw
810,0.6532018296445206,17.10251826054217,0.04488498404242946,NaN,NaN,NaN,raw
810,0.6532992478278175,17.011,0.009,7818.81422,0.6532992478278175,0.9957931274475413,raw
810,0.6533094305596023,17.061,0.015,5836.52949,0.6533094305596023,0.002291235447046347,raw
810,0.65351786121096,17.099377447289157,0.04780190343423618,NaN,NaN,NaN,raw
810,0.6535576479810921,17.104078313253012,0.07295436439590425,NaN,NaN,NaN,raw
550,0.6537464182365827,18.748374275636184,0.029301311550439253,NaN,NaN,NaN,raw
550,0.6537464182365827,18.748374275636184,0.028235450313248266,NaN,NaN,NaN,raw
550,0.6537464182365827,18.74837427563618,0.02727803653917288,NaN,NaN,NaN,raw
810,0.6538375714862019,17.1022296686747,0.04499933896912608,NaN,NaN,NaN,raw
810,0.6540748520511678,17.105620854230317,0.03905680419694969,NaN,NaN,NaN,raw
810,0.6540748520511678,17.105620854230317,0.039025645991593756,NaN,NaN,NaN,raw
810,0.6541445797736054,17.100163215361448,0.04617536547730061,NaN,NaN,NaN,raw
810,0.6541591099931541,17.103873493975907,0.07296559352617678,NaN,NaN,NaN,raw
810,0.6544516648736143,17.099289909638557,0.045836364305926414,NaN,NaN,NaN,raw
810,0.654757378420642,17.10289156626506,0.07305871645226988,NaN,NaN,NaN,raw
810,0.6547706878317617,17.09913328313253,0.04581313609069255,NaN,NaN,NaN,raw
810,0.6547998780479247,17.161,0.015,5716.5917,0.6547998780479247,0.46222787568513013,raw
810,0.6550818879425987,17.098882153614458,0.04579043815690477,NaN,NaN,NaN,raw
810,0.65536078361545,17.102289156626505,0.07359257704999995,NaN,NaN,NaN,raw
810,0.655381341769309,17.098763177710843,0.04577451353908465,NaN,NaN,NaN,raw
810,0.655682166618173,17.099200677710844,0.04661544628610379,NaN,NaN,NaN,raw
810,0.6559373240597779,17.069,0.014,6408.75781,0.6559373240597779,0.9658932748861844,raw
810,0.6559589787447218,17.101686746987955,0.07311326666677616,NaN,NaN,NaN,raw
810,0.6559815595471411,17.099079254518074,0.0466029033153651,NaN,NaN,NaN,raw
810,0.6562952045025815,17.097141754518073,0.043820915274484555,NaN,NaN,NaN,raw
550,0.6564788663924576,18.75864285714286,0.11298918065485282,NaN,NaN,NaN,raw
810,0.6565600305986488,17.10202409638554,0.07304892107615733,NaN,NaN,NaN,raw
550,0.6565865603887296,18.75369047619048,0.0066418329983691776,NaN,NaN,NaN,raw
810,0.6566049108427068,17.09852108433735,0.04320699742027011,NaN,NaN,NaN,raw
810,0.6569097152286019,17.102321347891568,0.04881487992262042,NaN,NaN,NaN,raw
810,0.6569257684641343,17.068,0.011,5828.53486,0.6569257684641343,0.9022355587676429,raw
810,0.6571619053680939,17.102620481927712,0.07301751929093943,NaN,NaN,NaN,raw
810,0.6572133978041282,17.099729103915664,0.04654195421380725,NaN,NaN,NaN,raw
810,0.6573003435350984,17.024,0.011,5624.81369,0.6573003435350984,0.15432108139793854,raw
810,0.6575296762971801,17.09956438253012,0.04653112179785929,NaN,NaN,NaN,raw
810,0.6575457647049916,17.176,0.008,6418.84014,0.6575457647049916,0.5314196783165244,raw
810,0.6577543262261119,17.10253012048193,0.07308854527827528,NaN,NaN,NaN,raw
810,0.6578485204879951,17.10090813253012,0.047919349590742406,NaN,NaN,NaN,raw
810,0.6579501113301376,17.049,0.012,6491.49856,0.6579501113301376,0.9436185392423795,raw
810,0.6581512876316153,17.098765248493976,0.04926455350131497,NaN,NaN,NaN,raw
810,0.6582262820593314,17.009,0.009,5982.8907,0.6582262820593314,0.06053657089432818,raw
810,0.6583454975486666,17.10227108433735,0.07281311908119475,NaN,NaN,NaN,raw
810,0.6584485950863452,17.099265248493975,0.048419002944523205,NaN,NaN,NaN,raw
810,0.6585421194286027,17.043,0.009,6420.92637,0.6585421194286027,0.9937461592617183,raw
810,0.6587519853948904,17.100265248493976,0.04793120719786333,NaN,NaN,NaN,raw
810,0.6589362070750673,17.10305421686747,0.07295729394437561,NaN,NaN,NaN,raw
810,0.659048711413224,17.100129518072286,0.04792621060895847,NaN,NaN,NaN,raw
810,0.6593345804840015,17.09785222138554,0.049449710495358824,NaN,NaN,NaN,raw
810,0.6595318249832943,17.103289156626506,0.07298427063755959,NaN,NaN,NaN,raw
810,0.6596116546179819,17.097750941265062,0.049442374682831414,NaN,NaN,NaN,raw
810,0.6598922810444492,17.099,0.008,6457.77745,0.6598922810444492,0.8160956295614596,raw
810,0.6599050862396026,17.095823983433736,0.04808066232402704,NaN,NaN,NaN,raw
810,0.6601297856622109,17.102855421686748,0.07240243299613976,NaN,NaN,NaN,raw
810,0.6601826621924082,17.09806494728916,0.050023621023293566,NaN,NaN,NaN,raw
810,0.6604580237384337,17.098990022590364,0.049741712136890534,NaN,NaN,NaN,raw
810,0.6604895243362989,17.192,0.013,7893.90853,0.6604895243362989,0.6182211825034756,raw
810,0.6607296290484808,17.101861445783133,0.0723175578350817,NaN,NaN,NaN,raw
810,0.6607361317585911,17.09553106174699,0.05327139498965721,NaN,NaN,NaN,raw
810,0.6609976708980871,17.09678030873494,0.05389366776941128,NaN,NaN,NaN,raw
810,0.6612597149647272,17.097745858433733,0.0536375812360202,NaN,NaN,NaN,raw
810,0.6612694240357087,17.13,0.015,6531.47915,0.6612694240357087,0.4598106565117632,raw
550,0.6612932310047958,18.7555,0.008247757889514354,NaN,NaN,NaN,raw
810,0.6613105980552436,17.101138554216867,0.07235274756580634,NaN,NaN,NaN,raw
550,0.6614146245738084,18.74614285714286,0.12507773407141493,NaN,NaN,NaN,raw
810,0.6615090922459785,17.227,0.02,7881.74123,0.6615090922459785,0.5930633659627347,raw
810,0.6615261387139613,17.099163968373492,0.05436556589010298,NaN,NaN,NaN,raw
810,0.661793879795151,17.101486822289154,0.0526100897148333,NaN,NaN,NaN,raw
810,0.6618917829711944,17.100048192771084,0.07189789116719555,NaN,NaN,NaN,raw
810,0.6620713553907043,17.099017695783132,0.05082398569333461,NaN,NaN,NaN,raw
810,0.6623455983536897,17.10040737951807,0.05152624401681112,NaN,NaN,NaN,raw
810,0.6624731867421536,17.099975903614457,0.07186350292192029,NaN,NaN,NaN,raw
810,0.6625831694291264,17.169,0.01,5649.84613,0.6625831694291264,0.6972765056179924,raw
810,0.6626279634974652,17.101900602409636,0.0506737299526919,NaN,NaN,NaN,raw
810,0.6626427700684872,17.036,0.011,6436.91957,0.6626427700684872,0.20228494695584232,raw
810,0.6628130863791739,17.027,0.012,6915.62992,0.6628130863791739,0.13630540850863326,raw
810,0.6629184994709435,17.10466999246988,0.0477712988972865,NaN,NaN,NaN,raw
810,0.6630179204330489,17.093,0.012,7185.75192,0.6630179204330489,0.9117921409670089,raw
810,0.6630528805677627,17.099734939759035,0.07197762014763737,NaN,NaN,NaN,raw
810,0.6632190164521922,17.102130271084334,0.050010809772492684,NaN,NaN,NaN,raw
810,0.6633069202580373,17.031,0.009,7129.78081,0.6633069202580373,0.1927936025076633,raw
810,0.6635167843493788,17.103837914156625,0.04884601643302917,NaN,NaN,NaN,raw
810,0.6636237507080142,17.09965060240964,0.0718651824890215,NaN,NaN,NaN,raw
810,0.6638083187566562,17.106648719879516,0.05132451348265551,NaN,NaN,NaN,raw
810,0.6640873427338287,17.10510843373494,0.05216136805728721,NaN,NaN,NaN,raw
810,0.6641896899397898,17.09933734939759,0.07156853500406936,NaN,NaN,NaN,raw
810,0.6642432141052268,17.174,0.014,6208.51587,0.6642432141052268,0.6598524942310178,raw
810,0.6643604587529017,17.10507003012048,0.05216646258714196,NaN,NaN,NaN,raw
810,0.6646304794055692,17.10219954819277,0.054755212193486516,NaN,NaN,NaN,raw
810,0.6646640413500003,17.09695722242849,0.0369082973614825,NaN,NaN,NaN,raw
810,0.6646640413500005,17.096957222428493,0.03714263811168899,NaN,NaN,NaN,raw
810,0.6646640413500005,17.096957222428493,0.0370249115457755,NaN,NaN,NaN,raw
810,0.6647488935325903,17.098602409638556,0.07118493878138811,NaN,NaN,NaN,raw
810,0.6648584353897604,16.991,0.012,7166.63196,0.6648584353897604,0.015292798798327567,raw
810,0.6649022113683242,17.10088704819277,0.05300875404915511,NaN,NaN,NaN,raw
810,0.66492928306252,17.142,0.012,6829.76178,0.66492928306252,0.46927205576139386,raw
810,0.6651669901258234,17.10077296686747,0.05301051762262202,NaN,NaN,NaN,raw
810,0.6653111785966188,17.098897590361446,0.0710251879792781,NaN,NaN,NaN,raw
810,0.6654217670437507,17.09702296686747,0.055080315664684645,NaN,NaN,NaN,raw
810,0.6656826273516052,17.094924887048194,0.05618608788694088,NaN,NaN,NaN,raw
810,0.6656874653435807,17.148,0.012,5663.7531,0.6656874653435807,0.4434888123669225,raw
810,0.6658680581331721,17.098331325301203,0.07040173797391716,NaN,NaN,NaN,raw
810,0.665941058697312,17.09088516566265,0.050769872506628434,NaN,NaN,NaN,raw
550,0.6659804545695459,18.749309523809526,0.011163518695278016,NaN,NaN,NaN,raw
550,0.6659862020481212,18.761714285714284,0.12099868312788076,NaN,NaN,NaN,raw
810,0.6661878307895882,17.090539909638554,0.05074310915022931,NaN,NaN,NaN,raw
810,0.6664228674386522,17.092228162650603,0.05195149588212941,NaN,NaN,NaN,raw
810,0.6664249837626977,17.096987951807233,0.07009698804334738,NaN,NaN,NaN,raw
810,0.6665301010416442,17.147,0.012,5690.86988,0.6665301010416442,0.4447281157827092,raw
810,0.6666657878868478,17.09001675451807,0.05004945025241254,NaN,NaN,NaN,raw
810,0.6669087793319819,17.08867300451807,0.052082450522777594,NaN,NaN,NaN,raw
810,0.6669857959309575,17.09678313253012,0.06983748202492937,NaN,NaN,NaN,raw
810,0.6671554976148628,17.09320425451807,0.0528457367481031,NaN,NaN,NaN,raw
810,0.6674018338653469,17.09436050451807,0.053244394701683,NaN,NaN,NaN,raw
810,0.667523433210634,17.09762048192771,0.06991341356370732,NaN,NaN,NaN,raw
810,0.6676476880782478,17.094316076807228,0.053240358535248625,NaN,NaN,NaN,raw
810,0.6678878003477711,17.09834732680723,0.05317531261401696,NaN,NaN,NaN,raw
810,0.6679620409486233,17.021,0.009,6454.65143,0.6679620409486233,0.12971789270523004,raw
810,0.6680706921385744,17.09764457831325,0.06991284748280846,NaN,NaN,NaN,raw
810,0.6681316425796164,17.101326995481926,0.05585463885041324,NaN,NaN,NaN,raw
810,0.6682653081079479,17.193,0.011,7146.81725,0.6682653081079479,0.632762998515318,raw
810,0.6683596637178358,17.101249623493977,0.0558591985642356,NaN,NaN,NaN,raw
810,0.6684605922528135,17.054,0.009,6066.67725,0.6684605922528135,0.2751681369391008,raw
810,0.6686038216746696,17.098855233433735,0.054259428526670817,NaN,NaN,NaN,raw
810,0.6686319936547824,17.09777108433735,0.07000161475214696,NaN,NaN,NaN,raw
810,0.668770446547569,17.011,0.009,6123.69151,0.668770446547569,0.22540477886832377,raw
810,0.6688335032863034,17.09658640813253,0.05576730225943886,NaN,NaN,NaN,raw
810,0.6690646130761121,17.097305158132528,0.05449629937600905,NaN,NaN,NaN,raw
810,0.6691849471444584,17.15,0.012,5487.49715,0.6691849471444584,0.4421068414721958,raw
810,0.6692025492884568,17.098210843373494,0.06992262478959319,NaN,NaN,NaN,raw
810,0.6692986281095824,17.09377390813253,0.05516373882157392,NaN,NaN,NaN,raw
810,0.6694222854093823,17.01,0.009,6386.86072,0.6694222854093823,0.12927192314600688,raw
810,0.6695272439727886,17.093707266566263,0.05515863727884211,NaN,NaN,NaN,raw
810,0.6696581279065867,17.034,0.012,5365.82077,0.6696581279065867,0.1832990496459388,raw
550,0.6697119776436877,18.678261904761907,0.126265074536147,NaN,NaN,NaN,raw
810,0.6697459390598737,17.088894766566263,0.05695766576254019,NaN,NaN,NaN,raw
810,0.6697788953086011,17.09772891566265,0.07037857805984843,NaN,NaN,NaN,raw
810,0.6697884899240307,17.089,0.013,5464.55264,0.6697884899240307,0.36511410083039664,raw
810,0.6699750933910296,17.08887424698795,0.05695427465849161,NaN,NaN,NaN,raw
810,0.6699943595122022,17.154,0.014,6475.85862,0.6699943595122022,0.49068265854293713,raw
810,0.6702047074606073,17.088888742469877,0.056956465284292955,NaN,NaN,NaN,raw
810,0.6703566237713868,17.098234939759035,0.07024838345382146,NaN,NaN,NaN,raw
810,0.6704184963127773,16.993,0.008,7193.75038,0.6704184963127773,0.020039968283526832,raw
810,0.6704344823844738,17.09060749246988,0.0595379830366976,NaN,NaN,NaN,raw
550,0.6705405370867084,18.74007142857143,0.12598013536067676,NaN,NaN,NaN,raw
810,0.6706541338033756,17.090676769578312,0.05954668979200467,NaN,NaN,NaN,raw
810,0.6707080714313634,17.172,0.01,5656.8019,0.6707080714313634,0.575270143119269,raw
810,0.6708639658106461,17.09243862951807,0.060583810191330675,NaN,NaN,NaN,raw
810,0.6709006804485398,17.13,0.012,6891.64507,0.6709006804485398,0.834084993453871,raw
810,0.6709202153805925,17.098313253012048,0.07022732399439968,NaN,NaN,NaN,raw
810,0.6709905128827813,17.16,0.01,5657.84494,0.6709905128827813,0.8062729628873058,raw
810,0.6710634837082616,17.094799322289155,0.05916553300560627,NaN,NaN,NaN,raw
810,0.6712629097773005,17.091779179216868,0.061438588824035814,NaN,NaN,NaN,raw
810,0.6714267021270643,17.195,0.013,6098.66183,0.6714267021270643,0.6883528365688107,raw
810,0.6714653015219655,17.08887292921687,0.05863153180661521,NaN,NaN,NaN,raw
810,0.6714863663628092,17.09686144578313,0.0700417110901961,NaN,NaN,NaN,raw
810,0.6716669895203209,17.090198795180722,0.05829625458483646,NaN,NaN,NaN,raw
810,0.671879852795715,17.08908094879518,0.05848901142080129,NaN,NaN,NaN,raw
810,0.672056268723906,17.097379518072287,0.06996635946464583,NaN,NaN,NaN,raw
810,0.6720895650111136,17.091728350903615,0.05673168864866561,NaN,NaN,NaN,raw
810,0.6720987051048724,17.026,0.011,6096.57618,0.6720987051048724,0.22726694240373035,raw
810,0.6722539486636379,17.014,0.011,5327.92812,0.6722539486636379,0.13309100538026541,raw
810,0.6723040017670373,17.09003708584337,0.055736457757837,NaN,NaN,NaN,raw
810,0.67241776413357,17.029,0.01,7140.90869,0.67241776413357,0.9946915719447134,raw
810,0.6725352638770191,17.089958960843372,0.05572638233280911,NaN,NaN,NaN,raw
550,0.6726091937962337,18.533,0.016,6005.84042,0.6726091937962337,0.1486732031335123,raw
810,0.6726268862192184,17.096765060240962,0.07017872583406826,NaN,NaN,NaN,raw
810,0.6726857081303024,16.994,0.009,6499.49957,0.6726857081303024,0.05732067050666956,raw
550,0.6727549894926813,18.672595238095237,0.12091530881059555,NaN,NaN,NaN,raw
810,0.6727770834222915,17.092640060240964,0.05378539223706802,NaN,NaN,NaN,raw
810,0.6730289472990013,17.094579442771085,0.05271089848284295,NaN,NaN,NaN,raw
810,0.6732009967301609,17.097674698795178,0.07048165175956941,NaN,NaN,NaN,raw
810,0.6732782737879062,17.09086916415663,0.05652283992819663,NaN,NaN,NaN,raw
550,0.6735007529707564,18.74254578754579,0.07151207519329633,NaN,NaN,NaN,raw
550,0.6735007529707564,18.742545787545787,0.07082112106473648,NaN,NaN,NaN,raw
810,0.6735276501170289,17.090931664156628,0.05652181217084884,NaN,NaN,NaN,raw
810,0.6737726339891865,17.097451807228914,0.070277938020916,NaN,NaN,NaN,raw
810,0.6737863976966765,17.089134789156624,0.05535406382752999,NaN,NaN,NaN,raw
810,0.6738828986053704,17.202,0.013,5435.69934,0.6738828986053704,0.6495579767906747,raw
810,0.6740146413358161,17.099,0.014,7681.50075,0.6740146413358161,0.29014544168967404,raw
810,0.6740512313520342,17.089099774096383,0.0553484758033339,NaN,NaN,NaN,raw
810,0.67423805744329,17.154,0.016,6109.78752,0.67423805744329,0.4855665214381588,raw
810,0.674324766507236,17.095912274096385,0.056541860165520305,NaN,NaN,NaN,raw
810,0.6743466136723185,17.0965421686747,0.07008882696672401,NaN,NaN,NaN,raw
810,0.6744523263478186,17.001,0.013,7261.543,0.6744523263478186,0.024571318444941426,raw
810,0.6745933622091613,17.090974774096384,0.05658182601608574,NaN,NaN,NaN,raw
810,0.6747418439372268,17.1,0.012,7228.51661,0.6747418439372268,0.3830146986001637,raw
810,0.6748587350527376,17.089933923192767,0.05614544863298241,NaN,NaN,NaN,raw
810,0.6749146082001861,17.096427710843376,0.07000331734694071,NaN,NaN,NaN,raw
550,0.6751152375951018,18.744714285714284,0.12861596298308328,NaN,NaN,NaN,raw
810,0.675141157926472,17.089837914156625,0.05613328321317873,NaN,NaN,NaN,raw
810,0.6754391554545852,17.087788215361442,0.054667042587232345,NaN,NaN,NaN,raw
810,0.6754436184673978,17.062,0.009,6459.86874,0.6754436184673978,0.289245160694918,raw
810,0.6754812374403233,17.09571686746988,0.07010613999700241,NaN,NaN,NaN,raw
550,0.6756156489873412,18.719597738240594,0.06471535413011552,NaN,NaN,NaN,raw
550,0.6756156489873412,18.719597738240598,0.06236127563435809,NaN,NaN,NaN,raw
550,0.6756156489873414,18.719597738240594,0.06024671597269645,NaN,NaN,NaN,raw
810,0.6757395713043072,17.081975715361445,0.05275480195746746,NaN,NaN,NaN,raw
550,0.6760273662817954,18.673190476190474,0.12141691820833844,NaN,NaN,NaN,raw
810,0.6760398944590075,17.08189702560241,0.05273375575220035,NaN,NaN,NaN,raw
810,0.6760469233340153,17.09587951807229,0.07023603453815659,NaN,NaN,NaN,raw
810,0.6763360120306388,17.08197891566265,0.05276060186542287,NaN,NaN,NaN,raw
810,0.6766029368078768,17.095710843373496,0.07004440671468125,NaN,NaN,NaN,raw
810,0.6766316906792653,17.08663516566265,0.05421570307808458,NaN,NaN,NaN,raw
810,0.676664483239259,17.093859858481544,0.038095856142048946,NaN,NaN,NaN,raw
810,0.6769257433809641,17.089120858433734,0.05257674521941284,NaN,NaN,NaN,raw
810,0.6771605108580997,17.09579518072289,0.0699428786915731,NaN,NaN,NaN,raw
810,0.6772233115165434,17.088620858433735,0.0532388427638214,NaN,NaN,NaN,raw
810,0.6775200570940642,17.090190700301203,0.054218358091728903,NaN,NaN,NaN,raw
810,0.6777177719612988,17.096060240963855,0.0698554090047028,NaN,NaN,NaN,raw
810,0.677757342953555,16.979,0.011,7826.81861,0.677757342953555,0.11672488512340351,raw
810,0.677768532455957,17.091,0.011,6468.56073,0.677768532455957,0.8809139360037079,raw
810,0.6778181934155362,17.093303840361443,0.05129846914760176,NaN,NaN,NaN,raw
810,0.6781176441881529,17.09317752259036,0.0512923354895923,NaN,NaN,NaN,raw
810,0.6782742820609289,17.096499999999995,0.06985680158204156,NaN,NaN,NaN,raw
810,0.6784167608029572,17.093083960843373,0.05128701767408308,NaN,NaN,NaN,raw
810,0.6787233017546266,17.093271460843376,0.051707293772901654,NaN,NaN,NaN,raw
810,0.6788313007428298,17.09711445783132,0.06954810087384712,NaN,NaN,NaN,raw
810,0.6790259100203964,17.090958960843373,0.053079375228368246,NaN,NaN,NaN,raw
810,0.679171621279238,17.211,0.014,7923.81269,0.679171621279238,0.5815066584218584,raw
810,0.6793031338929723,17.014,0.01,6103.53163,0.6793031338929723,0.10457611823403568,raw
550,0.6793069068725822,18.761857142857142,0.03219836477024311,NaN,NaN,NaN,raw
810,0.6793257613611383,17.091521460843374,0.053858648547210446,NaN,NaN,NaN,raw
810,0.6793926114429838,17.096692771084335,0.06902091607996068,NaN,NaN,NaN,raw
810,0.6796247014829588,17.091473079819277,0.05385468819974798,NaN,NaN,NaN,raw
810,0.6799335948549525,17.091785579819277,0.05333931675768281,NaN,NaN,NaN,raw
810,0.6799577473400925,17.095240963855417,0.0691998581819261,NaN,NaN,NaN,raw
810,0.6802375074241183,17.091410579819275,0.053321882572437036,NaN,NaN,NaN,raw
550,0.6803576674540507,18.74185714285714,0.13106361176798928,NaN,NaN,NaN,raw
810,0.6805264337824035,17.094409638554215,0.06899196899149286,NaN,NaN,NaN,raw
810,0.6805365779621948,17.09138422439759,0.05331953113491882,NaN,NaN,NaN,raw
810,0.6808193816716053,17.09407172439759,0.053954261638458824,NaN,NaN,NaN,raw
810,0.681040009318167,17.009,0.016,5315.76352,0.681040009318167,0.11370833419823612,raw
810,0.681096707313219,17.094343373493977,0.06896478801625017,NaN,NaN,NaN,raw
810,0.6811077794011491,17.097268072289157,0.056998692774044145,NaN,NaN,NaN,raw
810,0.6813824231434238,17.0956468373494,0.057772029975356735,NaN,NaN,NaN,raw
810,0.6815320310161042,17.1,0.01,7187.84424,0.6815320310161042,0.3871447831079422,raw
810,0.6815604218609224,17.175,0.012,5664.80156,0.6815604218609224,0.6860847017032938,raw
810,0.6816465826186497,17.09564006024096,0.057772034944865935,NaN,NaN,NaN,raw
810,0.6816636351180033,17.093542168674702,0.06833594399237457,NaN,NaN,NaN,raw
810,0.681894288526795,17.09283396084337,0.05990562222710142,NaN,NaN,NaN,raw
810,0.6819399444721057,17.013,0.012,5448.56509,0.6819399444721057,0.16866033953192527,raw
810,0.6821227446998819,17.147,0.017,5321.6739,0.6821227446998819,0.7556726365255599,raw
810,0.6821324139356827,17.094707078313252,0.06093795263624948,NaN,NaN,NaN,raw
810,0.6822260704174072,17.09362048192772,0.06827125444877048,NaN,NaN,NaN,raw
810,0.6823720686653084,17.099613328313254,0.05754749857966407,NaN,NaN,NaN,raw
550,0.6824478155685938,18.799,0.014,6516.53768,0.6824478155685938,0.5008621008655609,raw
810,0.6826176623543225,17.09978143825301,0.057529379907743296,NaN,NaN,NaN,raw
550,0.6826563465827001,18.749619047619046,0.045993862353032836,NaN,NaN,NaN,raw
810,0.682783421453897,17.093632530120487,0.06825960180376223,NaN,NaN,NaN,raw
810,0.6828585564445506,17.10292206325301,0.06003320700119483,NaN,NaN,NaN,raw
810,0.6830844167959274,17.099605986445784,0.06321098835105889,NaN,NaN,NaN,raw
810,0.6833003819249004,17.095574736445784,0.05990471297923525,NaN,NaN,NaN,raw
810,0.6833443656629264,17.094457831325304,0.06843520292148414,NaN,NaN,NaN,raw
810,0.6835157644802241,17.098161332831324,0.058026332171992094,NaN,NaN,NaN,raw
810,0.6836922090587905,17.208,0.016,7196.88382,0.6836922090587905,0.7222886601593927,raw
810,0.683698105840449,17.025,0.011,6183.49203,0.683698105840449,0.13529197744719568,raw
810,0.6837460731067999,17.09815267319277,0.05802657908137013,NaN,NaN,NaN,raw
810,0.6838333003470325,17.172,0.01,7191.66916,0.6838333003470325,0.5684295903902239,raw
810,0.6839126975705713,17.09499397590362,0.06836244733707658,NaN,NaN,NaN,raw
810,0.6839765037400469,17.09819653614458,0.0580248375652571,NaN,NaN,NaN,raw
550,0.6841033394590096,18.733395807895807,0.0723737139779175,NaN,NaN,NaN,raw
810,0.6842068436548281,17.098273155120484,0.05802129448541561,NaN,NaN,NaN,raw
810,0.6843369142516167,17.011,0.012,6564.51366,0.6843369142516167,0.11873549128358718,raw
810,0.6844385366463523,17.101,0.055694155487906315,NaN,NaN,NaN,raw
810,0.6844670461505302,17.088,0.01,6768.9303,0.6844670461505302,0.3542204655313981,raw
810,0.6844848654186371,17.095584337349397,0.06854214891172454,NaN,NaN,NaN,raw
810,0.6844933371685329,17.148,0.01,6079.89342,0.6844933371685329,0.5437988093362947,raw
550,0.6846088003963121,18.74438095238095,0.04816348293505567,NaN,NaN,NaN,raw
810,0.684680316293512,17.103426769578313,0.057069635507476686,NaN,NaN,NaN,raw
810,0.6847099647857249,17.198,0.011,5713.82092,0.6847099647857249,0.5356881524166965,raw
810,0.6848355230868037,17.044,0.011,5715.5592,0.6848355230868037,0.2537695122373407,raw
810,0.6849140434407268,17.1032765436747,0.05708527181862397,NaN,NaN,NaN,raw
810,0.6850337397553385,17.094441189482914,0.03737458599848085,NaN,NaN,NaN,raw
810,0.6850337397553385,17.094441189482914,0.03725687047459329,NaN,NaN,NaN,raw
810,0.6850337397553387,17.09444118948291,0.037493424409657056,NaN,NaN,NaN,raw
810,0.6850560400151109,17.095493975903615,0.06842405628608875,NaN,NaN,NaN,raw
810,0.6850870999187464,17.006,0.009,7593.54984,0.6850870999187464,0.16818634982337244,raw
550,0.6851635567254561,18.708,0.026,6114.65838,0.6851635567254561,0.9040570823908638,raw
810,0.6851644196439806,17.10077277861446,0.055575066643482066,NaN,NaN,NaN,raw
810,0.6853377850457036,17.156,0.011,6882.61126,0.6853377850457036,0.5112828159253695,raw
810,0.6854262943015783,17.136,0.011,7907.82309,0.6854262943015783,0.3806680645357119,raw
810,0.6854290964088647,17.10078049698795,0.055574047190438035,NaN,NaN,NaN,raw
810,0.6856275305044072,17.09637951807229,0.06824888012674067,NaN,NaN,NaN,raw
810,0.6856953118246281,17.100124246987953,0.05675547891084207,NaN,NaN,NaN,raw
810,0.6859631350414366,17.098434111445783,0.05611621971990831,NaN,NaN,NaN,raw
810,0.6859828929482319,17.197,0.013,5804.5573,0.6859828929482319,0.6156080361797649,raw
810,0.6860588319868839,16.991,0.011,7083.89928,0.6860588319868839,0.054828802230986184,raw
810,0.6860825054063753,17.082,0.008,6510.62894,0.6860825054063753,0.8624056646040117,raw
810,0.68619537566333,17.096771084337355,0.06801137610745138,NaN,NaN,NaN,raw
550,0.6862150288948864,18.726142857142857,0.12792717708666348,NaN,NaN,NaN,raw
810,0.6862422756536191,17.100602221385543,0.05725300220277332,NaN,NaN,NaN,raw
810,0.6865069612017269,17.10057868975904,0.057256113894891894,NaN,NaN,NaN,raw
810,0.6867624874934095,17.096415662650607,0.06773264372458726,NaN,NaN,NaN,raw
810,0.6867716299198352,17.100525978915666,0.057262706665177895,NaN,NaN,NaN,raw
810,0.6870281147471675,17.099400978915664,0.05540668275031531,NaN,NaN,NaN,raw
810,0.6872891929515705,17.099900978915663,0.05478229169084194,NaN,NaN,NaN,raw
810,0.6873315276039998,17.096644578313256,0.06787350222112086,NaN,NaN,NaN,raw
810,0.6875483735787244,17.099525978915665,0.0543118853100495,NaN,NaN,NaN,raw
550,0.6877713545947612,18.751047619047622,0.05954355862853394,NaN,NaN,NaN,raw
810,0.6878113959025601,17.101276167168677,0.05505839192832055,NaN,NaN,NaN,raw
810,0.6878973110553971,17.096861445783137,0.06766503117532459,NaN,NaN,NaN,raw
810,0.6880627442928501,17.10382153614458,0.05257712621756695,NaN,NaN,NaN,raw
810,0.6883189945073839,17.10560278614458,0.052987763002948225,NaN,NaN,NaN,raw
810,0.6884541850469474,17.096259036144584,0.0673918375349573,NaN,NaN,NaN,raw
810,0.6885833814746105,17.105524849397593,0.05300480530649638,NaN,NaN,NaN,raw
810,0.6888336560223252,17.172,0.009,6750.85416,0.6888336560223252,0.690392318456361,raw
810,0.6888586551017637,17.101618599397593,0.05436220284778197,NaN,NaN,NaN,raw
810,0.6890112997269784,17.095192771084342,0.06764962457399025,NaN,NaN,NaN,raw
810,0.6891335016596152,17.098347515060244,0.051446723679328246,NaN,NaN,NaN,raw
810,0.6894052399146524,17.097441265060244,0.05267569719395482,NaN,NaN,NaN,raw
810,0.6895724603650432,17.094879518072293,0.06775685542242967,NaN,NaN,NaN,raw
810,0.6896865900220831,17.097366905120484,0.05268021410599631,NaN,NaN,NaN,raw
810,0.6899844748466538,17.100090361445783,0.04998834338437175,NaN,NaN,NaN,raw
550,0.6900487388779549,18.75897619047619,0.05205865673926433,NaN,NaN,NaN,raw
810,0.6901332915942958,17.09378915662651,0.06817382508824922,NaN,NaN,NaN,raw
810,0.6902919346958581,17.098137801204818,0.04894340915047614,NaN,NaN,NaN,raw
810,0.6904588377765322,16.992,0.01,5764.57942,0.6904588377765322,0.10521245369454846,raw
810,0.6905977385498202,17.093512801204817,0.05213860727752062,NaN,NaN,NaN,raw
810,0.6906930876377527,17.092915662650604,0.06851908910206277,NaN,NaN,NaN,raw
810,0.6909133115853638,17.093398531626505,0.05213612872907507,NaN,NaN,NaN,raw
810,0.6911585700072465,17.163,0.011,5716.60434,0.6911585700072465,0.4892641117276071,raw
810,0.6912287004060591,17.091961031626507,0.04976784601110411,NaN,NaN,NaN,raw
810,0.6912533589933534,17.09287951807229,0.06855299168422373,NaN,NaN,NaN,raw
550,0.6914134238313298,18.75972214954358,0.05449745461122644,NaN,NaN,NaN,raw
550,0.6914134238313298,18.759722149543574,0.05251506128744328,NaN,NaN,NaN,raw
550,0.6914134238313298,18.759722149543578,0.050734369197704576,NaN,NaN,NaN,raw
810,0.6915457836525594,17.093398531626505,0.04736388085004515,NaN,NaN,NaN,raw
810,0.6918137646423885,17.09277108433735,0.06842528777653724,NaN,NaN,NaN,raw
810,0.6918643077052189,17.09372439759036,0.04731877872411796,NaN,NaN,NaN,raw
810,0.6918997235334245,17.172,0.011,7851.85413,0.6918997235334245,0.6662682529349695,raw
550,0.6919354781639413,18.819,0.016,6075.72424,0.6919354781639413,0.626161579582913,raw
550,0.6919957095750371,18.731785714285714,0.13206593840923558,NaN,NaN,NaN,raw
810,0.6920526083813456,17.041,0.011,6167.50316,0.6920526083813456,0.9360148117502831,raw
810,0.6921270804159576,17.16,0.013,6338.89329,0.6921270804159576,0.5296864930260199,raw
810,0.6921965394626516,17.093580760542167,0.0473162082552136,NaN,NaN,NaN,raw
810,0.692329411933315,17.151,0.01,6845.76308,0.692329411933315,0.6951362795261957,raw
810,0.692380062740896,17.092451807228915,0.06855244019960334,NaN,NaN,NaN,raw
810,0.6925221663980337,17.091661521084337,0.04842997204005631,NaN,NaN,NaN,raw
810,0.6926670530156116,17.145,0.009,6395.90763,0.6926670530156116,0.48009425037162146,raw
550,0.6927973951729829,18.817595238095237,0.08511583743530383,NaN,NaN,NaN,raw
810,0.6928333637256062,17.08745387801205,0.05356035811668572,NaN,NaN,NaN,raw
810,0.6929452483698872,17.093090361445785,0.06868565394644201,NaN,NaN,NaN,raw
810,0.693129499686731,17.087293862951807,0.05353899038314852,NaN,NaN,NaN,raw
810,0.6933020932374347,17.023,0.008,6725.82511,0.6933020932374347,0.15468791007515392,raw
810,0.6934256704125273,17.08713478915663,0.05351905247764034,NaN,NaN,NaN,raw
810,0.693505054636974,17.09332530120482,0.06881043057538104,NaN,NaN,NaN,raw
810,0.6935311472479952,17.015,0.01,7605.72043,0.6935311472479952,0.20038128793021315,raw
810,0.6937274057547409,17.08463610692771,0.051247390955236935,NaN,NaN,NaN,raw
810,0.6940257274065422,17.08444258283133,0.05121792447882843,NaN,NaN,NaN,raw
810,0.6940592434528912,17.093114457831323,0.06900350563344061,NaN,NaN,NaN,raw
810,0.694318623662997,17.086446347891567,0.052867132872158135,NaN,NaN,NaN,raw
550,0.6944609977799701,18.902,0.019,5819.50908,0.6944609977799701,0.5966090913188964,raw
810,0.6945973552379191,17.086412650602412,0.05286264508567851,NaN,NaN,NaN,raw
810,0.69461941430501,17.09315060240964,0.06896179157043847,NaN,NaN,NaN,raw
550,0.694862137815324,18.78607142857143,0.10046445711224088,NaN,NaN,NaN,raw
810,0.6948662286996968,17.08925640060241,0.0499894675840526,NaN,NaN,NaN,raw
810,0.6951303661897825,17.086821536144576,0.051674621494139504,NaN,NaN,NaN,raw
810,0.6951765002202438,17.093518072289154,0.06932625746745044,NaN,NaN,NaN,raw
810,0.6952120176283643,16.988,0.01,5726.68752,0.6952120176283643,0.05660861647447746,raw
810,0.6953944311505599,17.084613328313253,0.049789715781431584,NaN,NaN,NaN,raw
810,0.6956727433779769,17.084608998493977,0.049788979766522586,NaN,NaN,NaN,raw
810,0.6957258676418049,17.09272289156626,0.06910805123520387,NaN,NaN,NaN,raw
810,0.6959347387632273,17.081334902108434,0.052600400467040224,NaN,NaN,NaN,raw
810,0.6960753352104803,17.151,0.014,7249.73051,0.6960753352104803,0.7583317701228225,raw
810,0.6962054958748922,17.037,0.011,7223.65701,0.6962054958748922,0.9886086327296653,raw
810,0.6962100080312799,17.078858810240963,0.04999521317646756,NaN,NaN,NaN,raw
810,0.696275275091477,17.092427710843374,0.06878533285035454,NaN,NaN,NaN,raw
810,0.6964855351481352,17.081015060240965,0.04979728729952051,NaN,NaN,NaN,raw
810,0.6967707909365357,17.078910391566264,0.04773173741610928,NaN,NaN,NaN,raw
810,0.6968267919011785,17.092174698795176,0.06899336523810404,NaN,NaN,NaN,raw
810,0.6970557331282192,17.077816641566265,0.04640923421017149,NaN,NaN,NaN,raw
810,0.6971825494256336,17.035,0.011,7876.88657,0.6971825494256336,0.20922367715320433,raw
810,0.6972898420863203,16.962,0.013,5794.47946,0.6972898420863203,0.05968548558303155,raw
810,0.697350189289625,17.077815888554216,0.046408989282359044,NaN,NaN,NaN,raw
810,0.6973736618113884,17.09174096385542,0.06864435625108561,NaN,NaN,NaN,raw
810,0.6976453726446037,17.077909638554218,0.04655189483381937,NaN,NaN,NaN,raw
550,0.6977268429069401,18.72814285714286,0.17203007568089865,NaN,NaN,NaN,raw
810,0.6979316482724331,17.091168674698796,0.06875292950710309,NaN,NaN,NaN,raw
810,0.6979392072385797,17.077885730421684,0.046544042611817854,NaN,NaN,NaN,raw
550,0.6981297060909648,18.72442857142857,0.12488808176536643,NaN,NaN,NaN,raw
810,0.6982225862437479,17.078354480421687,0.04604632373666746,NaN,NaN,NaN,raw
810,0.6984891869731611,17.092042168674695,0.06864924925406782,NaN,NaN,NaN,raw
810,0.6985161822665151,17.078329442771086,0.046038137872181494,NaN,NaN,NaN,raw
810,0.6985575925846206,17.089,0.011,5655.76864,0.6985575925846206,0.3651861832004215,raw
810,0.6988137459075989,17.082798192771083,0.04662913474474392,NaN,NaN,NaN,raw
810,0.6989451405715954,17.159,0.013,6490.46987,0.6989451405715954,0.7433095475771552,raw
810,0.6990527019918017,17.092710843373492,0.06888524143653164,NaN,NaN,NaN,raw
810,0.6990627885534195,17.083,0.016,7300.48805,0.6990627885534195,0.32580268638230336,raw
810,0.6991027555116487,17.085544615963855,0.049740734635760335,NaN,NaN,NaN,raw
810,0.699145487320493,17.015,0.01,7604.67944,0.699145487320493,0.9737633007480326,raw
810,0.6993788459407793,17.085547063253014,0.049741122853861515,NaN,NaN,NaN,raw
810,0.6996086487521229,17.09233734939759,0.06868051236257829,NaN,NaN,NaN,raw
810,0.699654602109212,17.085518072289158,0.04973659733708065,NaN,NaN,NaN,raw
810,0.6999345410254767,17.089986822289156,0.047043357705384314,NaN,NaN,NaN,raw
550,0.6999688471850755,18.705142857142857,0.13851066414407404,NaN,NaN,NaN,raw
810,0.7001593502706991,17.092740963855423,0.0687393787474145,NaN,NaN,NaN,raw
810,0.7001976169703994,16.988,0.011,6717.83162,0.7001976169703994,0.057070628101428156,raw
810,0.7002101373522291,17.08995971385542,0.04704198012035798,NaN,NaN,NaN,raw
810,0.7004904385250084,17.090365963855422,0.04763847418154855,NaN,NaN,NaN,raw
550,0.7005898248498852,18.558,0.014,6020.79898,0.7005898248498852,0.1441762899466994,raw
810,0.7007083401111077,17.092765060240964,0.0687313539386412,NaN,NaN,NaN,raw
810,0.7007680048498439,17.092064194277107,0.046632707805001734,NaN,NaN,NaN,raw
810,0.7008694761207153,17.11,0.012,7172.90213,0.7008694761207153,0.4268273041179782,raw
810,0.7010603555500706,17.092004894578313,0.04663343714740322,NaN,NaN,NaN,raw
550,0.701187010614376,18.833,0.014,7222.6158,0.701187010614376,0.7615200781474414,raw
550,0.7012496219686,18.654666666666667,0.15462319791458537,NaN,NaN,NaN,raw
810,0.7012552656447755,17.092650602409638,0.06886225754930211,NaN,NaN,NaN,raw
810,0.7013446054210519,17.089936935240964,0.048070771736008176,NaN,NaN,NaN,raw
810,0.7014475620671874,17.116,0.009,6021.84222,0.7014475620671874,0.37560689826204907,raw
810,0.7016221361852033,17.09003068524096,0.04796297937042145,NaN,NaN,NaN,raw
810,0.7018026599058781,17.092427710843378,0.06865039374095831,NaN,NaN,NaN,raw
810,0.70189954772601,17.094020896084338,0.04189565917177988,NaN,NaN,NaN,raw
550,0.7019720304415387,18.573,0.012,7593.55571,0.7019720304415387,0.1807419436172495,raw
810,0.7021129203749297,17.148,0.01,5377.65206,0.7021129203749297,0.48975072119901597,raw
810,0.7021827487760811,17.092403990963856,0.042971120412234776,NaN,NaN,NaN,raw
810,0.7023479553771207,17.092325301204824,0.06872820574596895,NaN,NaN,NaN,raw
810,0.7023702214028162,17.038,0.012,7277.54448,0.7023702214028162,0.25082055190068786,raw
550,0.7024512600278069,18.70847619047619,0.13034556373883355,NaN,NaN,NaN,raw
810,0.7024516633924824,17.09355496987952,0.04342780090996235,NaN,NaN,NaN,raw
810,0.7027084264616854,17.09348550451807,0.043432076397877696,NaN,NaN,NaN,raw
810,0.7029001273655253,17.092524096385546,0.06853317726139777,NaN,NaN,NaN,raw
810,0.7029676268647216,17.092141754518074,0.04423313427653963,NaN,NaN,NaN,raw
810,0.7030531837626768,17.158,0.01,6022.88572,0.7030531837626768,0.6075936316829029,raw
810,0.7032269413793106,17.090013177710844,0.04251764014598454,NaN,NaN,NaN,raw
810,0.7033075507824833,17.181,0.016,5706.87444,0.7033075507824833,0.6775652928299678,raw
810,0.7034543080371914,17.093228915662653,0.06862234379491854,NaN,NaN,NaN,raw
550,0.7034544415956979,18.71147619047619,0.13467620529294935,NaN,NaN,NaN,raw
810,0.7034999497469722,17.0899437123494,0.042514906314759314,NaN,NaN,NaN,raw
810,0.7037729446636855,17.0932249623494,0.045880392953347754,NaN,NaN,NaN,raw
810,0.7040006976100911,17.092590361445787,0.06906010314160536,NaN,NaN,NaN,raw
810,0.704048515826687,17.0971624623494,0.044331052494041435,NaN,NaN,NaN,raw
810,0.7041700629488332,17.131,0.01,5687.75414,0.7041700629488332,0.7803387101357657,raw
550,0.704194739027506,18.719428571428573,0.1291246948232084,NaN,NaN,NaN,raw
550,0.7041965553180489,18.842,0.013,7904.70079,0.7041965553180489,0.7022471946147562,raw
810,0.7043110217706632,17.096620670180723,0.04449755645859989,NaN,NaN,NaN,raw
810,0.7045449500978811,17.09185542168675,0.06864367944685745,NaN,NaN,NaN,raw
810,0.7045664657696491,17.096551204819278,0.044505542829957376,NaN,NaN,NaN,raw
810,0.7048376232108917,17.099740587349398,0.03989352886920048,NaN,NaN,NaN,raw
550,0.7048536239386137,18.7142193877551,0.08100029888556502,NaN,NaN,NaN,raw
550,0.7048536239386137,18.714219387755104,0.07805384105775104,NaN,NaN,NaN,raw
550,0.7048536239386138,18.7142193877551,0.07540717448367067,NaN,NaN,NaN,raw
810,0.7050449727394152,17.164,0.011,6449.79726,0.7050449727394152,0.7469262858303409,raw
810,0.7050876182696351,17.091343373493977,0.06867443738220712,NaN,NaN,NaN,raw
810,0.7050934912576907,17.099497929216867,0.03996088639944805,NaN,NaN,NaN,raw
810,0.705360521038556,17.09889175451807,0.039943558625631426,NaN,NaN,NaN,raw
810,0.7056178491527983,17.10002767319277,0.0402758186688703,NaN,NaN,NaN,raw
810,0.7056304974987296,17.09053012048193,0.06785266343882877,NaN,NaN,NaN,raw
550,0.7056667325333755,18.766666666666666,0.06593895342080597,NaN,NaN,NaN,raw
810,0.7058722907811837,17.09646517319277,0.04371261467771415,NaN,NaN,NaN,raw
810,0.7059227877725789,17.026,0.011,7224.70333,0.7059227877725789,0.2266271846365271,raw
810,0.7060635338784778,17.038,0.01,5813.60311,0.7060635338784778,0.9640775264069816,raw
810,0.7061270748362248,17.09639589608434,0.04372097566346676,NaN,NaN,NaN,raw
810,0.7061670113921372,17.08968674698795,0.06774138481927104,NaN,NaN,NaN,raw
810,0.7063818238883713,17.097020896084338,0.04461624876098155,NaN,NaN,NaN,raw
810,0.7064360954136646,17.04,0.009,6447.71186,0.7064360954136646,0.286375127347128,raw
810,0.7065369159972761,17.128,0.011,6859.67391,0.7065369159972761,0.4496049051958835,raw
810,0.7066365154542229,17.096957266566264,0.04462461255077585,NaN,NaN,NaN,raw
810,0.7067056051876545,17.089819277108436,0.06765718301865452,NaN,NaN,NaN,raw
810,0.7068520054817782,17.046,0.012,5989.86055,0.7068520054817782,0.9686465219620004,raw
810,0.7069021960246875,17.101176016566264,0.04524807755018729,NaN,NaN,NaN,raw
810,0.707141012842244,17.092329140136496,0.02990036056993331,NaN,NaN,NaN,raw
810,0.707141012842244,17.092329140136496,0.029805588982657026,NaN,NaN,NaN,raw
810,0.707141012842244,17.092329140136496,0.029711712878664507,NaN,NaN,NaN,raw
810,0.7071565660714718,17.10108942018072,0.04526781721051385,NaN,NaN,NaN,raw
810,0.7072432050384463,17.090885542168678,0.06805473845418782,NaN,NaN,NaN,raw
810,0.7074228251866834,17.09898719879518,0.04408625737578377,NaN,NaN,NaN,raw
810,0.7076977578601689,17.096161709337352,0.041480885916478506,NaN,NaN,NaN,raw
810,0.7077889697569713,17.09048795180723,0.06823486516186772,NaN,NaN,NaN,raw
810,0.7077986258882447,17.188,0.01,6105.62742,0.7077986258882447,0.5873508916283754,raw
810,0.7079637645365437,17.141,0.01,6354.89057,0.7079637645365437,0.7469521670373069,raw
810,0.7079846980185829,17.096072100903616,0.04149052189393669,NaN,NaN,NaN,raw
810,0.7080088389593584,17.075,0.01,6034.70745,0.7080088389593584,0.8935970107850153,raw
810,0.7082565324016192,17.096241152108433,0.041486898591633466,NaN,NaN,NaN,raw
810,0.7083335582382493,17.090518072289157,0.06820954548782265,NaN,NaN,NaN,raw
810,0.7085376531217731,17.094977786144582,0.04100705246342003,NaN,NaN,NaN,raw
550,0.7086089032545715,18.738571428571426,0.11881447353281101,NaN,NaN,NaN,raw
550,0.7087113963031394,18.768642857142854,0.06387180240808284,NaN,NaN,NaN,raw
810,0.7088237535346569,17.094933546686747,0.041011293018272735,NaN,NaN,NaN,raw
810,0.7088746550901646,17.090060240963858,0.06790016725066925,NaN,NaN,NaN,raw
810,0.7088961176086741,17.085,0.009,6417.81505,0.7088961176086741,0.33881088045927754,raw
810,0.7091111560415286,17.09263685993976,0.03902866859800684,NaN,NaN,NaN,raw
810,0.7094144197622348,17.09260410391566,0.03903022904905228,NaN,NaN,NaN,raw
810,0.7094144291084004,17.090602409638556,0.0674623018876219,NaN,NaN,NaN,raw
810,0.7094897653005319,17.129,0.01,6419.90114,0.7094897653005319,0.8008379094226257,raw
810,0.70958969417552,17.002,0.012,5285.87578,0.70958969417552,0.18554429782489024,raw
810,0.7097165591544612,17.0946812876506,0.04065138256621547,NaN,NaN,NaN,raw
810,0.7099557496671932,17.090210843373498,0.06735071574980982,NaN,NaN,NaN,raw
810,0.710011122696459,17.09668222891566,0.03869024033529773,NaN,NaN,NaN,raw
810,0.7102648900436179,17.168,0.011,7858.81346,0.7102648900436179,0.5518765265369439,raw
810,0.7103187276204432,17.098305346385544,0.037210182526183716,NaN,NaN,NaN,raw
810,0.7104980854843694,17.09028915662651,0.06742583447341179,NaN,NaN,NaN,raw
810,0.7106404594450939,17.098341867469877,0.03720202328601248,NaN,NaN,NaN,raw
810,0.7108719996576838,17.173,0.015,7066.87319,0.7108719996576838,0.6369974634271784,raw
810,0.7109710929102449,17.099929781626507,0.03568496841119292,NaN,NaN,NaN,raw
810,0.7110399688626238,17.089753012048195,0.06732593149358308,NaN,NaN,NaN,raw
810,0.7112986842932287,17.099742281626504,0.03554822188977317,NaN,NaN,NaN,raw
810,0.7115734754494503,17.090728915662655,0.06749719640439485,NaN,NaN,NaN,raw
810,0.711638301215024,17.09978049698795,0.03553786607437489,NaN,NaN,NaN,raw
810,0.7119907389147192,17.10117206325301,0.03421110868186641,NaN,NaN,NaN,raw
810,0.7121053963340175,17.090584337349398,0.06730222740593848,NaN,NaN,NaN,raw
810,0.7123344071662978,17.09808189006024,0.039263194659866434,NaN,NaN,NaN,raw
550,0.7123706416841742,18.694642857142856,0.06497939233765734,NaN,NaN,NaN,raw
810,0.7126363931064402,17.09036144578313,0.06748514149607696,NaN,NaN,NaN,raw
810,0.7126722097729383,17.099066641566264,0.039461262609919355,NaN,NaN,NaN,raw
810,0.7126993978672544,17.098,0.011,6118.83972,0.7126993978672544,0.8477038556793559,raw
810,0.7130123971277744,17.095993034638553,0.035988464002038284,NaN,NaN,NaN,raw
810,0.7131659259937543,17.090572289156622,0.06729008358344783,NaN,NaN,NaN,raw
550,0.7133287303367979,18.725357142857142,0.12182623637021613,NaN,NaN,NaN,raw
810,0.7133646066748061,17.094274284638555,0.03507133667359278,NaN,NaN,NaN,raw
810,0.7137001633101651,17.09043975903614,0.06719392548258933,NaN,NaN,NaN,raw
810,0.7137155435261744,17.094718373493976,0.034909000526343464,NaN,NaN,NaN,raw
810,0.7140736475262794,17.094685993975904,0.03491350239523387,NaN,NaN,NaN,raw
810,0.7142418529593089,17.090506024096385,0.06711949967198504,NaN,NaN,NaN,raw
810,0.7144322135174694,17.094672251506026,0.03491546838671228,NaN,NaN,NaN,raw
550,0.714765102559354,18.718212522045853,0.07238797257439404,NaN,NaN,NaN,raw
810,0.7147920573322362,17.09029518072289,0.06735264662162016,NaN,NaN,NaN,raw
810,0.7148074390102798,17.094822853915662,0.03488278114334575,NaN,NaN,NaN,raw
550,0.7151742914611532,18.62,0.018,6168.55414,0.7151742914611532,0.18400083675442147,raw
810,0.7151836011565358,17.094768825301205,0.03489086688519399,NaN,NaN,NaN,raw
810,0.7152989580499707,17.157,0.011,6014.89409,0.7152989580499707,0.5139547831786331,raw
810,0.7153488211165112,17.090030120481927,0.06744429123796511,NaN,NaN,NaN,raw
810,0.7155621403724801,17.090300075301208,0.039250396808413114,NaN,NaN,NaN,raw
550,0.7156182971927288,18.687499999999996,0.05860082015167339,NaN,NaN,NaN,raw
810,0.7159068914459743,17.089939759036145,0.06736807073898658,NaN,NaN,NaN,raw
810,0.7159500060780755,17.093025225903617,0.035797392750584724,NaN,NaN,NaN,raw
810,0.7163405673399846,17.09426863704819,0.03638272899799954,NaN,NaN,NaN,raw
810,0.7164624297809562,17.090855421686747,0.06707483519086506,NaN,NaN,NaN,raw
810,0.7167244953291168,17.091799698795178,0.033807442977959415,NaN,NaN,NaN,raw
810,0.7170163662984956,17.090813253012048,0.06702569434240163,NaN,NaN,NaN,raw
810,0.7170198402527603,17.122,0.021,6140.743,0.7170198402527603,0.6975652628862008,raw
810,0.7171025743300938,17.089665662650603,0.03599069051120715,NaN,NaN,NaN,raw
810,0.7174847596940122,17.08705798192771,0.03262347491741174,NaN,NaN,NaN,raw
810,0.7175733466851031,17.091042168674697,0.06722493696850788,NaN,NaN,NaN,raw
810,0.7178650370189643,17.090378200301206,0.03788835956191591,NaN,NaN,NaN,raw
810,0.7181300118720217,17.090530120481926,0.0670199133409453,NaN,NaN,NaN,raw
810,0.718240589088964,16.992,0.011,7163.86934,0.718240589088964,0.10620684816785797,raw
810,0.7182425339824254,17.090332266566264,0.03788881165572467,NaN,NaN,NaN,raw
550,0.7183518697802356,18.717142857142854,0.1268596178354741,NaN,NaN,NaN,raw
810,0.7185986531694653,17.122,0.011,7850.82047,0.7185986531694653,0.455328715925134,raw
810,0.7186206316870027,17.090289721385545,0.037889283853739394,NaN,NaN,NaN,raw
810,0.7186846212430008,17.089644578313248,0.06660102966355207,NaN,NaN,NaN,raw
810,0.7189910954973618,17.091934676204822,0.03901832201680184,NaN,NaN,NaN,raw
550,0.7191600041702865,18.661714285714282,0.05000244891961739,NaN,NaN,NaN,raw
810,0.719234470041556,17.086,0.014,6824.56595,0.719234470041556,0.35568927750136936,raw
810,0.7192388182031472,17.089210843373493,0.06724931544010834,NaN,NaN,NaN,raw
810,0.7193674559485133,17.091675263554215,0.03900428868763533,NaN,NaN,NaN,raw
810,0.7197354845801891,17.089969879518073,0.04022790811294358,NaN,NaN,NaN,raw
810,0.7197928862416088,17.089481927710846,0.06703465615603899,NaN,NaN,NaN,raw
810,0.7200906422148143,17.091487387048193,0.04115151536496835,NaN,NaN,NaN,raw
810,0.7203487668082481,17.089620481927714,0.06693257984430914,NaN,NaN,NaN,raw
810,0.7204356611172158,17.091475150602413,0.04115187480221087,NaN,NaN,NaN,raw
810,0.7207218543908382,17.09188932067127,0.0314688139561163,NaN,NaN,NaN,raw
810,0.7207707936075016,17.089497176204823,0.042702359707091214,NaN,NaN,NaN,raw
810,0.7209033333786038,17.089819277108436,0.06669544431824102,NaN,NaN,NaN,raw
810,0.7210911146903831,17.08974717620482,0.04313156259253652,NaN,NaN,NaN,raw
550,0.7212600924607959,18.725003275384225,0.05932187992157552,NaN,NaN,NaN,raw
550,0.721260092460796,18.72500327538423,0.06156122413688766,NaN,NaN,NaN,raw
550,0.721260092460796,18.725003275384225,0.057310380749050774,NaN,NaN,NaN,raw
810,0.7214159613051725,17.09196498493976,0.04493356015148516,NaN,NaN,NaN,raw
810,0.7214516177885902,17.088873493975907,0.06620639643974228,NaN,NaN,NaN,raw
810,0.7216030202107504,16.986,0.011,7955.81099,0.7216030202107504,0.024037652234255802,raw
810,0.7217256072511092,17.09196216114458,0.04493369436905868,NaN,NaN,NaN,raw
810,0.7220013967545753,17.08920481927711,0.06639473492016253,NaN,NaN,NaN,raw
810,0.7220241356118449,17.089716679216867,0.046749519788827715,NaN,NaN,NaN,raw
550,0.7220953836616294,18.740714285714287,0.10647515758933397,NaN,NaN,NaN,raw
810,0.7223075746374421,17.089847515060242,0.04675854548184191,NaN,NaN,NaN,raw
810,0.7224537100482848,17.13,0.009,6369.84444,0.7224537100482848,0.7324236124732124,raw
810,0.7225505856958442,17.08899397590362,0.06624312401028375,NaN,NaN,NaN,raw
810,0.7225966135156341,17.022,0.01,7487.87811,0.7225966135156341,0.1424082398898463,raw
810,0.7225991173352213,17.088860504518074,0.046389854032846733,NaN,NaN,NaN,raw
810,0.7228752930081326,17.090171686746988,0.04704188124151428,NaN,NaN,NaN,raw
810,0.7231019313030739,17.089554216867473,0.06588672612203424,NaN,NaN,NaN,raw
810,0.7231485620133651,17.09017564006024,0.047041917650960545,NaN,NaN,NaN,raw
810,0.7232088432610908,17.196,0.013,5995.77624,0.7232088432610908,0.6219686101594561,raw
810,0.7234260739006129,17.09395689006024,0.043635649216938195,NaN,NaN,NaN,raw
810,0.7236533782802052,17.089259036144583,0.06594937734655786,NaN,NaN,NaN,raw
810,0.7237010901121869,17.09298625753012,0.04333615987882828,NaN,NaN,NaN,raw
550,0.7239538512694708,18.648,0.012,6447.71795,0.7239538512694708,0.2994012885428674,raw
550,0.7239804299351817,18.857,0.014,7625.54691,0.7239804299351817,0.6080864440864389,raw
810,0.7239878331083687,17.09480986445783,0.04440562047891502,NaN,NaN,NaN,raw
550,0.7240521693152654,18.74042857142857,0.10657114132477584,NaN,NaN,NaN,raw
810,0.724204522880493,17.089222891566266,0.06596604971668782,NaN,NaN,NaN,raw
550,0.7242222267411437,18.71628571428571,0.12615706240874622,NaN,NaN,NaN,raw
810,0.7242594767027248,17.094955195783132,0.04438346208437474,NaN,NaN,NaN,raw
810,0.7244912350379309,17.143,0.011,5694.71415,0.7244912350379309,0.6674014647906006,raw
810,0.7245474221233299,17.09501656626506,0.04437662017199146,NaN,NaN,NaN,raw
810,0.724742932304099,17.089698795180723,0.06544898266491954,NaN,NaN,NaN,raw
810,0.7248247999066896,17.091189006024095,0.04981793271251013,NaN,NaN,NaN,raw
810,0.7249428422073834,17.036,0.013,6702.89139,0.7249428422073834,0.10077436143365048,raw
810,0.7250652076181723,17.139,0.01,7953.72631,0.7250652076181723,0.5650265325130022,raw
810,0.7250945652232081,17.091232680722893,0.04981712586837677,NaN,NaN,NaN,raw
810,0.7252824578361535,17.090114457831326,0.06567601034745343,NaN,NaN,NaN,raw
810,0.7253566200116371,17.089769578313255,0.05054222741244189,NaN,NaN,NaN,raw
810,0.725516297021386,17.027,0.012,5462.48613,0.725516297021386,0.9449675704199763,raw
810,0.7255492327021784,17.165,0.009,7153.79011,0.7255492327021784,0.5473111671835795,raw
810,0.725608187760507,17.089803840361448,0.05054197198469723,NaN,NaN,NaN,raw
810,0.7257439127897669,17.161,0.012,7089.82308,0.7257439127897669,0.7254977159300324,raw
550,0.7257881817979416,18.788761904761902,0.07045281143755724,NaN,NaN,NaN,raw
810,0.7258155617159517,17.08984939759036,0.06527272551843225,NaN,NaN,NaN,raw
810,0.7258635588510955,17.093897590361447,0.04704744738557806,NaN,NaN,NaN,raw
810,0.7260153373244975,17.019,0.009,6370.88862,0.7260153373244975,0.9658648269469268,raw
810,0.7260864151176065,17.095,0.012,7666.57002,0.7260864151176065,0.354169130907394,raw
810,0.7261116915959342,17.093641189759037,0.0470961793829281,NaN,NaN,NaN,raw
810,0.7263482750617417,17.092398343373496,0.04662818082914195,NaN,NaN,NaN,raw
810,0.7263492065816952,17.090415662650603,0.06501796112110951,NaN,NaN,NaN,raw
810,0.7264109682182607,17.133,0.013,7447.9,0.7264109682182607,0.6315207005791308,raw
810,0.7265851469280924,17.090992281626505,0.047406053201877234,NaN,NaN,NaN,raw
810,0.7268246434513421,17.091211031626507,0.04709254002040758,NaN,NaN,NaN,raw
810,0.7268746200394622,17.090656626506025,0.06478811281310712,NaN,NaN,NaN,raw
810,0.7270573080667546,17.091217620481927,0.04709231548218057,NaN,NaN,NaN,raw
810,0.7271209694808931,17.113,0.011,6116.75885,0.7271209694808931,0.3968421077406674,raw
810,0.7273029799600959,17.08792356927711,0.04303865222707622,NaN,NaN,NaN,raw
810,0.7273991719398345,17.090939759036143,0.06493173093615957,NaN,NaN,NaN,raw
810,0.7275400205650688,17.09066547439759,0.04583080482274761,NaN,NaN,NaN,raw
810,0.7277709252595654,17.090721385542167,0.045830079510499465,NaN,NaN,NaN,raw
810,0.7278603971208213,17.148,0.019,6784.93716,0.7278603971208213,0.5919772108500183,raw
810,0.727927065060952,17.09065060240964,0.06466143691472778,NaN,NaN,NaN,raw
550,0.7279888675124572,18.73592857142857,0.05021895934357074,NaN,NaN,NaN,raw
810,0.7280096700699334,17.089090737951807,0.04482732084169835,NaN,NaN,NaN,raw
810,0.7282511116440995,17.090350150602408,0.04540732911202897,NaN,NaN,NaN,raw
810,0.7284530716625088,17.09117469879518,0.06438021217428296,NaN,NaN,NaN,raw
810,0.7284926302096508,17.092039156626505,0.04431247411740528,NaN,NaN,NaN,raw
810,0.7286689753091196,16.967,0.01,6461.62548,0.7286689753091196,0.04681140321554267,raw
810,0.728747218894764,17.090522402108434,0.043475985058692865,NaN,NaN,NaN,raw
810,0.7289812569368399,17.091018072289156,0.06427511633987006,NaN,NaN,NaN,raw
810,0.7289967025124062,17.092862575301204,0.04542505369975326,NaN,NaN,NaN,raw
550,0.7291618887174991,18.793,0.013,6750.86818,0.7291618887174991,0.7203802954609273,raw
810,0.7292403573453632,17.097550075301207,0.04614304652540911,NaN,NaN,NaN,raw
810,0.7292890866083326,17.043,0.01,6477.61747,0.7292890866083326,0.25276207021488517,raw
810,0.7294888293814685,17.097268825301207,0.0457443714596705,NaN,NaN,NaN,raw
810,0.7295017857524222,17.089969879518073,0.06377264776069469,NaN,NaN,NaN,raw
810,0.7297361795907611,17.094987575301204,0.04425975029134751,NaN,NaN,NaN,raw
810,0.7297748951095855,17.117,0.013,5640.83066,0.7297748951095855,0.413702537662175,raw
810,0.7299416445894167,17.081,0.015,5845.59496,0.7299416445894167,0.3928123396472074,raw
810,0.7299842916066717,17.09503143825301,0.044255189197191146,NaN,NaN,NaN,raw
810,0.7300243809541245,17.09022891566265,0.06359422983186441,NaN,NaN,NaN,raw
810,0.7301304854190676,17.044,0.017,5638.7449,0.7301304854190676,0.952381359797073,raw
810,0.7302378559090692,17.098187688253013,0.0422122299661412,NaN,NaN,NaN,raw
810,0.730244560865416,17.089819958717072,0.03380238273102526,NaN,NaN,NaN,raw
810,0.7302445608654161,17.089819958717076,0.03401700319022374,NaN,NaN,NaN,raw
810,0.7302445608654161,17.089819958717072,0.03390918357449771,NaN,NaN,NaN,raw
810,0.7302605022596254,17.029,0.008,6069.82756,0.7302605022596254,0.013500792583727161,raw
810,0.7304944490266915,17.09805967620482,0.04222841693735883,NaN,NaN,NaN,raw
550,0.7305459325133207,18.69283333333333,0.10311684311175,NaN,NaN,NaN,raw
810,0.7305471989962737,17.089765060240964,0.06327419107869348,NaN,NaN,NaN,raw
550,0.7305824870787286,18.698499999999996,0.11502156988348486,NaN,NaN,NaN,raw
810,0.7307482660336003,17.10014043674699,0.04346203381079023,NaN,NaN,NaN,raw
810,0.731011753326916,17.098822289156626,0.04307118360592262,NaN,NaN,NaN,raw
810,0.731070343848009,17.090590361445784,0.06313391945161576,NaN,NaN,NaN,raw
810,0.7312386776393396,17.177,0.009,6772.77068,0.7312386776393396,0.5685733273403457,raw
810,0.7312607946100524,17.09755176957831,0.043911279837385936,NaN,NaN,NaN,raw
810,0.7315023055674328,17.09642676957831,0.043963857155370406,NaN,NaN,NaN,raw
810,0.7315934731043864,17.091012048192773,0.06334991693106959,NaN,NaN,NaN,raw
810,0.7317365312736841,17.093303652108432,0.04775272857157969,NaN,NaN,NaN,raw
550,0.7318934217437345,18.587,0.012,6005.86103,0.7318934217437345,0.192756812692096,raw
810,0.7319718103169631,17.091492846385542,0.04669874470508646,NaN,NaN,NaN,raw
810,0.7321310689697066,17.090819277108437,0.06322401626123993,NaN,NaN,NaN,raw
810,0.73221381954092,17.090097515060243,0.04738672155819944,NaN,NaN,NaN,raw
550,0.7322944672658714,18.6955,0.10703153740837251,NaN,NaN,NaN,raw
810,0.7324479118688594,17.09009186746988,0.047386599806430924,NaN,NaN,NaN,raw
810,0.73246906267741,17.13,0.012,5325.86317,0.73246906267741,0.71628122562106,raw
810,0.7326714363050295,17.090048192771086,0.06268717980469085,NaN,NaN,NaN,raw
810,0.7326896844060109,17.09043561746988,0.04649640386487138,NaN,NaN,NaN,raw
810,0.7329228792963578,17.087403802710845,0.049521820209604134,NaN,NaN,NaN,raw
810,0.7331483481336177,17.088915850903614,0.048856513504202885,NaN,NaN,NaN,raw
810,0.7332120455417921,17.090463855421685,0.06260870706861153,NaN,NaN,NaN,raw
810,0.7332659336007055,17.165,0.012,5294.92284,0.7332659336007055,0.5366874664596253,raw
810,0.7333132516760088,17.177,0.014,6464.75592,0.7333132516760088,0.742643266918094,raw
810,0.7333829344827223,17.086916792168672,0.050104774106948774,NaN,NaN,NaN,raw
810,0.7335003378575493,17.156,0.011,5716.61906,0.7335003378575493,0.5207493486377643,raw
810,0.7336097241609878,17.088385542168673,0.05167919976026545,NaN,NaN,NaN,raw
810,0.7336591194871289,17.088,0.01,7190.64354,0.7336591194871289,0.37468715288923704,raw
810,0.7337551462250884,17.091253012048195,0.06236274011386079,NaN,NaN,NaN,raw
810,0.733831823581254,17.088685052710844,0.05166278631376362,NaN,NaN,NaN,raw
810,0.7340681330396976,17.08873079819277,0.05166484549883655,NaN,NaN,NaN,raw
810,0.7341293950012187,17.12,0.009,6360.80967,0.7341293950012187,0.4075680499263399,raw
810,0.7342973948815192,17.090903614457833,0.06215993339917482,NaN,NaN,NaN,raw
810,0.7343178539830604,17.090222138554218,0.05101672126716945,NaN,NaN,NaN,raw
550,0.7344074929751514,18.801,0.02,5705.84231,0.7344074929751514,0.4698983381913422,raw
810,0.734471350802778,17.157,0.01,7492.7493,0.734471350802778,0.5616046519444353,raw
550,0.7345064260383273,18.69890476190476,0.10733671351418883,NaN,NaN,NaN,raw
810,0.7345802301335329,17.09216378012048,0.0497788401655235,NaN,NaN,NaN,raw
810,0.7348425616043631,17.090819277108434,0.06210785234662862,NaN,NaN,NaN,raw
810,0.7348439410998253,17.05,0.007,7548.72064,0.7348439410998253,0.28109514722928,raw
810,0.7348481535180574,17.09057737198795,0.050658890991194847,NaN,NaN,NaN,raw
810,0.734849320117064,17.077,0.012,7207.67867,0.734849320117064,0.8118545339275443,raw
810,0.7348943945398787,16.991,0.014,5844.55374,0.7348943945398787,0.16570239563770883,raw
810,0.7351019592237467,17.09059450301205,0.050658988214956166,NaN,NaN,NaN,raw
810,0.7353535890941802,17.090063253012048,0.04980559223306116,NaN,NaN,NaN,raw
810,0.7353893265057502,17.090054216867472,0.061571860556696584,NaN,NaN,NaN,raw
810,0.7356079469354249,17.090059111445782,0.049805516301470114,NaN,NaN,NaN,raw
810,0.7356713602275704,17.046,0.009,5742.69336,0.7356713602275704,0.29218364021107845,raw
810,0.7358478679721971,17.091877259036146,0.05088441754836637,NaN,NaN,NaN,raw
810,0.7359440261565703,17.09099397590361,0.06124045968870793,NaN,NaN,NaN,raw
810,0.7360828762897287,17.088221009036147,0.052242128529102476,NaN,NaN,NaN,raw
810,0.7363206161573936,17.08822646837349,0.052242334758104254,NaN,NaN,NaN,raw
810,0.7364056964979682,16.978,0.014,6880.54313,0.7364056964979682,0.08767119830190495,raw
810,0.7364434934279416,16.994,0.009,6469.62407,0.7364434934279416,0.1553372930866317,raw
810,0.7365040894006509,17.091385542168677,0.061390223548053846,NaN,NaN,NaN,raw
810,0.7365585686527254,17.088200489457833,0.05224139295746229,NaN,NaN,NaN,raw
810,0.7368034810462234,17.08357548945783,0.051772112982150786,NaN,NaN,NaN,raw
810,0.7370085489237681,17.026,0.011,7174.65293,0.7370085489237681,0.17168822685380292,raw
810,0.7370321648140816,17.164,0.012,5671.77379,0.7370321648140816,0.5992853364568873,raw
810,0.7370488260379365,17.090584337349398,0.06119934240472155,NaN,NaN,NaN,raw
810,0.7370554491357331,17.080855045180723,0.048912864422726667,NaN,NaN,NaN,raw
550,0.7372183633960958,18.708714285714283,0.1077014595797302,NaN,NaN,NaN,raw
810,0.7373081181340473,17.081980045180725,0.051063671271079,NaN,NaN,NaN,raw
810,0.7375664771940764,17.082067206325306,0.051076657037039334,NaN,NaN,NaN,raw
810,0.7375862836243178,17.091692771084336,0.06106912781159141,NaN,NaN,NaN,raw
550,0.7376147047018872,18.707206436420723,0.051164837940715205,NaN,NaN,NaN,raw
550,0.7376147047018873,18.707206436420723,0.049303671508820465,NaN,NaN,NaN,raw
550,0.7376147047018873,18.707206436420723,0.04763187192031224,NaN,NaN,NaN,raw
810,0.7378259451605358,17.080653049698796,0.05143929752158408,NaN,NaN,NaN,raw
810,0.7380854772575971,17.081371799698797,0.05216242303358988,NaN,NaN,NaN,raw
810,0.7381215556066769,17.091722891566267,0.0611057331542257,NaN,NaN,NaN,raw
810,0.7383407767286855,17.081400037650603,0.052167993788340104,NaN,NaN,NaN,raw
550,0.7385718247449923,18.737999999999996,0.05460451502599951,NaN,NaN,NaN,raw
810,0.7386057903155262,17.0769625376506,0.05156579653647656,NaN,NaN,NaN,raw
810,0.7386565390747436,17.091132530120483,0.06079808032941093,NaN,NaN,NaN,raw
810,0.7388592835669272,17.077593185240964,0.051863277217588474,NaN,NaN,NaN,raw
810,0.7391142870943103,17.07888667168675,0.051668689356199844,NaN,NaN,NaN,raw
810,0.7391207473010581,17.039,0.013,5752.77633,0.7391207473010581,0.8590789669833612,raw
810,0.7391921264300666,17.09113855421687,0.060793132250330104,NaN,NaN,NaN,raw
810,0.7392908334932144,17.16,0.011,5641.87691,0.7392908334932144,0.651571363578114,raw
810,0.7393860101925303,17.079356739457833,0.0517193711715063,NaN,NaN,NaN,raw
810,0.7396730688107318,17.08251393072289,0.04917264639257515,NaN,NaN,NaN,raw
810,0.739732924024212,17.090879518072292,0.060589207477872116,NaN,NaN,NaN,raw
810,0.7398085421464202,17.149,0.013,5407.56283,0.7398085421464202,0.4671746085241466,raw
810,0.7399614511452886,17.08259167921687,0.04918691799507988,NaN,NaN,NaN,raw
810,0.7399893288384192,17.013,0.014,7856.73791,0.7399893288384192,0.112393953892024,raw
810,0.7402531557586916,17.08212292921687,0.04961648369566966,NaN,NaN,NaN,raw
810,0.7402791120703114,17.090222891566267,0.060524312821355127,NaN,NaN,NaN,raw
810,0.7405407997121889,17.082185805722894,0.04962936138575051,NaN,NaN,NaN,raw
810,0.7408265253924068,17.089632530120483,0.060464694649144064,NaN,NaN,NaN,raw
810,0.7408308134304227,17.08577842620482,0.04586225575737194,NaN,NaN,NaN,raw
810,0.7411031301926414,17.017,0.01,6805.8006,0.7411031301926414,0.21768041500581603,raw
810,0.7411247877654452,17.09084092620482,0.04431973510293728,NaN,NaN,NaN,raw
810,0.741303337935325,17.092081842321438,0.02995639736351907,NaN,NaN,NaN,raw
810,0.7413033379353251,17.092081842321438,0.02993249915679253,NaN,NaN,NaN,raw
810,0.7413762305403173,17.08994578313253,0.06025172005834389,NaN,NaN,NaN,raw
810,0.7414285880100943,17.090889871987955,0.044321220817554165,NaN,NaN,NaN,raw
810,0.7415857458036044,17.192,0.016,5827.52135,0.7415857458036044,0.734395717665393,raw
810,0.7417336920598988,17.092983057228913,0.04271018790811807,NaN,NaN,NaN,raw
810,0.7419266094080652,17.09078915662651,0.060176086082879304,NaN,NaN,NaN,raw
810,0.7420405907736441,17.093233057228915,0.043160329668494396,NaN,NaN,NaN,raw
810,0.7420581211517856,17.046,0.016,7292.50711,0.7420581211517856,0.25502913560740126,raw
810,0.7423542849681227,17.093496046686745,0.043169308262316325,NaN,NaN,NaN,raw
810,0.7424344221071806,17.143,0.011,6817.62107,0.7424344221071806,0.5009887262749544,raw
810,0.7424669779563472,17.091807228915666,0.059855271473644125,NaN,NaN,NaN,raw
810,0.7426582514279759,17.09354499246988,0.043168085642910206,NaN,NaN,NaN,raw
810,0.7429467583197493,17.094928652108436,0.04381259037084615,NaN,NaN,NaN,raw
810,0.7429517855816812,17.015,0.012,7958.59959,0.7429517855816812,0.9886933348607272,raw
810,0.7429543456491956,17.111,0.011,6565.57698,0.7429543456491956,0.39311606951196154,raw
810,0.7430040539760827,17.091391566265063,0.0596810486235343,NaN,NaN,NaN,raw
810,0.743234080683784,17.095000000000002,0.04380806783236957,NaN,NaN,NaN,raw
550,0.7432777919931963,18.675666666666668,0.05345078478897731,NaN,NaN,NaN,raw
810,0.7435133723922502,17.096031250000003,0.0428246687173863,NaN,NaN,NaN,raw
810,0.7435444592601048,17.092042168674702,0.05967318593905325,NaN,NaN,NaN,raw
810,0.7437914303826834,17.093339420180726,0.045749457761312146,NaN,NaN,NaN,raw
810,0.7440756287781082,17.091262048192775,0.04410460639847361,NaN,NaN,NaN,raw
810,0.7440802703223275,17.09203012048193,0.05968497346028633,NaN,NaN,NaN,raw
550,0.7440896178637298,18.70428571428571,0.10338607894045124,NaN,NaN,NaN,raw
810,0.7443468877788527,17.092765813253013,0.04490423835393022,NaN,NaN,NaN,raw
810,0.7446175320729148,17.08910956325301,0.04494101091996069,NaN,NaN,NaN,raw
810,0.744617561211567,17.0925421686747,0.05892240428035356,NaN,NaN,NaN,raw
810,0.7448965008923614,17.09161012801205,0.042741929549640005,NaN,NaN,NaN,raw
810,0.7450059078564664,17.031,0.01,5353.67931,0.7450059078564664,0.21341151311571593,raw
810,0.745148632668484,17.093006024096386,0.05919679526419417,NaN,NaN,NaN,raw
810,0.7451829910973629,17.091716490963854,0.042742600992327386,NaN,NaN,NaN,raw
810,0.7454661256830535,17.09022797439759,0.04363755148879466,NaN,NaN,NaN,raw
810,0.7456861354814508,17.092963855421687,0.059151975972145394,NaN,NaN,NaN,raw
810,0.7457433376302512,17.09260033885542,0.04154131278772641,NaN,NaN,NaN,raw
810,0.7458506721486629,17.156,0.009,6749.83104,0.7458506721486629,0.5019972377685917,raw
810,0.7460284432536646,17.092677899096383,0.04153851355044386,NaN,NaN,NaN,raw
550,0.7460627946524514,18.714849816849814,0.05495006272517783,NaN,NaN,NaN,raw
550,0.7460627946524514,18.714849816849814,0.05441913179355602,NaN,NaN,NaN,raw
810,0.7462256972294199,17.092951807228914,0.05915422136927364,NaN,NaN,NaN,raw
810,0.7463081421637134,17.091677899096382,0.03940045721429548,NaN,NaN,NaN,raw
810,0.7465789653117678,17.088621987951804,0.04309104383515722,NaN,NaN,NaN,raw
810,0.7467718785175135,17.09298192771084,0.05911554919191229,NaN,NaN,NaN,raw
810,0.7468529236539325,17.172,0.01,6433.82002,0.7468529236539325,0.5725250240247988,raw
810,0.7468532564416943,17.089371987951807,0.042530491680910464,NaN,NaN,NaN,raw
810,0.7470870402612491,17.099,0.009,6726.88675,0.7470870402612491,0.42547506452501693,raw
810,0.7471215617936275,17.08776769578313,0.041395436772340664,NaN,NaN,NaN,raw
810,0.7473132103396202,17.09325903614458,0.05872699350671778,NaN,NaN,NaN,raw
810,0.7473537761434272,17.136,0.013,7074.88176,0.7473537761434272,0.7668700016911316,raw
810,0.7473992293745815,17.086304969879517,0.042069581218621824,NaN,NaN,NaN,raw
810,0.7476676775487124,17.08869954819277,0.040010390355784624,NaN,NaN,NaN,raw
810,0.7478508547238529,17.093415662650607,0.058806530212373795,NaN,NaN,NaN,raw
550,0.7479305621908722,18.67778571428571,0.05550266586720984,NaN,NaN,NaN,raw
810,0.7479386993807896,17.08810579819277,0.03980925204927969,NaN,NaN,NaN,raw
810,0.7480580819719762,17.072,0.012,7924.87958,0.7480580819719762,0.8635232621782052,raw
810,0.7480899821239291,17.005,0.009,7136.76323,0.7480899821239291,0.12779006362507062,raw
810,0.7482087125607493,17.08615606174699,0.041148482121473796,NaN,NaN,NaN,raw
810,0.7483851821468076,17.093524096385547,0.058864992097451864,NaN,NaN,NaN,raw
810,0.7484132120480353,17.139,0.01,6395.92701,0.7484132120480353,0.5215469603808742,raw
810,0.7484691595564072,17.032,0.013,7600.52482,0.7484691595564072,0.08726907706841303,raw
810,0.7484744900877571,17.0850922439759,0.041430481182832456,NaN,NaN,NaN,raw
550,0.7485253947197634,18.614,0.015,6152.57396,0.7485253947197634,0.0033110833373939386,raw
810,0.7487236898155156,17.088591302710842,0.04645850004854053,NaN,NaN,NaN,raw
810,0.7489163310607094,17.09301807228916,0.05875480358353851,NaN,NaN,NaN,raw
810,0.7489562913400868,17.08858546686747,0.0464579994811622,NaN,NaN,NaN,raw
810,0.7491931881806686,17.09052108433735,0.04525615245139345,NaN,NaN,NaN,raw
810,0.749442160107783,17.09052748493976,0.045256529717042644,NaN,NaN,NaN,raw
810,0.7494467986303592,17.093626506024098,0.05870454235553399,NaN,NaN,NaN,raw
810,0.749689932864869,17.08846611445783,0.04662360866733964,NaN,NaN,NaN,raw
810,0.7498868321345071,17.042,0.009,7268.52217,0.7498868321345071,0.9526162157089857,raw
810,0.7499335602976072,17.086507906626508,0.04498271502455733,NaN,NaN,NaN,raw
810,0.7499739125029689,17.092915662650604,0.058634709922877955,NaN,NaN,NaN,raw
810,0.7501674012638813,17.084728162650602,0.045838056213848566,NaN,NaN,NaN,raw
810,0.7503953204203073,17.084884977409637,0.04587577174969887,NaN,NaN,NaN,raw
810,0.7504045430632625,17.0887599648906,0.030018510724292943,NaN,NaN,NaN,raw
810,0.7504045430632625,17.088759964890603,0.02992396399897596,NaN,NaN,NaN,raw
810,0.7504045430632628,17.0887599648906,0.030113959329944276,NaN,NaN,NaN,raw
810,0.7504996104895458,17.092427710843374,0.05823289877880492,NaN,NaN,NaN,raw
810,0.750536110925168,17.16,0.013,6143.53583,0.750536110925168,0.6712686732371367,raw
810,0.7505929501458013,16.993,0.01,7155.8847,0.7505929501458013,0.027519209308593418,raw
810,0.7506245831555147,17.08243655873494,0.043082125750655564,NaN,NaN,NaN,raw
810,0.7508354373094335,17.07,0.01,7819.89107,0.7508354373094335,0.2991136007440218,raw
810,0.7508550169728792,17.08187405873494,0.042976267813126266,NaN,NaN,NaN,raw
810,0.7510201933690436,17.091662650602405,0.058556427509101734,NaN,NaN,NaN,raw
810,0.7510867751888116,17.08188215361446,0.04297850576579643,NaN,NaN,NaN,raw
550,0.7511766739891235,18.715071428571427,0.0962676271856534,NaN,NaN,NaN,raw
810,0.7513191101787715,17.08003840361446,0.041832239292195504,NaN,NaN,NaN,raw
810,0.7513523405468732,17.045,0.01,5695.76643,0.7513523405468732,0.9181681153368118,raw
810,0.7515421271538733,17.091626506024095,0.05851334182868519,NaN,NaN,NaN,raw
810,0.7515509804268385,17.080036521084338,0.04183161922162612,NaN,NaN,NaN,raw
810,0.751627044275665,17.092,0.013,6512.73761,0.751627044275665,0.3727300202972401,raw
810,0.7516444757347926,17.029,0.014,6937.56258,0.7516444757347926,0.04900895297214447,raw
550,0.7517298592141568,18.640690476190475,0.0652659525160172,NaN,NaN,NaN,raw
810,0.7517902657088025,17.082817771084336,0.04417318678929663,NaN,NaN,NaN,raw
810,0.7520315780743336,17.085569465361445,0.0418508351193863,NaN,NaN,NaN,raw
810,0.7520493401243584,17.058,0.011,6337.87118,0.7520493401243584,0.3434517444893572,raw
810,0.7520546616106003,17.204,0.015,7500.7513,0.7520546616106003,0.6774243365052826,raw
810,0.7520608099978426,17.092355421686747,0.05844448441303884,NaN,NaN,NaN,raw
810,0.7522804944754431,17.085563064759036,0.041849594950176594,NaN,NaN,NaN,raw
810,0.7525326672811876,17.08303181475904,0.04095325098886779,NaN,NaN,NaN,raw
810,0.752586606755084,17.092939759036145,0.058382614555754664,NaN,NaN,NaN,raw
810,0.7527843852438569,17.087750564759034,0.04350346387990055,NaN,NaN,NaN,raw
550,0.7528004309980779,18.70359734093067,0.05245247506823201,NaN,NaN,NaN,raw
810,0.7530233803652756,17.090125,0.045812522017107546,NaN,NaN,NaN,raw
810,0.7531157343361434,17.093210843373495,0.05823961062150919,NaN,NaN,NaN,raw
810,0.7532471071729204,17.08773042168675,0.04759164988146032,NaN,NaN,NaN,raw
810,0.7534591719762701,17.087855421686747,0.04747276839720369,NaN,NaN,NaN,raw
810,0.7536148637082078,17.027,0.009,6763.73963,0.7536148637082078,0.251674631732385,raw
810,0.7536467499962837,17.09333734939759,0.05833836039466465,NaN,NaN,NaN,raw
810,0.7536752009054476,17.08788215361446,0.047475950474456206,NaN,NaN,NaN,raw
810,0.7537086081501911,17.036,0.011,7209.77111,0.7537086081501911,0.28746384919395496,raw
810,0.753891600294986,17.08795670180723,0.047485190318640944,NaN,NaN,NaN,raw
810,0.7540652915231476,17.098,0.02,6444.94724,0.7540652915231476,0.3730112912653567,raw
810,0.75412073250572,17.086956701807228,0.04623968802327602,NaN,NaN,NaN,raw
810,0.7541893311805675,17.09365060240964,0.058222131319563254,NaN,NaN,NaN,raw
810,0.7543508926243668,17.090112198795183,0.04294938860317901,NaN,NaN,NaN,raw
810,0.7544609224169108,17.081,0.01,6826.66408,0.7544609224169108,0.8434691768707125,raw
810,0.7545901678775655,17.090857868975903,0.04279580661059837,NaN,NaN,NaN,raw
810,0.7547294732494594,17.093518072289157,0.058030788368637926,NaN,NaN,NaN,raw
810,0.7547884958221402,17.077,0.009,6741.83826,0.7547884958221402,0.40589860513136955,raw
810,0.7548400316376513,17.090928840361446,0.04279906731835853,NaN,NaN,NaN,raw
550,0.7550409547775848,18.673071428571422,0.06937170657745889,NaN,NaN,NaN,raw
810,0.7550897324695383,17.090178840361446,0.04382779696844062,NaN,NaN,NaN,raw
810,0.7552707026620025,17.09335542168675,0.057934656510353205,NaN,NaN,NaN,raw
810,0.7553393185508666,17.090234751506024,0.043830844438215485,NaN,NaN,NaN,raw
550,0.7554875089335837,18.593,0.014,7936.70217,0.7554875089335837,0.15136613202412263,raw
810,0.7556022404686743,17.09027861445783,0.04383337021356651,NaN,NaN,NaN,raw
810,0.755715210994822,17.161,0.012,5743.74327,0.755715210994822,0.5378809964986431,raw
810,0.7558119778209238,17.093054216867472,0.058160202578124105,NaN,NaN,NaN,raw
810,0.7558805058720908,17.092314947289157,0.04238442310291325,NaN,NaN,NaN,raw
810,0.7561599656748457,17.09047119728916,0.04512026992630117,NaN,NaN,NaN,raw
810,0.7563505069823125,17.093319277108435,0.05822350240411107,NaN,NaN,NaN,raw
810,0.7564412609223357,17.087029932228916,0.04010264062724596,NaN,NaN,NaN,raw
810,0.75648274183186,17.058,0.008,6498.48576,0.75648274183186,0.8888391465861787,raw
810,0.7565241343618254,17.183,0.011,6478.66988,0.7565241343618254,0.5038067833156674,raw
810,0.7565641749461065,17.169,0.013,7557.76702,0.7565641749461065,0.6307838348129735,raw
810,0.7566060564749932,17.017,0.008,6400.79692,0.7566060564749932,0.9380055257443018,raw
810,0.7566729058416968,17.046,0.011,6118.50736,0.7566729058416968,0.13680485163422418,raw
810,0.7567381072145181,17.087086596385543,0.04011168818607826,NaN,NaN,NaN,raw
810,0.7568868382366484,17.093771084337355,0.05879029507648959,NaN,NaN,NaN,raw
810,0.7570338681774615,17.08712688253012,0.04011840325825213,NaN,NaN,NaN,raw
810,0.7573181039205096,17.0856202936747,0.04078230973721629,NaN,NaN,NaN,raw
810,0.7574243909547729,17.094813253012052,0.05868690478284006,NaN,NaN,NaN,raw
810,0.7575970850429865,17.087708396084338,0.039370227582923904,NaN,NaN,NaN,raw
810,0.7578683416686545,17.128,0.018,7294.59849,0.7578683416686545,0.7283711715863319,raw
810,0.7578779376744488,17.089135353915665,0.04039500298776585,NaN,NaN,NaN,raw
810,0.7579580739425018,17.093975903614464,0.05862794367433977,NaN,NaN,NaN,raw
810,0.7581569767922484,17.092541603915663,0.04036552979086573,NaN,NaN,NaN,raw
810,0.7584256093491158,17.094635353915663,0.04234680156239714,NaN,NaN,NaN,raw
550,0.7584586814100476,18.71114285714285,0.09170341587703486,NaN,NaN,NaN,raw
810,0.758492245411792,17.093861445783137,0.05849111889348836,NaN,NaN,NaN,raw
810,0.7587021466559055,17.094640248493974,0.042346693121599485,NaN,NaN,NaN,raw
810,0.7589802248499201,17.097358998493974,0.04419516120077255,NaN,NaN,NaN,raw
810,0.7590158336917893,17.093933734939764,0.05850367878017724,NaN,NaN,NaN,raw
550,0.7591273352301552,18.69637940190321,0.0563395019171174,NaN,NaN,NaN,raw
550,0.7591273352301553,18.69637940190321,0.054290102486217094,NaN,NaN,NaN,raw
550,0.7591273352301553,18.696379401903208,0.05244922191446719,NaN,NaN,NaN,raw
810,0.7592510829956021,17.096780308734942,0.044367976086064895,NaN,NaN,NaN,raw
810,0.7593427671672544,17.021,0.019,6580.53151,0.7593427671672544,0.3799992171461781,raw
810,0.7595230630545851,17.095874058734942,0.04507556845500934,NaN,NaN,NaN,raw
810,0.7595288817563809,17.093415662650607,0.05832231857619931,NaN,NaN,NaN,raw
550,0.7597739561326654,18.675761904761902,0.07192461094690417,NaN,NaN,NaN,raw
810,0.7597813793465248,17.095858810240962,0.045076530486332825,NaN,NaN,NaN,raw
810,0.7600405456455136,17.093403614457834,0.058316584149421105,NaN,NaN,NaN,raw
810,0.7600414737648085,17.093726468373497,0.043481326391693824,NaN,NaN,NaN,raw
810,0.7603003307231911,17.089381024096387,0.050009089425229455,NaN,NaN,NaN,raw
810,0.7605465412252517,17.088308546686747,0.050289122122147055,NaN,NaN,NaN,raw
810,0.7605489686441188,17.09416265060241,0.05780650107267397,NaN,NaN,NaN,raw
810,0.7607983209682156,17.089397025602413,0.04998799994038586,NaN,NaN,NaN,raw
810,0.7609920538125152,16.999,0.01,5387.7543,0.7609920538125152,0.09786347427871078,raw
810,0.7610536273380244,17.08530327560241,0.047370721778763704,NaN,NaN,NaN,raw
810,0.7610561095302782,17.09387951807229,0.05778442646236541,NaN,NaN,NaN,raw
810,0.7613092393337506,17.08086577560241,0.04590577622245045,NaN,NaN,NaN,raw
810,0.761559891347681,17.094168674698796,0.057864799427444505,NaN,NaN,NaN,raw
810,0.7615683660271297,17.08174077560241,0.04490512061268069,NaN,NaN,NaN,raw
810,0.7618299169607201,17.083190700301206,0.0444607319394492,NaN,NaN,NaN,raw
810,0.7618871619650126,17.092278018622107,0.02826124257345504,NaN,NaN,NaN,raw
810,0.762050957569275,17.09422891566265,0.05775661059920323,NaN,NaN,NaN,raw
810,0.7620921391936166,17.085072853915662,0.04616523952363426,NaN,NaN,NaN,raw
810,0.7622112781136821,17.045,0.009,7849.79269,0.7622112781136821,0.2569661621382693,raw
810,0.7623414839042149,17.085828689759033,0.046526442084763725,NaN,NaN,NaN,raw
810,0.7625422596274692,17.093819277108434,0.05774250985472266,NaN,NaN,NaN,raw
810,0.762581622339256,17.084737387048193,0.04591086444862612,NaN,NaN,NaN,raw
810,0.7626340342030744,17.139,0.012,5377.6731,0.7626340342030744,0.5347540761285927,raw
810,0.7626378599197778,17.145,0.013,6010.73878,0.7626378599197778,0.6259846890188783,raw
810,0.7626615333429072,17.165,0.011,6132.76298,0.7626615333429072,0.628759539416933,raw
810,0.7628321730644263,17.084738140060242,0.0459110210604581,NaN,NaN,NaN,raw
810,0.763038524997836,17.093807228915665,0.05775779266984441,NaN,NaN,NaN,raw
810,0.7630690430950846,17.084704631024096,0.045904538298478,NaN,NaN,NaN,raw
810,0.7632961121091233,17.08336295180723,0.04625220072246353,NaN,NaN,NaN,raw
810,0.7633594246253779,17.168,0.011,7625.5606,0.7633594246253779,0.6373685699891212,raw
810,0.7633969339112809,17.075,0.011,6390.71751,0.7633969339112809,0.3787248350727168,raw
810,0.7634918577095959,17.048,0.01,7120.77681,0.7634918577095959,0.9337533076086402,raw
810,0.7635226188668086,17.08559732680723,0.04484807267440461,NaN,NaN,NaN,raw
810,0.7635368240040757,17.092867469879515,0.057352661523792606,NaN,NaN,NaN,raw
810,0.7637540170030209,17.084428087349398,0.04512454657462519,NaN,NaN,NaN,raw
810,0.7639749963348765,17.084420557228917,0.04512302055506264,NaN,NaN,NaN,raw
810,0.764038232379899,17.092765060240964,0.0572777304733538,NaN,NaN,NaN,raw
810,0.7640954004891682,16.954,0.017,6054.89049,0.7640954004891682,0.06396358492747822,raw
810,0.7641807569170029,17.083290474397593,0.045323556210585904,NaN,NaN,NaN,raw
810,0.7642292430482485,17.059,0.013,5380.80248,0.7642292430482485,0.228318660543664,raw
810,0.764378810572143,17.08832172439759,0.04459509707202883,NaN,NaN,NaN,raw
810,0.7645396936067114,17.09283132530121,0.05721799235504527,NaN,NaN,NaN,raw
810,0.7645844695082709,17.088305346385546,0.04459308626543969,NaN,NaN,NaN,raw
810,0.7646939381957054,17.052,0.009,7200.7361,0.7646939381957054,0.9620949403943087,raw
810,0.7647437588093453,17.027,0.01,7090.87958,0.7647437588093453,0.9852907047752524,raw
810,0.7647753124450851,17.09058132530121,0.0467103466298803,NaN,NaN,NaN,raw
810,0.7648981106631254,17.045,0.012,5471.53865,0.7648981106631254,0.3077893663321447,raw
810,0.7649577256962452,17.09101167168675,0.046808370469820414,NaN,NaN,NaN,raw
810,0.76504253571659,17.09239759036145,0.05713873382609523,NaN,NaN,NaN,raw
810,0.7651437788410307,17.09252466114458,0.04604947647112298,NaN,NaN,NaN,raw
550,0.7651952557161644,18.723476190476187,0.012503332889010194,NaN,NaN,NaN,raw
810,0.7652779496893345,17.154,0.011,7934.61969,0.7652779496893345,0.6970606862960267,raw
810,0.7653224158310314,17.09112405873494,0.04668602363591859,NaN,NaN,NaN,raw
550,0.7653756780543647,18.723142857142854,0.08983220010566437,NaN,NaN,NaN,raw
810,0.7654034216939181,17.119,0.01,6889.59204,0.7654034216939181,0.44277141097700223,raw
810,0.7655090912146199,17.091374058734942,0.04697121422921836,NaN,NaN,NaN,raw
810,0.7655527715899673,17.093078313253017,0.057027902895449276,NaN,NaN,NaN,raw
810,0.7656983805117367,17.089753388554215,0.045944730302696524,NaN,NaN,NaN,raw
810,0.7659024163437212,17.088565888554214,0.04440233866637006,NaN,NaN,NaN,raw
810,0.765975697147951,17.094,0.011,5712.80623,0.765975697147951,0.3653243588996702,raw
810,0.7660720863928566,17.09278915662651,0.056782179261707214,NaN,NaN,NaN,raw
810,0.7660956424096348,17.088547439759033,0.04440021327868191,NaN,NaN,NaN,raw
810,0.7662799429004217,17.086422439759033,0.042039420410584845,NaN,NaN,NaN,raw
810,0.7662820421410288,17.051,0.014,5382.54143,0.7662820421410288,0.947833111988075,raw
810,0.7664783265923792,17.087001882530117,0.042004674550301734,NaN,NaN,NaN,raw
810,0.7665909834131854,17.0925,0.056554478964173024,NaN,NaN,NaN,raw
810,0.7666755029214177,17.08928313253012,0.041799971873343625,NaN,NaN,NaN,raw
810,0.7668806019352111,17.087443524096386,0.04291756963364721,NaN,NaN,NaN,raw
810,0.7669336221151752,17.056,0.01,5981.88555,0.7669336221151752,0.9105782909718982,raw
810,0.7670752323043524,17.08747533885542,0.04292201885469935,NaN,NaN,NaN,raw
810,0.7671118842648954,17.09316265060241,0.05633205710050138,NaN,NaN,NaN,raw
810,0.7671333072721609,17.058,0.009,7182.65929,0.7671333072721609,0.2968337016936857,raw
810,0.7672737794554103,17.09103783885542,0.03559122242297949,NaN,NaN,NaN,raw
810,0.7673297707769962,17.16,0.019,5343.6053,0.7673297707769962,0.6656811131579161,raw
810,0.7674735248396467,17.092162838855423,0.03511160277064549,NaN,NaN,NaN,raw
810,0.7676371954863739,17.093355421686745,0.05639310242157449,NaN,NaN,NaN,raw
810,0.7676668653257366,17.167,0.011,7534.82616,0.7676668653257366,0.5615982351137063,raw
810,0.7676687485908401,17.092175828313252,0.03511193493842878,NaN,NaN,NaN,raw
810,0.7678714055109636,17.095175828313252,0.03566534786695096,NaN,NaN,NaN,raw
810,0.7678881816063949,17.108,0.011,6101.82419,0.7678881816063949,0.45245975205034483,raw
810,0.7680764912578338,17.099269578313255,0.03510131875314986,NaN,NaN,NaN,raw
810,0.7681649787468211,17.093415662650603,0.05644102952463443,NaN,NaN,NaN,raw
810,0.7682586433074903,17.049,0.013,7917.58601,0.7682586433074903,0.26299477220891276,raw
810,0.7682768015029096,17.100777108433736,0.03370345645165509,NaN,NaN,NaN,raw
810,0.7684888589744215,17.100800263554216,0.03369776785502212,NaN,NaN,NaN,raw
810,0.7686076464779035,17.147,0.013,5769.47365,0.7686076464779035,0.5736901061281969,raw
810,0.7686951174275171,17.093138554216868,0.056457214331015776,NaN,NaN,NaN,raw
810,0.768709841647291,17.098917545180726,0.032282897697149746,NaN,NaN,NaN,raw
810,0.7689430404472781,17.098110692771087,0.032086839724120235,NaN,NaN,NaN,raw
810,0.7691875093854668,17.098108998493977,0.032087115450145504,NaN,NaN,NaN,raw
810,0.7691906799664139,17.127,0.01,5648.84025,0.7691906799664139,0.5457567975063284,raw
810,0.7692217591070677,17.09321686746988,0.05654272681953346,NaN,NaN,NaN,raw
810,0.7692570403305581,17.1,0.012,7546.64672,0.7692570403305581,0.845099051228317,raw
810,0.7694299641874585,17.09879649849398,0.03223159709068556,NaN,NaN,NaN,raw
810,0.7694757981170883,17.094266177647597,0.026720865936038972,NaN,NaN,NaN,raw
810,0.7694757981170884,17.094266177647597,0.026636172011621828,NaN,NaN,NaN,raw
810,0.7694757981170884,17.0942661776476,0.02655227834808173,NaN,NaN,NaN,raw
810,0.7696740955509325,17.098775978915665,0.03223575365554794,NaN,NaN,NaN,raw
810,0.7697452120539244,17.093542168674702,0.05596455614368126,NaN,NaN,NaN,raw
810,0.7698015002388274,17.121,0.011,5716.63168,0.7698015002388274,0.5477428058275109,raw
810,0.76992756734244,17.100036332831326,0.031075093848402856,NaN,NaN,NaN,raw
810,0.7700999924454663,17.034,0.011,7471.90285,0.7700999924454663,0.9722420846828754,raw
810,0.7701719410623191,17.099333207831325,0.0315027238214095,NaN,NaN,NaN,raw
810,0.7702664041924173,17.093783132530124,0.05583157533755639,NaN,NaN,NaN,raw
810,0.7704107858833886,17.101114457831326,0.030571203459822102,NaN,NaN,NaN,raw
550,0.7704158537850335,18.75542857142857,0.04513268420638795,NaN,NaN,NaN,raw
810,0.7704489093230222,17.068,0.012,6362.90818,0.7704489093230222,0.8961607475357596,raw
810,0.7706210953438131,17.095,0.01,5765.65023,0.7706210953438131,0.395613712933482,raw
810,0.7706542002444517,17.101033132530123,0.030596490165655715,NaN,NaN,NaN,raw
810,0.7707868536449003,17.09324698795181,0.05603423593601669,NaN,NaN,NaN,raw
810,0.770907591059257,17.10350188253012,0.030196792894444942,NaN,NaN,NaN,raw
810,0.7711582564103888,17.10156438253012,0.028389766311656798,NaN,NaN,NaN,raw
810,0.7711789596396557,17.148,0.015,5340.82546,0.7711789596396557,0.7197625688022526,raw
810,0.7713065027091943,17.158,0.016,5430.5185,0.7713065027091943,0.5680379499772243,raw
810,0.7713080385055507,17.093240963855425,0.056035614294557175,NaN,NaN,NaN,raw
810,0.771401110551214,17.101490210843373,0.028414994357232028,NaN,NaN,NaN,raw
810,0.7716588632330816,17.09911991716867,0.025819071916709322,NaN,NaN,NaN,raw
550,0.7717514076840806,18.736142857142855,0.09127882654714677,NaN,NaN,NaN,raw
810,0.7718283748049708,17.09313855421687,0.05614158579946649,NaN,NaN,NaN,raw
810,0.7719099816295587,17.099557417168675,0.02609157324917163,NaN,NaN,NaN,raw
810,0.7721681274554739,17.0994734563253,0.026116285700109602,NaN,NaN,NaN,raw
810,0.7723493952211553,17.093753012048197,0.0559933369138808,NaN,NaN,NaN,raw
810,0.7724333531826928,17.1001297063253,0.02504911647801209,NaN,NaN,NaN,raw
810,0.7726935749090493,17.09839156626506,0.023578469199607367,NaN,NaN,NaN,raw
810,0.7728657832935111,17.093180722891564,0.05562158826109139,NaN,NaN,NaN,raw
810,0.7729670767455281,17.09835109186747,0.02358888665003294,NaN,NaN,NaN,raw
810,0.7732411564607563,17.09727390813253,0.023018573252606634,NaN,NaN,NaN,raw
810,0.773375777611999,17.09302409638554,0.055553845221330084,NaN,NaN,NaN,raw
810,0.77351981942688,17.098954631024096,0.02462055674248275,NaN,NaN,NaN,raw
810,0.7737342508116853,17.116,0.014,6403.9317,0.7737342508116853,0.6431204008713394,raw
810,0.7738079648093887,17.098738328313253,0.024641472632370723,NaN,NaN,NaN,raw
810,0.7738842900240255,17.092132530120477,0.055579322748627084,NaN,NaN,NaN,raw
810,0.7740969806569922,17.09875753012048,0.02463753201402698,NaN,NaN,NaN,raw
550,0.7741204756166553,18.807,0.012,6368.81946,0.7741204756166553,0.5400500983159873,raw
810,0.7743860901471464,17.099570030120482,0.025796180593598016,NaN,NaN,NaN,raw
810,0.7743931394692678,17.0913313253012,0.05530646173593175,NaN,NaN,NaN,raw
810,0.7744109424493217,17.07,0.008,6377.85839,0.7744109424493217,0.8738036625982204,raw
810,0.7745766563893994,17.113,0.009,7579.67506,0.7745766563893994,0.4908266093880229,raw
810,0.7746723384398422,17.099726280120482,0.02539827869360446,NaN,NaN,NaN,raw
550,0.7747232061358642,18.757,0.04349900303807064,NaN,NaN,NaN,raw
810,0.7749011438189148,17.090560240963853,0.05529167275734405,NaN,NaN,NaN,raw
810,0.7749614016583739,17.099738516566266,0.025395417188228513,NaN,NaN,NaN,raw
810,0.7752418133459287,17.137,0.011,6810.67953,0.7752418133459287,0.6534322437491937,raw
810,0.775249773151899,17.103113516566268,0.028076349857404113,NaN,NaN,NaN,raw
810,0.7753510620132147,17.098,0.011,7827.89548,0.7753510620132147,0.4200881372744334,raw
810,0.7754085279927813,17.09098192771084,0.05553840853794857,NaN,NaN,NaN,raw
810,0.775543292643619,17.105394766566263,0.03027541288821103,NaN,NaN,NaN,raw
810,0.7758326568798076,17.105445971385542,0.03025558373547362,NaN,NaN,NaN,raw
810,0.7759149511454988,17.09115060240963,0.05566943750714729,NaN,NaN,NaN,raw
810,0.7759239702936611,17.122,0.009,7142.68291,0.7759239702936611,0.7896465332978551,raw
810,0.7761263298667656,17.10378012048193,0.02928910115050577,NaN,NaN,NaN,raw
810,0.7764200947581186,17.101155120481927,0.028009189202546116,NaN,NaN,NaN,raw
810,0.7764256451761089,17.090728915662645,0.05543223005178538,NaN,NaN,NaN,raw
810,0.7767217219724754,17.099553840361445,0.0298785705603645,NaN,NaN,NaN,raw
810,0.7767458665784943,17.07,0.013,5439.55922,0.7767458665784943,0.9056202217361715,raw
810,0.7769347417213093,17.091379518072287,0.05558488405604456,NaN,NaN,NaN,raw
810,0.7770113788004922,17.099611634036144,0.02986754787560114,NaN,NaN,NaN,raw
810,0.7773013461712537,17.09964006024096,0.02986222450662102,NaN,NaN,NaN,raw
810,0.7774471761948402,17.091843373493973,0.0557850815134267,NaN,NaN,NaN,raw
810,0.7775836492259594,17.1003844126506,0.029992601539396625,NaN,NaN,NaN,raw
810,0.7778580693696296,17.10043542921687,0.02998106421352819,NaN,NaN,NaN,raw
810,0.7779612308537165,17.09253012048193,0.05523510902565784,NaN,NaN,NaN,raw
810,0.7781379106198612,17.09979951054217,0.029855830302505493,NaN,NaN,NaN,raw
810,0.7781389740230225,17.147,0.012,7263.66493,0.7781389740230225,0.5632580546698591,raw
550,0.7782977351068568,18.727857142857143,0.08447562884129246,NaN,NaN,NaN,raw
810,0.7784226711686671,17.098232868975906,0.03153899267073799,NaN,NaN,NaN,raw
810,0.7784776925708388,17.093078313253017,0.0552220850597817,NaN,NaN,NaN,raw
550,0.7786409510765572,18.729285714285712,0.07700993839917604,NaN,NaN,NaN,raw
810,0.7786983914352661,17.098389871987955,0.03151602486610796,NaN,NaN,NaN,raw
810,0.7789836014988325,17.09767112198795,0.03243328506614717,NaN,NaN,NaN,raw
810,0.7789937191772364,17.094156626506027,0.05470659633989329,NaN,NaN,NaN,raw
810,0.7790530039237638,17.147,0.009,6398.71884,0.7790530039237638,0.49311142800615926,raw
810,0.7792599378117302,17.039,0.011,6182.48231,0.7792599378117302,0.9755587292711425,raw
810,0.7792702236363374,17.09712198795181,0.032313917023787726,NaN,NaN,NaN,raw
810,0.7795164271854292,17.094174698795182,0.05467379482730114,NaN,NaN,NaN,raw
810,0.7795634412927597,17.09728878012048,0.03229272295628454,NaN,NaN,NaN,raw
810,0.779676797115826,17.176,0.011,5766.69632,0.779676797115826,0.6331403080112068,raw
810,0.7798544204941549,17.095351280120482,0.031687538187957644,NaN,NaN,NaN,raw
810,0.7800137190788519,17.168,0.011,7602.62167,0.7800137190788519,0.5723111297538708,raw
810,0.7800465092029397,17.094885542168672,0.05454899523009902,NaN,NaN,NaN,raw
810,0.7801504351254318,17.095278990963855,0.031683939132097994,NaN,NaN,NaN,raw
810,0.7804468573535999,17.097279555722892,0.033379583210763605,NaN,NaN,NaN,raw
810,0.7805764952223092,17.094692771084336,0.054359484206379725,NaN,NaN,NaN,raw
810,0.780706979232491,17.074,0.011,6572.54305,0.780706979232491,0.2931408170807117,raw
810,0.7807280525254023,17.099337349397594,0.034980896517932736,NaN,NaN,NaN,raw
810,0.780960109364969,17.042,0.013,5390.54242,0.780960109364969,0.06149246439781564,raw
810,0.7810188645314307,17.09808734939759,0.03485941568040402,NaN,NaN,NaN,raw
810,0.7810973933015067,17.09498795180723,0.05418799911327874,NaN,NaN,NaN,raw
810,0.781298195612835,17.098265060240966,0.03483517970705176,NaN,NaN,NaN,raw
810,0.7815845237722313,17.099085655120483,0.034455087443796203,NaN,NaN,NaN,raw
810,0.7816283510855243,17.094662650602412,0.05395694739628688,NaN,NaN,NaN,raw
810,0.7818650872503958,17.100761295180725,0.03536019197122163,NaN,NaN,NaN,raw
810,0.7818994810440927,17.117,0.013,7618.6141,0.7818994810440927,0.779202931547843,raw
810,0.7821363375491381,17.098922439759036,0.03731491866509802,NaN,NaN,NaN,raw
810,0.7821572222094483,17.094656626506026,0.05395089954656829,NaN,NaN,NaN,raw
550,0.7823663328686269,18.701666666666664,0.042187466301322175,NaN,NaN,NaN,raw
810,0.7824013505349707,17.099045180722893,0.0372996706127659,NaN,NaN,NaN,raw
810,0.7826620116498784,17.095920180722892,0.037341391203338785,NaN,NaN,NaN,raw
810,0.7826891708190958,17.095650602409638,0.05395731954951285,NaN,NaN,NaN,raw
810,0.7829194417080663,17.09819898343374,0.039334256238445296,NaN,NaN,NaN,raw
810,0.7829966275858169,17.042,0.012,5829.62163,0.7829966275858169,0.22677434389515838,raw
810,0.7831687568632165,17.098253012048197,0.0393297117755652,NaN,NaN,NaN,raw
810,0.7832161880004309,17.09635542168675,0.05368719897762903,NaN,NaN,NaN,raw
810,0.7834326381128038,17.09664702560241,0.03831103769194909,NaN,NaN,NaN,raw
550,0.7835046425061591,18.653,0.013,6092.79079,0.7835046425061591,0.130534541036468,raw
810,0.7835376644834469,17.047,0.01,6049.68254,0.7835376644834469,0.9244568208414421,raw
810,0.7837067557496078,17.098406814759038,0.03684286765858369,NaN,NaN,NaN,raw
810,0.783748564789555,17.095427710843378,0.05335397134008218,NaN,NaN,NaN,raw
810,0.7839771988851907,17.100213855421686,0.038027634198455965,NaN,NaN,NaN,raw
810,0.7842549549103612,17.09767451054217,0.035427890397885436,NaN,NaN,NaN,raw
810,0.7842841088244291,17.09589759036145,0.05325941425024939,NaN,NaN,NaN,raw
810,0.7845242148990312,17.09495576054217,0.03312003172417433,NaN,NaN,NaN,raw
810,0.7845531477905752,17.075,0.012,5740.62447,0.7845531477905752,0.8669464261147368,raw
810,0.7848072223066151,17.094963478915663,0.03312004361178285,NaN,NaN,NaN,raw
810,0.7848235302140805,17.095686746987955,0.05314096239154158,NaN,NaN,NaN,raw
810,0.7848940392941586,17.155,0.01,6361.87026,0.7848940392941586,0.6761093145178165,raw
810,0.7849131966431742,17.157,0.013,5472.58855,0.7849131966431742,0.5534653331924346,raw
810,0.7850905066023579,17.094995105421688,0.03312025997710982,NaN,NaN,NaN,raw
810,0.7852299544865673,17.082,0.016,5835.53241,0.7852299544865673,0.8695942233134701,raw
550,0.7852966209928647,18.724142857142855,0.0825114044731503,NaN,NaN,NaN,raw
810,0.7853642397810499,17.096415662650603,0.05285659955796403,NaN,NaN,NaN,raw
810,0.7853750254120933,17.093307605421685,0.035513671440652934,NaN,NaN,NaN,raw
810,0.7856593563519418,17.093057605421684,0.03591242408872495,NaN,NaN,NaN,raw
810,0.7859083676791768,17.09625903614458,0.05285164264215869,NaN,NaN,NaN,raw
810,0.7859127730225737,17.145,0.013,6428.61889,0.7859127730225737,0.44760584932373604,raw
810,0.785941264183249,17.09433923192771,0.03670656494359207,NaN,NaN,NaN,raw
810,0.7861271857545944,17.033,0.01,6427.92367,0.7861271857545944,0.960570088125678,raw
810,0.7862074380330037,17.095568524096386,0.03737044029262157,NaN,NaN,NaN,raw
550,0.7863393451914222,18.728156462585037,0.0359199471807395,NaN,NaN,NaN,raw
550,0.7863393451914222,18.728156462585037,0.034613327192893804,NaN,NaN,NaN,raw
550,0.7863393451914222,18.728156462585034,0.03343965098608985,NaN,NaN,NaN,raw
810,0.7864416464003571,17.096457831325303,0.05266642912216918,NaN,NaN,NaN,raw
810,0.7864661943525966,17.094901543674702,0.03716550083767436,NaN,NaN,NaN,raw
810,0.7864801297000668,17.047,0.008,6076.80005,0.7864801297000668,0.9272575524464628,raw
810,0.7867154544328514,17.166,0.009,6075.75719,0.7867154544328514,0.6966397423693707,raw
810,0.7867201449111336,17.09394352409639,0.037564990477421775,NaN,NaN,NaN,raw
810,0.7869619782594328,17.095298192771082,0.03840087013048724,NaN,NaN,NaN,raw
810,0.7869718041420457,17.095885542168674,0.05253148119915335,NaN,NaN,NaN,raw
550,0.787042812785027,18.703214285714285,0.04368714143235488,NaN,NaN,NaN,raw
810,0.7871981488541224,17.095235692771084,0.03849193438816198,NaN,NaN,NaN,raw
810,0.7874280622464294,17.095349585843373,0.03850074533820855,NaN,NaN,NaN,raw
810,0.7874972039105587,17.09560843373494,0.05224809975913995,NaN,NaN,NaN,raw
810,0.7876483483858674,17.094005835843372,0.04091723048681887,NaN,NaN,NaN,raw
810,0.7878665977812287,17.094016942771084,0.04091767714034598,NaN,NaN,NaN,raw
810,0.7880317021894567,17.09531325301205,0.05236710225944101,NaN,NaN,NaN,raw
810,0.7880852776520376,17.09402579066265,0.04091812753233842,NaN,NaN,NaN,raw
810,0.78817060752408,17.152,0.014,5434.69613,0.78817060752408,0.5037492457558983,raw
810,0.788308178690493,17.09661954066265,0.042281134923629116,NaN,NaN,NaN,raw
810,0.7885270801833798,17.096613893072288,0.042281275607832014,NaN,NaN,NaN,raw
810,0.7885649899212859,17.094740963855426,0.05243881637973706,NaN,NaN,NaN,raw
810,0.7886300387162919,17.081,0.012,5630.76935,0.7886300387162919,0.8931367103086814,raw
810,0.7887498958264217,17.09636389307229,0.041947246657671425,NaN,NaN,NaN,raw
810,0.7889831075305455,17.094449736445785,0.04046229300688235,NaN,NaN,NaN,raw
810,0.7891027462456224,17.095132530120488,0.05251060985647653,NaN,NaN,NaN,raw
810,0.7892235339384659,17.094892695783134,0.04039914266056562,NaN,NaN,NaN,raw
810,0.7894729575571998,17.0960984563253,0.041017134700777745,NaN,NaN,NaN,raw
810,0.7896415926860787,17.095704819277113,0.052037896222853555,NaN,NaN,NaN,raw
810,0.7897092531097748,17.09611389307229,0.041017290037585245,NaN,NaN,NaN,raw
810,0.7898115811440221,17.02,0.013,5843.52989,0.7898115811440221,0.9757458867588866,raw
810,0.7899626867631135,17.09460673945783,0.04003742306171215,NaN,NaN,NaN,raw
810,0.7899877595101246,17.10000896465609,0.027861141492097334,NaN,NaN,NaN,raw
810,0.7899877595101246,17.10000896465609,0.027772833372990892,NaN,NaN,NaN,raw
810,0.7899877595101246,17.10000896465609,0.0276853596647744,NaN,NaN,NaN,raw
810,0.7900586994401237,17.034,0.012,6944.52888,0.7900586994401237,0.9495256573663937,raw
810,0.7901184439033386,17.136,0.016,6231.50435,0.7901184439033386,0.8308945464868884,raw
810,0.790145914277673,17.134,0.013,5826.49529,0.790145914277673,0.5397121453661384,raw
810,0.7901796832710639,17.095656626506027,0.05200124868610565,NaN,NaN,NaN,raw
810,0.7902171895167052,17.096231739457835,0.03848135355093917,NaN,NaN,NaN,raw
810,0.7902836400826345,17.064,0.01,6019.78722,0.7902836400826345,0.9800795986138837,raw
550,0.7903719630473157,18.719214285714283,0.01631810688299514,NaN,NaN,NaN,raw
810,0.7904278379646712,17.139,0.012,6847.53542,0.7904278379646712,0.4860700285571511,raw
810,0.7904715133351409,17.096261671686747,0.038481907601034426,NaN,NaN,NaN,raw
810,0.7905540866158844,17.04,0.012,7227.51393,0.7905540866158844,0.23833960720912728,raw
810,0.7905734165542526,17.1,0.009,6345.88046,0.7905734165542526,0.474842932087995,raw
810,0.7905868209454638,17.004,0.009,6012.83438,0.7905868209454638,0.10835306329681771,raw
810,0.7907279316439065,17.09944917168675,0.03849426751078776,NaN,NaN,NaN,raw
810,0.7907325454411163,17.09578313253012,0.051870829822660655,NaN,NaN,NaN,raw
810,0.7909911154826744,17.09731908885542,0.03652858390139581,NaN,NaN,NaN,raw
810,0.7912639379459827,17.097367846385545,0.036527649986189945,NaN,NaN,NaN,raw
810,0.7912818646903153,17.096180722891567,0.05170877531254001,NaN,NaN,NaN,raw
810,0.7915377723699097,17.09744766566265,0.0365264720283822,NaN,NaN,NaN,raw
810,0.7916859810211463,17.158,0.013,5819.54288,0.7916859810211463,0.6689053554200655,raw
810,0.7918124785206986,17.09756682981928,0.03652550426163261,NaN,NaN,NaN,raw
810,0.7918283779864582,17.095506024096384,0.0516015911180515,NaN,NaN,NaN,raw
810,0.7920241398715007,17.147,0.011,5392.63215,0.7920241398715007,0.531305244880059,raw
810,0.792085912100349,17.095879329819276,0.03515109273254194,NaN,NaN,NaN,raw
550,0.7923271748560572,18.732499999999998,0.07292013544862688,NaN,NaN,NaN,raw
810,0.7923617394009852,17.0960047063253,0.03515405638272102,NaN,NaN,NaN,raw
810,0.7923759711751349,17.095746987951806,0.0512119406941434,NaN,NaN,NaN,raw
810,0.7926377447324853,17.0986609563253,0.037138996442590035,NaN,NaN,NaN,raw
810,0.792909779131644,17.099250564759036,0.03723082698155781,NaN,NaN,NaN,raw
810,0.7929235995400205,17.096174698795178,0.051292029845447736,NaN,NaN,NaN,raw
810,0.7931666204645881,17.097041039156625,0.03947825810667649,NaN,NaN,NaN,raw
810,0.7933457955805352,17.135,0.011,7526.8392,0.7933457955805352,0.4779482491358067,raw
810,0.7934217579226268,17.099498117469878,0.03689064890050693,NaN,NaN,NaN,raw
810,0.7934698253615768,17.096753012048193,0.05125272341582687,NaN,NaN,NaN,raw
550,0.7934920932930254,18.701,0.013,6477.63979,0.7934920932930254,0.3005032718338043,raw
810,0.7936790472650981,17.10246686746988,0.035235084099304766,NaN,NaN,NaN,raw
810,0.7939416194406275,17.104591867469882,0.03915513055828803,NaN,NaN,NaN,raw
810,0.7940226499294145,17.096771084337348,0.051251566196604814,NaN,NaN,NaN,raw
810,0.7942045802006772,17.10348964608434,0.0387953734860855,NaN,NaN,NaN,raw
810,0.7942712738695263,17.085,0.014,5662.75486,0.7942712738695263,0.30831062667311926,raw
550,0.7944012804367784,18.73483333333333,0.03505828480307257,NaN,NaN,NaN,raw
810,0.7944746977667122,17.105969126506025,0.0407641348143079,NaN,NaN,NaN,raw
810,0.794580008590297,17.097415662650597,0.05106658275630666,NaN,NaN,NaN,raw
810,0.7946855155805679,17.149,0.012,5362.73541,0.7946855155805679,0.5838907239831315,raw
810,0.7947425923268369,17.104875376506023,0.04236466608502012,NaN,NaN,NaN,raw
810,0.7950149392397031,17.103601091867468,0.041916013142927123,NaN,NaN,NaN,raw
810,0.7951373372734233,17.09783734939759,0.05102813296745089,NaN,NaN,NaN,raw
810,0.7952958885192026,17.10716359186747,0.041174037758682544,NaN,NaN,NaN,raw
810,0.7955784396377191,17.107476091867472,0.041155858795326516,NaN,NaN,NaN,raw
810,0.7957021229679094,17.097445783132528,0.050454720898030304,NaN,NaN,NaN,raw
810,0.7958640287337719,17.110437500000003,0.0366306273106669,NaN,NaN,NaN,raw
810,0.796163277015711,17.110500188253013,0.03660644792592954,NaN,NaN,NaN,raw
810,0.7962599054762247,17.09816265060241,0.05029287608048358,NaN,NaN,NaN,raw
810,0.7964502480182695,17.10971329066265,0.0371901808303362,NaN,NaN,NaN,raw
810,0.7967380864319685,17.107816076807232,0.036182319426126625,NaN,NaN,NaN,raw
550,0.7967809707968714,18.73247619047619,0.035528181781232154,NaN,NaN,NaN,raw
810,0.7968222990147,17.0991265060241,0.05062640007033667,NaN,NaN,NaN,raw
810,0.7969204820728919,17.098,0.013,7874.83536,0.7969204820728919,0.8218029704366927,raw
810,0.7970400997995462,17.107897590361446,0.03615662113147115,NaN,NaN,NaN,raw
810,0.7973504718613362,17.10705384036145,0.03552419776420711,NaN,NaN,NaN,raw
550,0.7973845731612528,18.771,0.023,6191.52744,0.7973845731612528,0.32257373844549875,raw
810,0.7973914635416454,17.098753012048196,0.05086290983549003,NaN,NaN,NaN,raw
810,0.7974622093242942,17.166,0.009,6734.90015,0.7974622093242942,0.5656786961517355,raw
810,0.7976541315040079,17.1071265060241,0.0355026949506762,NaN,NaN,NaN,raw
810,0.7978078470187029,17.114,0.011,6523.53073,0.7978078470187029,0.4585955231505068,raw
810,0.7978605153402896,17.025,0.01,6887.51744,0.7978605153402896,0.0053208339213597355,raw
810,0.7979577317326769,17.107808546686748,0.03549515498893867,NaN,NaN,NaN,raw
810,0.7979759798012617,17.0986265060241,0.05093339937566087,NaN,NaN,NaN,raw
810,0.7982497897328047,17.10665530873494,0.035181317966845045,NaN,NaN,NaN,raw
810,0.7982919583992043,17.129,0.01,6422.71319,0.7982919583992043,0.8156517989482381,raw
810,0.798520753520279,17.204,0.02,6943.48888,0.798520753520279,0.7250252234807704,raw
810,0.7985408589487536,17.105975527108434,0.035586647978144856,NaN,NaN,NaN,raw
810,0.7985606585992622,17.098728915662655,0.05090673594798329,NaN,NaN,NaN,raw
810,0.7988170965050345,17.107138930722893,0.03588333785451172,NaN,NaN,NaN,raw
810,0.7988234453841869,17.175,0.015,5987.80664,0.7988234453841869,0.5754506698831392,raw
810,0.7988562660066236,17.029,0.009,7905.77664,0.7988562660066236,0.0034287251874047797,raw
810,0.7990936196027165,17.10435768072289,0.04077089031985667,NaN,NaN,NaN,raw
810,0.7991429391763906,17.09822289156627,0.05070107003903688,NaN,NaN,NaN,raw
550,0.7993472117648794,18.740142857142857,0.026732614033446574,NaN,NaN,NaN,raw
810,0.7993655422837477,17.10439382530121,0.040765049766558155,NaN,NaN,NaN,raw
550,0.7994662459363359,18.725428571428573,0.07052736979435596,NaN,NaN,NaN,raw
810,0.7995444635598687,17.154,0.015,6071.93753,0.7995444635598687,0.5266057738190284,raw
810,0.7996150523467804,17.11,0.009,7461.83134,0.7996150523467804,0.42985904153465526,raw
810,0.7996525442441967,17.102831513554218,0.03995024290826038,NaN,NaN,NaN,raw
810,0.7997256720191546,17.098765060240968,0.05074952379829711,NaN,NaN,NaN,raw
810,0.7999298103202943,17.10171159638554,0.0405919168506585,NaN,NaN,NaN,raw
810,0.8002033683380028,17.101778049698794,0.040586448271151716,NaN,NaN,NaN,raw
810,0.8003084904631654,17.09778915662651,0.050677448243735906,NaN,NaN,NaN,raw
810,0.8004649367721868,17.071,0.009,7114.87966,0.8004649367721868,0.32008721752754354,raw
810,0.8004757670730114,17.09933546686747,0.04308607769853631,NaN,NaN,NaN,raw
550,0.8005551807399888,18.742694003527337,0.0348530021558462,NaN,NaN,NaN,raw
810,0.800732589193423,17.099345820783135,0.04308606567381071,NaN,NaN,NaN,raw
810,0.8008968102595174,17.09728915662651,0.05037917562102527,NaN,NaN,NaN,raw
810,0.8010047186592855,17.099383283132532,0.04308537892332047,NaN,NaN,NaN,raw
550,0.8011908161970496,18.724,0.014,7182.67113,0.8011908161970496,0.3221587835560058,raw
810,0.8012714378703871,17.09754725150603,0.044346491613653526,NaN,NaN,NaN,raw
810,0.8014928057489407,17.09811445783133,0.050177673732641516,NaN,NaN,NaN,raw
810,0.801545106533984,17.0954484186747,0.04255541862002868,NaN,NaN,NaN,raw
810,0.8018263212757271,17.094961596385545,0.04242525440642403,NaN,NaN,NaN,raw
810,0.8019560458487831,17.12,0.01,7603.67224,0.8019560458487831,0.8194201882397465,raw
810,0.8020930797406272,17.09807228915663,0.05022465484926701,NaN,NaN,NaN,raw
810,0.8021243842882094,17.09725997740964,0.040459523975139314,NaN,NaN,NaN,raw
550,0.8022672404481238,18.74547619047619,0.035967767127092695,NaN,NaN,NaN,raw
810,0.8024290419639384,17.098115399096386,0.040777472871274104,NaN,NaN,NaN,raw
810,0.8026388068574306,17.118,0.016,6919.50265,0.8026388068574306,0.4198530674693757,raw
810,0.8026916515846206,17.09809638554217,0.05024005753177348,NaN,NaN,NaN,raw
810,0.8027321240906247,17.097177899096387,0.040387506073751,NaN,NaN,NaN,raw
810,0.8027840402719448,17.075,0.008,7097.84575,0.8027840402719448,0.8855293466149305,raw
810,0.8028622517304029,17.134,0.012,6855.53563,0.8028622517304029,0.5980610056412843,raw
810,0.8030341444761859,17.092271649096386,0.03632392312141339,NaN,NaN,NaN,raw
810,0.8031200129953504,16.996,0.01,7848.76397,0.8031200129953504,0.056593002191220876,raw
810,0.803281534383296,17.09857228915663,0.049878192995999604,NaN,NaN,NaN,raw
810,0.8033459050780224,17.09128012048193,0.03657416193011509,NaN,NaN,NaN,raw
810,0.8035636958022873,17.098466073221456,0.026102040792656257,NaN,NaN,NaN,raw
810,0.8036509808233382,17.08894634789157,0.03329542700823609,NaN,NaN,NaN,raw
810,0.8038695783149366,17.099006024096386,0.04931697070840785,NaN,NaN,NaN,raw
810,0.8039738436207775,17.091191076807235,0.03149633642751981,NaN,NaN,NaN,raw
810,0.8040098517085426,17.062,0.014,6838.84896,0.8040098517085426,0.9062296065185365,raw
810,0.8043067759784123,17.091272213855426,0.031518371815138425,NaN,NaN,NaN,raw
810,0.804455979534582,17.09957228915663,0.049232696239089165,NaN,NaN,NaN,raw
550,0.8045462917186038,18.748761904761903,0.03359249592264479,NaN,NaN,NaN,raw
810,0.8046402443672293,17.090834713855426,0.030706276339698933,NaN,NaN,NaN,raw
810,0.8049766649965022,17.02,0.009,5763.57629,0.8049766649965022,0.9595748380761506,raw
810,0.8049774996198475,17.09055854668675,0.03056777509648776,NaN,NaN,NaN,raw
810,0.8050406068678715,17.099457831325307,0.04916251373231911,NaN,NaN,NaN,raw
550,0.8052132438762621,18.754139707734947,0.021548749602463495,NaN,NaN,NaN,raw
550,0.8052132438762623,18.754139707734947,0.02236219428481814,NaN,NaN,NaN,raw
550,0.8052132438762623,18.754139707734947,0.02081806992657323,NaN,NaN,NaN,raw
810,0.8053303936735479,17.090649849397593,0.03059742679679445,NaN,NaN,NaN,raw
810,0.8056286249804916,17.099198795180722,0.04903421438503724,NaN,NaN,NaN,raw
810,0.8056841523170631,17.09076637801205,0.03063257403898839,NaN,NaN,NaN,raw
810,0.8059264782968967,17.04,0.008,6020.8356,0.8059264782968967,0.22250437253387645,raw
810,0.8060369821048637,17.09220387801205,0.03075415554547261,NaN,NaN,NaN,raw
550,0.806144659210986,18.787,0.021,5723.59726,0.806144659210986,0.44671947145798185,raw
810,0.8062196065593964,17.09883734939759,0.04876664337084313,NaN,NaN,NaN,raw
550,0.806303399747776,18.735285714285713,0.06299747073241335,NaN,NaN,NaN,raw
810,0.8063802323518898,17.09269484186747,0.030962654798698967,NaN,NaN,NaN,raw
810,0.8067160698285585,17.092793486445785,0.03098549820600327,NaN,NaN,NaN,raw
810,0.8068067187544778,17.098421686746992,0.048466700966665624,NaN,NaN,NaN,raw
810,0.8070450958554198,17.093074736445786,0.03127986060590853,NaN,NaN,NaN,raw
810,0.8073813110594572,17.09316698042169,0.03129942005501905,NaN,NaN,NaN,raw
810,0.8073985317397241,17.098548192771087,0.048432590733915704,NaN,NaN,NaN,raw
810,0.8077141007790076,17.09344823042169,0.03156903733785532,NaN,NaN,NaN,raw
810,0.8077250254245882,17.126,0.01,7154.86162,0.8077250254245882,0.839209686329923,raw
810,0.8079905864531677,17.099,0.04830785117192114,NaN,NaN,NaN,raw
810,0.8080508358665157,17.09354009789157,0.03158727219104471,NaN,NaN,NaN,raw
550,0.8081534344801184,18.770095238095237,0.03015007812401823,NaN,NaN,NaN,raw
810,0.8081854058582394,17.047,0.01,5654.76381,0.8081854058582394,0.21591236495078192,raw
810,0.808402053028408,17.09566509789157,0.03257174482304902,NaN,NaN,NaN,raw
810,0.8085369978580275,17.067,0.012,5359.6114,0.8085369978580275,0.9018122620018403,raw
810,0.8085858692342934,17.100319277108436,0.04730392246618012,NaN,NaN,NaN,raw
810,0.808752632653817,17.094642884036148,0.031834807094479514,NaN,NaN,NaN,raw
810,0.8091150929759736,17.097932040662652,0.026264280173719883,NaN,NaN,NaN,raw
810,0.8091878755246825,17.100831325301208,0.04731399159505749,NaN,NaN,NaN,raw
810,0.8094851697288838,17.09694540662651,0.02682645283964841,NaN,NaN,NaN,raw
810,0.8097967746207031,17.100819277108435,0.04732675444975056,NaN,NaN,NaN,raw
810,0.8098418365292364,17.098882718373495,0.02912047215853714,NaN,NaN,NaN,raw
810,0.8101964646469753,17.10008716114458,0.02833216335127417,NaN,NaN,NaN,raw
810,0.8102154520020122,17.14,0.011,6154.68129,0.8102154520020122,0.5107692557794508,raw
550,0.8103252410328855,18.754357142857142,0.029222318141294563,NaN,NaN,NaN,raw
810,0.8104072204305668,17.10116265060241,0.046993526854930336,NaN,NaN,NaN,raw
810,0.8105435329267492,17.097631777108436,0.03159504080386148,NaN,NaN,NaN,raw
810,0.8108819803205505,17.099600527108436,0.028403208326085293,NaN,NaN,NaN,raw
810,0.8110182817375621,17.10168674698795,0.04684828581601714,NaN,NaN,NaN,raw
810,0.8112243219857986,17.099625564759037,0.028403431614259195,NaN,NaN,NaN,raw
810,0.8115537244620883,17.09740060240964,0.031098712507123087,NaN,NaN,NaN,raw
810,0.8116287670556565,17.101518072289156,0.046708992436609316,NaN,NaN,NaN,raw
810,0.811755489981806,17.117,0.012,5682.92448,0.811755489981806,0.44997258944749774,raw
810,0.8118808181643544,17.113,0.008,6485.64207,0.8118808181643544,0.4169218603583431,raw
810,0.8118828448733539,17.098650602409638,0.02947879462829352,NaN,NaN,NaN,raw
550,0.8120122444815934,18.788,0.012,6399.77324,0.8120122444815934,0.7484126371309685,raw
810,0.8122043043909601,17.096405685240963,0.032084306467775395,NaN,NaN,NaN,raw
810,0.8122396050023354,17.101271084337352,0.04672438862254294,NaN,NaN,NaN,raw
810,0.8124276338096923,17.095960486861554,0.02532242354811965,NaN,NaN,NaN,raw
810,0.8124276338096924,17.095960486861554,0.025402431404820933,NaN,NaN,NaN,raw
810,0.8124276338096925,17.095960486861554,0.025483202455723927,NaN,NaN,NaN,raw
810,0.8124848787083465,17.129,0.014,7180.93682,0.8124848787083465,0.612569026354322,raw
810,0.8125116119036755,17.096466490963856,0.032090093701932075,NaN,NaN,NaN,raw
550,0.8126287964787912,18.78592857142857,0.04514280063287418,NaN,NaN,NaN,raw
550,0.8126600788692875,18.739785714285716,0.05360134695699698,NaN,NaN,NaN,raw
810,0.8128038418913799,17.09748060993976,0.03266561638006871,NaN,NaN,NaN,raw
810,0.8128519662698209,17.101024096385544,0.046871190583921474,NaN,NaN,NaN,raw
810,0.8130924066484364,17.09610560993976,0.032350954003424824,NaN,NaN,NaN,raw
550,0.813214066085493,18.83,0.016,6120.6129,0.813214066085493,0.640434316597748,raw
810,0.813288077883044,17.127,0.01,7198.66711,0.813288077883044,0.536643832027039,raw
810,0.8133779545575998,17.09626185993976,0.032377448156775554,NaN,NaN,NaN,raw
810,0.8134671743848821,17.101036144578313,0.04685850934219854,NaN,NaN,NaN,raw
810,0.8136623154696982,17.097938629518072,0.031108492229683517,NaN,NaN,NaN,raw
550,0.81383438626961,18.770261904761906,0.05173827054952291,NaN,NaN,NaN,raw
810,0.8139480028490444,17.09637612951807,0.033847678199660086,NaN,NaN,NaN,raw
810,0.8140229894524964,17.143,0.011,7550.83405,0.8140229894524964,0.8015580914398015,raw
810,0.8140807997434937,17.101289156626507,0.046727068301057384,NaN,NaN,NaN,raw
810,0.8142353900475428,17.094616152108433,0.03507789248629242,NaN,NaN,NaN,raw
810,0.8145054270592382,17.09234017319277,0.03697319672708403,NaN,NaN,NaN,raw
810,0.8147187433043589,17.101253012048197,0.04676306322068381,NaN,NaN,NaN,raw
810,0.8147581807382462,17.094127070783134,0.03873594526384941,NaN,NaN,NaN,raw
810,0.8149992894163209,17.09288855421687,0.03784527435485915,NaN,NaN,NaN,raw
810,0.8151239904764225,17.067,0.013,7902.65347,0.8151239904764225,0.32314697509718826,raw
810,0.8152426774763764,17.09435222138554,0.03906176458014721,NaN,NaN,NaN,raw
810,0.8152829159262183,17.161,0.012,6833.63817,0.8152829159262183,0.7606482450937619,raw
810,0.8153579514761866,17.1005421686747,0.04676149703511761,NaN,NaN,NaN,raw
810,0.8154789586140629,17.094306664156626,0.039053783787035064,NaN,NaN,NaN,raw
810,0.8155621644873463,17.021,0.009,5997.89423,0.8155621644873463,0.15222791204723762,raw
550,0.8156290138540498,18.741,0.016,5715.60467,0.8156290138540498,0.35102723793715995,raw
550,0.8156573375835728,18.764880952380953,0.057058613496556776,NaN,NaN,NaN,raw
810,0.8157165660510695,17.094270331325305,0.03904739869433915,NaN,NaN,NaN,raw
810,0.8158069815981435,17.083,0.011,7112.79911,0.8158069815981435,0.8699099312598264,raw
810,0.8159506619855146,17.093332831325306,0.03884367950751266,NaN,NaN,NaN,raw
810,0.8159955401558133,17.10025903614458,0.0464982151137258,NaN,NaN,NaN,raw
810,0.8161695042217616,17.028,0.012,6838.50554,0.8161695042217616,0.17167389593669213,raw
810,0.8161841979054751,17.094739081325304,0.04036348497489513,NaN,NaN,NaN,raw
810,0.8164230462517512,17.094696724397593,0.04035711993714159,NaN,NaN,NaN,raw
810,0.8164583314573974,17.08,0.01,7817.828,0.8164583314573974,0.8863250333088217,raw
810,0.8165063111227937,17.027,0.01,7162.86056,0.8165063111227937,0.9484842061538075,raw
810,0.8166405591613708,17.100367469879522,0.04653734794291237,NaN,NaN,NaN,raw
810,0.8166551888772151,17.095477974397593,0.04127415951289234,NaN,NaN,NaN,raw
810,0.8167498913462623,17.131,0.009,6368.83428,0.8167498913462623,0.5717492294988915,raw
810,0.8168856733035756,17.095602221385544,0.04129737125773898,NaN,NaN,NaN,raw
810,0.8169590976503969,17.082,0.008,6716.82927,0.8169590976503969,0.9131013878104568,raw
810,0.8171124105965577,17.094771272590364,0.04091093969394505,NaN,NaN,NaN,raw
810,0.8171281195463962,17.104,0.02,5747.58874,0.8171281195463962,0.7631210767776793,raw
810,0.8172849550453931,17.10065662650603,0.046365048729642006,NaN,NaN,NaN,raw
810,0.817354514102046,17.094764118975906,0.04090982889077651,NaN,NaN,NaN,raw
810,0.8175851708463389,17.094576618975907,0.040694804900967406,NaN,NaN,NaN,raw
810,0.8176789939971059,17.017,0.009,7098.89387,0.8176789939971059,0.12739799542578112,raw
810,0.8177822595862381,17.044,0.009,5996.85206,0.8177822595862381,0.9230859724502807,raw
810,0.8178290598989406,17.028,0.011,7143.74042,0.8178290598989406,0.05159985429418157,raw
810,0.8178290635736211,17.09456381777109,0.04069268962452008,NaN,NaN,NaN,raw
810,0.8178848923489568,17.158,0.014,6836.7679,0.8178848923489568,0.4549614594598097,raw
810,0.8179309297004046,17.100367469879522,0.04622373680771365,NaN,NaN,NaN,raw
810,0.8180586688816087,17.09630591114458,0.04215530415795685,NaN,NaN,NaN,raw
550,0.8181289328111754,18.72364285714286,0.06468694689735396,NaN,NaN,NaN,raw
810,0.8181956383523357,17.148,0.01,6353.88595,0.8181956383523357,0.598127526758617,raw
810,0.8182909262575158,17.097358810240962,0.04181915472219026,NaN,NaN,NaN,raw
810,0.8185387420969454,17.092233810240963,0.043771872877405985,NaN,NaN,NaN,raw
810,0.8185792781435349,17.100228915662655,0.0461778709435341,NaN,NaN,NaN,raw
810,0.8187847291358037,17.092227597891565,0.04377066976146186,NaN,NaN,NaN,raw
810,0.8190449932566348,17.094706325301203,0.041808901343181396,NaN,NaN,NaN,raw
550,0.8190984554670909,18.732904761904763,0.008737186925671438,NaN,NaN,NaN,raw
810,0.8192322050398648,17.10035542168675,0.04620599660154851,NaN,NaN,NaN,raw
810,0.8192465598840499,17.087,0.01,6108.79499,0.8192465598840499,0.36260169870547543,raw
810,0.8193182020302051,17.09526185993976,0.04176642104475346,NaN,NaN,NaN,raw
810,0.8193539676030923,17.158,0.015,6928.54729,0.8193539676030923,0.7658199947090907,raw
810,0.8195996590200393,17.096628765060245,0.04264183033071459,NaN,NaN,NaN,raw
810,0.8198759196390283,17.099878765060243,0.041180685019928144,NaN,NaN,NaN,raw
810,0.8198827520831707,17.099915662650606,0.04635546578063961,NaN,NaN,NaN,raw
810,0.8199134427231911,17.154,0.013,6806.87094,0.8199134427231911,0.5070763711628388,raw
810,0.8201494555362162,17.100529555722893,0.04102064433004286,NaN,NaN,NaN,raw
810,0.8202274679133552,17.105,0.008,6121.65828,0.8202274679133552,0.8764422623407881,raw
810,0.8204333154526241,17.10243580572289,0.03885357294593398,NaN,NaN,NaN,raw
810,0.8205436712584732,17.100409638554222,0.04608491139245449,NaN,NaN,NaN,raw
810,0.8207219066080609,17.102453501506027,0.038852729481727105,NaN,NaN,NaN,raw
550,0.82097966000462,18.7461443288854,0.025462980384867502,NaN,NaN,NaN,raw
550,0.8209796600046201,18.7461443288854,0.02635668870271048,NaN,NaN,NaN,raw
550,0.8209796600046202,18.746144328885403,0.02735162848646691,NaN,NaN,NaN,raw
810,0.8210278722207236,17.101512236445785,0.03850211377688546,NaN,NaN,NaN,raw
810,0.8212144865605056,17.100807228915663,0.04608830991761827,NaN,NaN,NaN,raw
810,0.821348009938951,17.10210655120482,0.03833763830290814,NaN,NaN,NaN,raw
810,0.8214040052698692,17.137,0.014,6807.9144,0.8214040052698692,0.7389775468745938,raw
810,0.8216699382543804,17.102169051204818,0.03834245462432187,NaN,NaN,NaN,raw
810,0.8218853670165249,17.10087951807229,0.0460885570733091,NaN,NaN,NaN,raw
810,0.8219923193066433,17.103648531626504,0.03918632228048847,NaN,NaN,NaN,raw
810,0.8220661131599627,17.157,0.012,6135.56481,0.8220661131599627,0.6217134342914505,raw
810,0.8223107569133045,17.106279743975904,0.035866729904772715,NaN,NaN,NaN,raw
810,0.8225562265054479,17.10069277108434,0.045959094547961786,NaN,NaN,NaN,raw
810,0.8226392112399817,17.110467243975904,0.03618188610714245,NaN,NaN,NaN,raw
550,0.8229375478896102,18.732904761904763,0.008737186925671438,NaN,NaN,NaN,raw
810,0.8229735212045466,17.112747929216866,0.03297392490881458,NaN,NaN,NaN,raw
810,0.8232130227879679,16.997,0.01,6435.93245,0.8232130227879679,0.09089180436239985,raw
810,0.8232295367196489,17.100343373493974,0.045740733634246064,NaN,NaN,NaN,raw
810,0.8233079927653375,17.11199792921687,0.03217471058749755,NaN,NaN,NaN,raw
550,0.8235374197360475,18.73407142857143,0.06418898094474823,NaN,NaN,NaN,raw
810,0.8236595153148116,17.11200527108434,0.03217199774209159,NaN,NaN,NaN,raw
810,0.8238906163539458,17.100319277108436,0.04573348871207279,NaN,NaN,NaN,raw
810,0.8240233044489698,17.11054122740964,0.03154094847836011,NaN,NaN,NaN,raw
810,0.8243789611569282,17.108596573795182,0.034018328348830604,NaN,NaN,NaN,raw
810,0.8245496623523912,17.100777108433736,0.04580847830829466,NaN,NaN,NaN,raw
810,0.824731048697305,17.10861106927711,0.03401480209337047,NaN,NaN,NaN,raw
810,0.8250021638305043,17.144,0.012,5762.54031,0.8250021638305043,0.7436729539458611,raw
810,0.8250098440294096,17.132,0.012,7145.8288,0.8250098440294096,0.5185250620997977,raw
810,0.825097044667831,17.109767319277108,0.03388510436302206,NaN,NaN,NaN,raw
810,0.8252114801674117,17.10082530120482,0.045825620314202516,NaN,NaN,NaN,raw
810,0.825465970531235,17.107959713855422,0.03275304721542282,NaN,NaN,NaN,raw
810,0.8255898284478462,17.088,0.01,6078.89953,0.8255898284478462,0.4179250244960713,raw
810,0.825838968453343,17.107966490963854,0.0327513514788704,NaN,NaN,NaN,raw
810,0.825875476135348,17.100933734939762,0.04593290700538863,NaN,NaN,NaN,raw
810,0.8262159975179092,17.106528990963856,0.03165691786147961,NaN,NaN,NaN,raw
550,0.8263173611616194,18.73702380952381,0.0035759495194958575,NaN,NaN,NaN,raw
810,0.8265407909514699,17.100879518072293,0.0459417015529956,NaN,NaN,NaN,raw
810,0.8265987898016461,17.106395707831325,0.03167253753880107,NaN,NaN,NaN,raw
810,0.8269789742528999,17.107507906626505,0.032077846938672286,NaN,NaN,NaN,raw
550,0.8271462911216076,18.741,0.013,7493.82446,0.8271462911216076,0.8613103120351298,raw
810,0.8272035046336742,17.10101807228916,0.04604036080362614,NaN,NaN,NaN,raw
810,0.8273514068646172,17.10749284638554,0.032081207277459584,NaN,NaN,NaN,raw
810,0.827429825640138,17.106,0.008,6036.83485,0.827429825640138,0.4439837637128221,raw
810,0.8276011487178039,17.148,0.013,6791.92478,0.8276011487178039,0.5380961741375359,raw
810,0.8277225184730049,17.105867846385543,0.03185454628810688,NaN,NaN,NaN,raw
810,0.827868997410263,17.101198795180725,0.04597670291202734,NaN,NaN,NaN,raw
810,0.8280864187403754,17.104715361445784,0.03269685086360132,NaN,NaN,NaN,raw
550,0.8282683726272028,18.736,0.06352104436266028,NaN,NaN,NaN,raw
810,0.8282927980399108,17.178,0.01,6501.63955,0.8282927980399108,0.6346153229151241,raw
810,0.8284526787383679,17.102954631024097,0.03127669964288527,NaN,NaN,NaN,raw
810,0.828526978765015,17.100981927710844,0.04584406678395485,NaN,NaN,NaN,raw
550,0.8285786131924137,18.727,0.0200748598998844,NaN,NaN,NaN,raw
810,0.8285879822942661,17.134,0.014,6951.49522,0.8285879822942661,0.8501279194697418,raw
550,0.8287073633958995,18.735544413919413,0.037864408853258036,NaN,NaN,NaN,raw
550,0.8287073633958996,18.735544413919413,0.038233826468078366,NaN,NaN,NaN,raw
810,0.8288058234497284,17.10171423192771,0.03214434698391096,NaN,NaN,NaN,raw
810,0.829142904206119,17.100120775266134,0.022872156988016295,NaN,NaN,NaN,raw
810,0.829142904206119,17.100120775266134,0.022853910350099576,NaN,NaN,NaN,raw
810,0.8291450816509509,17.10574548192771,0.026111255295515102,NaN,NaN,NaN,raw
810,0.8291796512835773,17.100602409638554,0.045721406632577295,NaN,NaN,NaN,raw
810,0.8294953793792943,17.10575564759036,0.02610914753525059,NaN,NaN,NaN,raw
810,0.8298368906453983,17.101150602409636,0.04552343618466369,NaN,NaN,NaN,raw
810,0.8298452515869681,17.10578237951807,0.02610383931489806,NaN,NaN,NaN,raw
810,0.829960292798205,17.038,0.011,6115.75166,0.829960292798205,0.24252038465783698,raw
810,0.8301947007324079,17.105783885542166,0.026103542616154413,NaN,NaN,NaN,raw
550,0.8303211758284306,18.704,0.013,6811.74162,0.8303211758284306,0.9251819224245992,raw
810,0.8304990063319214,17.10081927710843,0.04517417996191894,NaN,NaN,NaN,raw
810,0.8305325629426524,17.10284638554217,0.026939890396861944,NaN,NaN,NaN,raw
550,0.830752907900032,18.726190476190478,0.019260477314816463,NaN,NaN,NaN,raw
810,0.8308722409300789,17.100002635542168,0.028519800394676376,NaN,NaN,NaN,raw
810,0.830958430940882,17.124,0.01,5385.69274,0.830958430940882,0.6883047103583522,raw
810,0.8311595952320248,17.100156626506024,0.044989152073673766,NaN,NaN,NaN,raw
810,0.8312213853810362,17.100002635542168,0.028519800394676376,NaN,NaN,NaN,raw
810,0.8315792688041853,17.10040342620482,0.02843567880888458,NaN,NaN,NaN,raw
810,0.8318186855906251,17.10013253012048,0.04500431523668962,NaN,NaN,NaN,raw
810,0.8319370861690756,17.10153049698795,0.02916283619419287,NaN,NaN,NaN,raw
810,0.8319783727893082,17.108,0.012,6896.56813,0.8319783727893082,0.36422836464589636,raw
810,0.8322807643030823,17.10150301204819,0.02916388394835649,NaN,NaN,NaN,raw
810,0.832476820992938,17.100734939759036,0.04489059679827664,NaN,NaN,NaN,raw
810,0.8326087470594687,17.101477597891567,0.029164674503258183,NaN,NaN,NaN,raw
810,0.8327095736985939,17.136,0.011,5693.70883,0.8327095736985939,0.5170795646045008,raw
550,0.832781613057315,18.71485714285714,0.020561505543224952,NaN,NaN,NaN,raw
810,0.832930822794326,17.10225884789157,0.029621000756728053,NaN,NaN,NaN,raw
810,0.8331323301354571,17.10032530120482,0.045051245819718796,NaN,NaN,NaN,raw
810,0.8332669769651777,17.100785015060243,0.028420671747313022,NaN,NaN,NaN,raw
810,0.8332795767382777,17.085,0.01,6733.86966,0.8332795767382777,0.36151960758070345,raw
810,0.8335301755723776,17.064,0.011,5323.81242,0.8335301755723776,0.3298444325573655,raw
810,0.8336156859480037,17.100776920180724,0.028420586980878224,NaN,NaN,NaN,raw
550,0.8336611365037828,18.718348968932304,0.03869773138085685,NaN,NaN,NaN,raw
550,0.8336691752444624,18.73857142857143,0.06573690485062876,NaN,NaN,NaN,raw
810,0.8337864330957259,17.100656626506026,0.04482135771413502,NaN,NaN,NaN,raw
810,0.8338568572689837,17.061,0.01,6126.53008,0.8338568572689837,0.2969434294573148,raw
810,0.8339720849413499,17.098361445783134,0.024684799623576698,NaN,NaN,NaN,raw
810,0.8340692852270877,17.126,0.019,5342.58556,0.8340692852270877,0.4845156588799,raw
810,0.8343382505982279,17.096862010542168,0.025945580362530033,NaN,NaN,NaN,raw
550,0.8343544880990521,18.702,0.013,6856.58952,0.8343544880990521,0.8522713539750839,raw
810,0.8344390640266349,17.100668674698795,0.04480711368768152,NaN,NaN,NaN,raw
810,0.8347064106209459,17.09581438253012,0.0250593338032342,NaN,NaN,NaN,raw
810,0.8350770201721724,17.095813441265058,0.025059148721506153,NaN,NaN,NaN,raw
810,0.8350865269995085,17.101174698795184,0.04498942190384385,NaN,NaN,NaN,raw
810,0.8354281744489267,17.096027484939757,0.025135343211098216,NaN,NaN,NaN,raw
550,0.8355429979469349,18.729728550109503,0.014582800516263279,NaN,NaN,NaN,raw
550,0.835542997946935,18.729728550109503,0.015133287284759432,NaN,NaN,NaN,raw
550,0.835542997946935,18.729728550109503,0.014088323753046467,NaN,NaN,NaN,raw
550,0.835616915742191,18.72866666666667,0.023347129060638863,NaN,NaN,NaN,raw
810,0.8357320350064638,17.10082530120482,0.044793663900894586,NaN,NaN,NaN,raw
810,0.8357812064891359,17.09633998493976,0.02444326883380778,NaN,NaN,NaN,raw
810,0.8358137545583304,17.05,0.013,7672.51817,0.8358137545583304,0.0769212999548472,raw
810,0.835879539627058,17.041,0.016,5836.59296,0.835879539627058,0.138049930195848,raw
810,0.83612478189958,17.09422063253012,0.026862752612308357,NaN,NaN,NaN,raw
810,0.836384102598042,17.10082530120482,0.044793663900894586,NaN,NaN,NaN,raw
810,0.8364605402405718,17.093510542168673,0.026345520298769572,NaN,NaN,NaN,raw
810,0.8367912324483344,17.09478689759036,0.027635663693445667,NaN,NaN,NaN,raw
810,0.8370420979886203,17.10082530120482,0.04479366390089458,NaN,NaN,NaN,raw
810,0.837110205615041,17.0960640060241,0.028810006101051944,NaN,NaN,NaN,raw
810,0.8373256318118365,17.137,0.009,6184.58838,0.8373256318118365,0.4803218338784063,raw
810,0.837434834073387,17.09586201054217,0.028746209105692914,NaN,NaN,NaN,raw
810,0.8375146514710117,17.10264401488441,0.02031688695891025,NaN,NaN,NaN,raw
810,0.8375146514710117,17.102644014884415,0.020252490958697963,NaN,NaN,NaN,raw
810,0.8375146514710117,17.10264401488441,0.020188703427156403,NaN,NaN,NaN,raw
810,0.8375384912396839,17.1,0.011,6462.70627,0.8375384912396839,0.3585593108491594,raw
810,0.8376989528380407,17.10020481927711,0.04489131900588751,NaN,NaN,NaN,raw
810,0.8377362491555687,17.131,0.01,6071.60316,0.8377362491555687,0.8114074948971393,raw
810,0.8377647719851896,17.095883094879518,0.028750145687274818,NaN,NaN,NaN,raw
810,0.8380987203863813,17.09460184487952,0.027802633733646276,NaN,NaN,NaN,raw
810,0.8383580821850573,17.10083734939759,0.04467787795303486,NaN,NaN,NaN,raw
810,0.8384290656350895,17.094632906626508,0.027809788707807793,NaN,NaN,NaN,raw
810,0.8387692667820583,17.096226656626506,0.028687457673737374,NaN,NaN,NaN,raw
550,0.8388270838830587,18.745428571428572,0.06902476064730359,NaN,NaN,NaN,raw
810,0.8390276848606966,17.10093975903614,0.04457308588594844,NaN,NaN,NaN,raw
810,0.8391082477431548,17.097398531626506,0.028088215013377077,NaN,NaN,NaN,raw
550,0.8391423733540121,18.733142857142855,0.02716991132912639,NaN,NaN,NaN,raw
810,0.8394451061315169,17.098253012048193,0.028601744143087183,NaN,NaN,NaN,raw
810,0.8396975658269875,17.100704819277105,0.044330202861308024,NaN,NaN,NaN,raw
810,0.8397949489949466,17.099515248493976,0.02778426841826996,NaN,NaN,NaN,raw
810,0.8401593293937846,17.098769578313252,0.027367616617904753,NaN,NaN,NaN,raw
810,0.8402442797851108,17.053,0.012,5851.54331,0.8402442797851108,0.1159922972383356,raw
810,0.8403691030212413,17.100475903614452,0.04416150823720355,NaN,NaN,NaN,raw
810,0.8405146426084308,17.099967432228915,0.028277167669449165,NaN,NaN,NaN,raw
810,0.8408621498924629,17.101368222891566,0.02942584638147422,NaN,NaN,NaN,raw
810,0.8410391569228326,17.100572289156624,0.04413619640970307,NaN,NaN,NaN,raw
810,0.8410738275015319,17.108,0.011,7152.78733,0.8410738275015319,0.40242218151979614,raw
810,0.8411958994689852,17.101414344879515,0.02942612461904386,NaN,NaN,NaN,raw
810,0.8412573180848995,17.048,0.01,5665.90002,0.8412573180848995,0.03562772728582786,raw
810,0.8414934194661328,17.033,0.01,6046.92151,0.8414934194661328,0.018771789142192574,raw
810,0.8415475301245718,17.105976844879518,0.03236868628590812,NaN,NaN,NaN,raw
810,0.8417026978526205,17.10127710843373,0.043774439270039274,NaN,NaN,NaN,raw
810,0.8417417458804266,17.141,0.01,6158.51637,0.8417417458804266,0.7137857211455412,raw
810,0.8418980733878578,17.107903990963855,0.03013399991790287,NaN,NaN,NaN,raw
810,0.8420258269252372,17.141,0.018,6927.51223,0.8420258269252372,0.5518859378844354,raw
810,0.8422541495787138,17.107951242469877,0.030123725878924184,NaN,NaN,NaN,raw
810,0.8423664834563827,17.101536144578315,0.043500280955730136,NaN,NaN,NaN,raw
550,0.8424718646840033,18.744833333333332,0.00748206472285703,NaN,NaN,NaN,raw
810,0.8426109323967287,17.107995293674698,0.030113998281357558,NaN,NaN,NaN,raw
810,0.8429615877462359,17.104839043674698,0.03219682800418675,NaN,NaN,NaN,raw
810,0.8430348341706188,17.101409638554216,0.04342992576541871,NaN,NaN,NaN,raw
810,0.8433241100654613,17.10489966114458,0.03218924868793801,NaN,NaN,NaN,raw
810,0.8433959225367289,17.095,0.011,7847.73503,0.8433959225367289,0.8557492748441291,raw
810,0.8437029393660292,17.10495839608434,0.0321821197493677,NaN,NaN,NaN,raw
810,0.8437033780941179,17.101319277108438,0.04337727923018752,NaN,NaN,NaN,raw
810,0.8441019489794623,17.104043862951805,0.03183212794129842,NaN,NaN,NaN,raw
810,0.8441660134412814,17.136,0.013,6166.5131,0.8441660134412814,0.8183331775471743,raw
550,0.8442455480799254,18.752,0.018,6098.72191,0.8442455480799254,0.8168605154805846,raw
550,0.8443429620890258,18.737071428571426,0.07066765584351539,NaN,NaN,NaN,raw
550,0.8443565089345655,18.715023809523807,0.051658233895978935,NaN,NaN,NaN,raw
810,0.8443775663274692,17.1015,0.043283246111392754,NaN,NaN,NaN,raw
550,0.8444810166347452,18.656,0.019,5292.87562,0.8444810166347452,0.1578011412111664,raw
810,0.8445026475927176,17.10407285391566,0.031829535768708846,NaN,NaN,NaN,raw
810,0.8445659015233105,17.128,0.019,6852.76895,0.8445659015233105,0.6802909475445631,raw
810,0.844892114363109,17.102793486445783,0.032768455985364944,NaN,NaN,NaN,raw
810,0.8450518288987315,17.10139156626506,0.04321121825390363,NaN,NaN,NaN,raw
810,0.8452717271900853,17.102583960843376,0.03280365881424408,NaN,NaN,NaN,raw
810,0.845634556456365,17.104098456325303,0.031534808291180653,NaN,NaN,NaN,raw
810,0.8457294579899011,17.102138554216868,0.04321530405497238,NaN,NaN,NaN,raw
810,0.845809086895315,17.139,0.012,5393.69379,0.845809086895315,0.802092399331741,raw
810,0.8460097028243927,17.10336483433735,0.03189283930187893,NaN,NaN,NaN,raw
810,0.8462067600885348,17.146,0.011,6097.67965,0.8462067600885348,0.5875260710381554,raw
810,0.8463688655495544,17.103384600903613,0.03189124868043878,NaN,NaN,NaN,raw
810,0.8464120214551817,17.102301204819277,0.04325799556565002,NaN,NaN,NaN,raw
550,0.8465028031756187,18.658023809523808,0.07805539416224187,NaN,NaN,NaN,raw
810,0.8467481703788978,17.103188629518073,0.03188123851463429,NaN,NaN,NaN,raw
810,0.8470659355371026,17.196,0.02,5698.92853,0.8470659355371026,0.6817189057092037,raw
810,0.8470969240522088,17.102668674698798,0.04267301873467477,NaN,NaN,NaN,raw
810,0.8471218914928288,17.10631362951807,0.031190666791796072,NaN,NaN,NaN,raw
810,0.8474899720116257,17.10593862951807,0.0321576839013413,NaN,NaN,NaN,raw
810,0.847778540705431,17.102337349397594,0.042453761544713156,NaN,NaN,NaN,raw
810,0.8478709126487113,17.105943712349397,0.03215693618095379,NaN,NaN,NaN,raw
810,0.8482610225005894,17.1042249623494,0.031689217658152094,NaN,NaN,NaN,raw
810,0.8484591481650985,17.10223493975904,0.04236578360303728,NaN,NaN,NaN,raw
810,0.8485466029960662,17.036,0.011,7810.88621,0.8485466029960662,0.038233815099374624,raw
810,0.8486531125362475,17.102977409638555,0.030972462059669647,NaN,NaN,NaN,raw
810,0.849055768016076,17.102959149096385,0.03097351143914655,NaN,NaN,NaN,raw
810,0.8491392054548965,17.101939759036146,0.04230677269302355,NaN,NaN,NaN,raw
550,0.8492147597104728,18.65809523809524,0.07816392159721695,NaN,NaN,NaN,raw
810,0.8494465953144706,17.104602597891564,0.03225725657239039,NaN,NaN,NaN,raw
810,0.8498214904562175,17.102084337349396,0.04228953730316532,NaN,NaN,NaN,raw
810,0.849838320819348,17.104805911144577,0.032215256239044615,NaN,NaN,NaN,raw
810,0.8502325398933337,17.10285843373494,0.03425210175386871,NaN,NaN,NaN,raw
810,0.8505045567854251,17.101734939759034,0.042138899997824504,NaN,NaN,NaN,raw
810,0.8506213360629797,17.101773155120483,0.03371410465121021,NaN,NaN,NaN,raw
550,0.850684430803085,18.581,0.035,5786.5369,0.850684430803085,0.07100455659019644,raw
810,0.8510230142331078,17.102726280120482,0.034134640266850515,NaN,NaN,NaN,raw
810,0.8511804378092264,17.10176506024096,0.0421380010851357,NaN,NaN,NaN,raw
810,0.8514198083026098,17.10185128012048,0.03382333387037523,NaN,NaN,NaN,raw
810,0.8514906215132214,17.06,0.01,6168.60153,0.8514906215132214,0.28536533248552587,raw
810,0.8518020819428562,17.101845820783133,0.033823424563914746,NaN,NaN,NaN,raw
810,0.8518451762902259,17.094,0.012,6815.92087,0.8518451762902259,0.8643583054181363,raw
810,0.8518548163060641,17.101463855421684,0.041853806396720046,NaN,NaN,NaN,raw
810,0.8521843536715867,17.10182021837349,0.03382350590652266,NaN,NaN,NaN,raw
810,0.8523737867981254,17.077,0.013,7180.60304,0.8523737867981254,0.89863272364164,raw
550,0.8524788316935883,18.737285714285715,0.07083830837947705,NaN,NaN,NaN,raw
810,0.8525323641280087,17.101204819277104,0.041908778001792255,NaN,NaN,NaN,raw
810,0.8525842992831347,17.09969521837349,0.03354725401235853,NaN,NaN,NaN,raw
810,0.8529725598980725,17.098290097891564,0.03246956463355445,NaN,NaN,NaN,raw
810,0.8532115820405223,17.101728915662648,0.0414919343169554,NaN,NaN,NaN,raw
810,0.8532163937306905,17.148,0.009,6742.91542,0.8532163937306905,0.7098821506733657,raw
810,0.8532719960676332,17.021,0.013,7584.56948,0.8532719960676332,0.9597106609398907,raw
550,0.8533331272082232,18.710539115646256,0.05136131375660506,NaN,NaN,NaN,raw
550,0.8533331272082233,18.71053911564626,0.05517090109696654,NaN,NaN,NaN,raw
550,0.8533331272082233,18.71053911564626,0.05316401055901474,NaN,NaN,NaN,raw
810,0.8533752500126122,17.09824171686747,0.0324645481660878,NaN,NaN,NaN,raw
810,0.8537654982950409,17.09646046686747,0.028213116367052638,NaN,NaN,NaN,raw
810,0.8538927982393593,17.101439759036143,0.041467979438712256,NaN,NaN,NaN,raw
550,0.8541289073170143,18.705761904761903,0.11236686755965969,NaN,NaN,NaN,raw
810,0.8541587872786947,17.097002070783134,0.028501023779767067,NaN,NaN,NaN,raw
810,0.8542252611405274,17.086,0.013,7299.49905,0.8542252611405274,0.21038833146849356,raw
810,0.8545396322154601,17.09696479668675,0.028494600372826195,NaN,NaN,NaN,raw
810,0.8545727080662943,17.101078313253012,0.04082512461171285,NaN,NaN,NaN,raw
810,0.8547159557859112,17.101778325872797,0.018871197758834248,NaN,NaN,NaN,raw
810,0.8549080609170105,17.096957454819275,0.028493228908232974,NaN,NaN,NaN,raw
810,0.8552514588108933,17.100951807228913,0.040626727615131975,NaN,NaN,NaN,raw
810,0.8552858778075546,17.098978727409637,0.026234120208733436,NaN,NaN,NaN,raw
810,0.8555413077192497,17.154,0.013,7446.90195,0.8555413077192497,0.4967489140053658,raw
810,0.8556491674946235,17.09907435993976,0.026250834895259062,NaN,NaN,NaN,raw
810,0.8559311386928031,17.101506024096384,0.040265143507407744,NaN,NaN,NaN,raw
810,0.855992872449395,17.09897797439759,0.026245088384433884,NaN,NaN,NaN,raw
810,0.8563183884616592,17.039,0.009,6770.72828,0.8563183884616592,0.1999967060291965,raw
810,0.8563304543815734,17.098958772590358,0.02624323094002787,NaN,NaN,NaN,raw
810,0.8566074908699576,17.10127108433735,0.04007030194808897,NaN,NaN,NaN,raw
810,0.8566572497457271,17.098778614457828,0.026243132888370786,NaN,NaN,NaN,raw
810,0.8569785722028526,17.10074736445783,0.025595252877658993,NaN,NaN,NaN,raw
550,0.8571425749723858,18.754761904761903,0.03859161729145323,NaN,NaN,NaN,raw
810,0.8572312677715672,17.132,0.011,6086.55877,0.8572312677715672,0.8006007006733853,raw
810,0.8572633117473742,17.1,0.013,6579.52261,0.8572633117473742,0.22201990200665023,raw
810,0.8572845853866154,17.101216867469876,0.04006450804232139,NaN,NaN,NaN,raw
810,0.8572950637026122,17.10097364457831,0.025565667687208162,NaN,NaN,NaN,raw
810,0.8576320835409432,17.10098249246988,0.025565891807471815,NaN,NaN,NaN,raw
810,0.8579614133958784,17.10398249246988,0.028161642287976966,NaN,NaN,NaN,raw
810,0.8579621533092806,17.10131927710843,0.04000848988033116,NaN,NaN,NaN,raw
810,0.8582981927135798,17.10402315512048,0.028158441447367937,NaN,NaN,NaN,raw
810,0.8586073464648507,17.071,0.008,6344.86117,0.8586073464648507,0.2946400020355213,raw
810,0.8586310997665438,17.101036144578313,0.040041779932929414,NaN,NaN,NaN,raw
810,0.8586344502796152,17.104054781626505,0.02815634979051013,NaN,NaN,NaN,raw
810,0.8589765094521823,17.103929781626505,0.027963178145729715,NaN,NaN,NaN,raw
550,0.8592234594543697,18.799,0.016,6067.78651,0.8592234594543697,0.6478117439492053,raw
810,0.8592981051204509,17.10075301204819,0.04008724375764315,NaN,NaN,NaN,raw
810,0.8593315094706142,17.106496234939762,0.023522564335113818,NaN,NaN,NaN,raw
810,0.859553880574822,17.139,0.008,6456.80392,0.859553880574822,0.7337707186015905,raw
810,0.8596821715291298,17.12,0.01,6463.75691,0.8596821715291298,0.605818095327777,raw
810,0.8596878050525416,17.10656532379518,0.023510477383760057,NaN,NaN,NaN,raw
550,0.8597254337691993,18.728,0.012,7453.85635,0.8597254337691993,0.3718121999736468,raw
550,0.8599446892560428,18.753261904761903,0.03968256269840602,NaN,NaN,NaN,raw
810,0.8599655786819236,17.10114457831325,0.04015157116971709,NaN,NaN,NaN,raw
810,0.8600486152711224,17.10544032379518,0.025318119397389052,NaN,NaN,NaN,raw
810,0.860248866614711,17.102,0.018,6198.50224,0.860248866614711,0.24127145600141375,raw
810,0.8604041048812368,17.105520519578313,0.025307919216199144,NaN,NaN,NaN,raw
810,0.8606367434934776,17.100680722891564,0.04021443117371889,NaN,NaN,NaN,raw
810,0.8607424268948564,17.10499077560241,0.025582563075766247,NaN,NaN,NaN,raw
810,0.8607644754411012,17.105,0.012,6450.54669,0.8607644754411012,0.34991413214447675,raw
810,0.8608200490089075,17.099,0.011,6479.74908,0.8608200490089075,0.8121537720144261,raw
550,0.8608851745445593,18.73278571428571,0.06635473268313667,NaN,NaN,NaN,raw
810,0.8610797075168904,17.104303275602412,0.024495531301350286,NaN,NaN,NaN,raw
810,0.8613071786151314,17.10112048192771,0.03945473742430533,NaN,NaN,NaN,raw
810,0.8614132168597806,17.10436577560241,0.02449071493560845,NaN,NaN,NaN,raw
810,0.8616378894621448,17.096,0.012,5639.83356,0.8616378894621448,0.2809627466758684,raw
810,0.8617350957357601,17.10708452560241,0.021666439378013682,NaN,NaN,NaN,raw
810,0.8617729401412362,17.123,0.015,6409.87231,0.8617729401412362,0.3497449417736789,raw
810,0.8619729042825329,17.101240963855417,0.039364986861175254,NaN,NaN,NaN,raw
810,0.8620536904224056,17.106357304216868,0.022250525731328182,NaN,NaN,NaN,raw
810,0.8623670371543724,17.105474774096386,0.021755193969116692,NaN,NaN,NaN,raw
810,0.8626394511326567,17.101746987951802,0.03885087054864702,NaN,NaN,NaN,raw
810,0.8626909232732216,17.104006024096385,0.023641502544023203,NaN,NaN,NaN,raw
810,0.8629123421560507,17.173,0.011,6029.89424,0.8629123421560507,0.5984164979199704,raw
810,0.8630230262605754,17.104072100903615,0.023636409875488793,NaN,NaN,NaN,raw
810,0.8633093022944557,17.10250602409638,0.038868035786679044,NaN,NaN,NaN,raw
810,0.863349414883448,17.102562123493975,0.025302617779170682,NaN,NaN,NaN,raw
550,0.8635522285604522,18.73147619047619,0.0030408220335034434,NaN,NaN,NaN,raw
810,0.8636604801539287,17.103571159638552,0.024638467479870543,NaN,NaN,NaN,raw
810,0.863971824153653,17.10274096385542,0.03912790691656541,NaN,NaN,NaN,raw
810,0.8639781155251207,17.10347628012048,0.024654385151323625,NaN,NaN,NaN,raw
810,0.8641622872528387,17.144,0.009,6376.84665,0.8641622872528387,0.7097497501181351,raw
810,0.8642879712828913,17.103539344879515,0.024649775086155987,NaN,NaN,NaN,raw
810,0.8646101078343982,17.102404743975903,0.023785342583753366,NaN,NaN,NaN,raw
810,0.8646319966574522,17.103126506024093,0.038889925732453076,NaN,NaN,NaN,raw
810,0.8649484938647864,17.101856174698796,0.02356788213774886,NaN,NaN,NaN,raw
810,0.8652942568610397,17.103650602409637,0.03898622405801265,NaN,NaN,NaN,raw
810,0.8652982310154972,17.101918486445783,0.023568575991249185,NaN,NaN,NaN,raw
810,0.8656441997903475,17.10084431293255,0.017429610310839835,NaN,NaN,NaN,raw
810,0.8656441997903476,17.10084431293255,0.017540275615067918,NaN,NaN,NaN,raw
810,0.8656441997903476,17.100844312932548,0.01748468030686367,NaN,NaN,NaN,raw
810,0.8656594480404292,17.10196065512048,0.023569933664796438,NaN,NaN,NaN,raw
810,0.8657711881351133,17.05,0.011,6175.55944,0.8657711881351133,0.16793630741813104,raw
810,0.8659483755899524,17.103644578313254,0.0389806502208375,NaN,NaN,NaN,raw
810,0.8660289084459569,17.102057793674696,0.023570893891611634,NaN,NaN,NaN,raw
810,0.8660777632467216,17.084,0.01,6434.90441,0.8660777632467216,0.891973125468212,raw
810,0.8663342876243405,17.132,0.012,6214.49613,0.8663342876243405,0.451286114177492,raw
810,0.8664122666626659,17.1004015436747,0.02516560830607344,NaN,NaN,NaN,raw
810,0.8666034376652884,17.103506024096387,0.03897376693296228,NaN,NaN,NaN,raw
810,0.8666185124930053,17.126,0.009,7221.63037,0.8666185124930053,0.653741748759785,raw
810,0.8667965021947158,17.10055591114458,0.025171883437179667,NaN,NaN,NaN,raw
810,0.8668025208426116,17.078,0.01,7495.92413,0.8668025208426116,0.3523841832029575,raw
810,0.8671756005911302,17.098708396084337,0.027215736196413508,NaN,NaN,NaN,raw
810,0.867258363194503,17.10375903614458,0.039171600832651955,NaN,NaN,NaN,raw
810,0.8675464973624312,17.099458396084337,0.02746821164842795,NaN,NaN,NaN,raw
810,0.8676276675505505,17.053,0.011,7211.54895,0.8676276675505505,0.09016178321144253,raw
810,0.867911880981936,17.103331325301205,0.03928179292245483,NaN,NaN,NaN,raw
810,0.8679215916213358,17.098877070783132,0.0271489063879112,NaN,NaN,NaN,raw
550,0.8679756872383483,18.757809523809524,0.04260235773233473,NaN,NaN,NaN,raw
810,0.8683110887648023,17.098978915662652,0.027164168812933376,NaN,NaN,NaN,raw
810,0.8684065892412036,17.053,0.011,6732.83893,0.8684065892412036,0.15684717275507865,raw
810,0.868561435120233,17.103289156626506,0.03925998197578484,NaN,NaN,NaN,raw
810,0.8686961476834363,17.09973682228916,0.027579064840778614,NaN,NaN,NaN,raw
810,0.8687954316446849,17.098,0.016,6929.60742,0.8687954316446849,0.0333773456459312,raw
810,0.8690769347711358,17.097598079819278,0.024155508609965876,NaN,NaN,NaN,raw
810,0.8692134893691076,17.10277108433735,0.03930018900446636,NaN,NaN,NaN,raw
810,0.8694494053261587,17.097426016566267,0.02413902534340504,NaN,NaN,NaN,raw
810,0.8698178009742523,17.097480421686747,0.024153348382354802,NaN,NaN,NaN,raw
810,0.8698622502230487,17.10269277108434,0.03938476334560994,NaN,NaN,NaN,raw
550,0.8700460773675981,18.733642857142854,0.06654623279270641,NaN,NaN,NaN,raw
810,0.8701827119729078,17.096074171686748,0.022618767601598547,NaN,NaN,NaN,raw
810,0.8705105245015542,17.10244578313253,0.039144720767026,NaN,NaN,NaN,raw
810,0.8705511210720055,17.096121987951808,0.022635768176210543,NaN,NaN,NaN,raw
810,0.8709111918427872,17.096132906626508,0.02263960079720411,NaN,NaN,NaN,raw
810,0.8711571675046644,17.103138554216866,0.03870978368640871,NaN,NaN,NaN,raw
810,0.8712646804698496,17.09784318524096,0.021053803468693132,NaN,NaN,NaN,raw
810,0.8716301345177049,17.098385542168675,0.021428283186893573,NaN,NaN,NaN,raw
810,0.871807811412531,17.103349397590357,0.03869474437257779,NaN,NaN,NaN,raw
810,0.8719948599910741,17.099039533132533,0.021294009868114885,NaN,NaN,NaN,raw
550,0.8721478081026275,18.78688095238095,0.04656147644174865,NaN,NaN,NaN,raw
810,0.8723529231724261,17.09641453313253,0.022255569879448718,NaN,NaN,NaN,raw
810,0.8724594764703671,17.103789156626505,0.03824542915703282,NaN,NaN,NaN,raw
810,0.8727221800205092,17.09645105421687,0.022268537418726933,NaN,NaN,NaN,raw
550,0.8729958098028874,18.807,0.014,5686.76989,0.8729958098028874,0.6750843331628857,raw
810,0.8730319383757887,17.052,0.009,6476.6245,0.8730319383757887,0.12885611268029606,raw
810,0.873112160950686,17.095765248493976,0.021658744686748038,NaN,NaN,NaN,raw
810,0.8731155860345076,17.103939759036145,0.03820038057801538,NaN,NaN,NaN,raw
550,0.8734015371373971,18.82,0.013,6863.55604,0.8734015371373971,0.7532586257675575,raw
810,0.8734383273003914,17.042,0.011,5828.61013,0.8734383273003914,0.06323377766966587,raw
810,0.8735065861437761,17.12,0.012,5724.66362,0.8735065861437761,0.7276024355724076,raw
810,0.8735174177647782,17.096582266566266,0.021459178339177227,NaN,NaN,NaN,raw
810,0.8737759564261858,17.104397590361444,0.03772514305341824,NaN,NaN,NaN,raw
810,0.8739097369007517,17.09696479668675,0.021699001164403195,NaN,NaN,NaN,raw
810,0.8743102170921746,17.098565512048193,0.0201878512826333,NaN,NaN,NaN,raw
810,0.8744368128734632,17.104500000000005,0.037820749475771694,NaN,NaN,NaN,raw
810,0.8747227266562355,17.09858640813253,0.02019328875446248,NaN,NaN,NaN,raw
550,0.8749366974327044,18.78847619047619,0.043827196228505005,NaN,NaN,NaN,raw
810,0.8749613365289406,17.126,0.012,7267.52271,0.8749613365289406,0.8148285198931262,raw
810,0.8750975289624339,17.10456024096386,0.03779264780113146,NaN,NaN,NaN,raw
810,0.8751407119702486,17.100173004518073,0.01841199054821798,NaN,NaN,NaN,raw
810,0.8752283600551891,17.097,0.009,6005.91086,0.8752283600551891,0.2993403286745888,raw
810,0.8755545499183789,17.101132718373496,0.01935585672127637,NaN,NaN,NaN,raw
810,0.8757604848926502,17.104481927710843,0.03780728210945383,NaN,NaN,NaN,raw
810,0.8758394392098126,17.099,0.018,7475.76373,0.8758394392098126,0.2304432723503851,raw
810,0.8759667942745771,17.101413968373492,0.01937424686663522,NaN,NaN,NaN,raw
810,0.8763802805905511,17.101439570783135,0.01937663927610628,NaN,NaN,NaN,raw
810,0.8764210878285799,17.104656626506024,0.03746605960719587,NaN,NaN,NaN,raw
550,0.8764339050870511,18.749586482741243,0.03697652268106336,NaN,NaN,NaN,raw
550,0.8764339050870512,18.749586482741243,0.03971915682324888,NaN,NaN,NaN,raw
550,0.8764339050870512,18.74958648274124,0.038274337209664853,NaN,NaN,NaN,raw
810,0.8767765113586081,17.10188667168675,0.019570582194323963,NaN,NaN,NaN,raw
810,0.8768165215260524,17.104,0.015,5812.61953,0.8768165215260524,0.8602562410596875,raw
550,0.8768829038337019,18.74332980599647,0.045373465621542486,NaN,NaN,NaN,raw
810,0.8770828242011112,17.10472891566265,0.03735974183974285,NaN,NaN,NaN,raw
810,0.8771691824137651,17.101810240963857,0.019573103913971074,NaN,NaN,NaN,raw
810,0.8775425719095479,17.10181532379518,0.019573481098764875,NaN,NaN,NaN,raw
810,0.8776429051213199,17.121,0.011,6741.88097,0.8776429051213199,0.497252848910648,raw
810,0.8777489783945395,17.104927710843373,0.037035374779135495,NaN,NaN,NaN,raw
810,0.8777923094276048,17.048,0.014,6525.64442,0.8777923094276048,0.9796573713192629,raw
810,0.8779071237436857,17.102085655120483,0.019654919559997184,NaN,NaN,NaN,raw
810,0.8782603026673393,17.102083960843373,0.019654770315484776,NaN,NaN,NaN,raw
550,0.8783937455299174,18.742809523809523,0.07509590240368008,NaN,NaN,NaN,raw
550,0.8784127453578289,18.738428571428567,0.0694613498348477,NaN,NaN,NaN,raw
810,0.8784196568039441,17.10467469879518,0.03681340613310372,NaN,NaN,NaN,raw
810,0.8785971976615735,17.105021460843375,0.0189393771759792,NaN,NaN,NaN,raw
810,0.8789500313482059,17.105006212349398,0.01894047256910661,NaN,NaN,NaN,raw
810,0.8790979022586649,17.10405421686747,0.03694652253683418,NaN,NaN,NaN,raw
810,0.8792937840476562,17.1074749623494,0.01525268219053436,NaN,NaN,NaN,raw
810,0.8796545882555804,17.10696027861446,0.015093453146309123,NaN,NaN,NaN,raw
810,0.8797707388935616,17.104144578313253,0.03692289509976657,NaN,NaN,NaN,raw
810,0.8798125755456567,17.116,0.009,6128.63194,0.8798125755456567,0.7927015851928445,raw
810,0.8800198753679912,17.10854160391566,0.017305053106264578,NaN,NaN,NaN,raw
810,0.8803718427861402,17.108520331325302,0.01731059910337774,NaN,NaN,NaN,raw
810,0.8804430336760823,17.104222891566266,0.03705137735239235,NaN,NaN,NaN,raw
810,0.8807103423161569,17.1073640813253,0.017341061980470456,NaN,NaN,NaN,raw
810,0.8810489958341925,17.10862782379518,0.018560781374052353,NaN,NaN,NaN,raw
810,0.8811121870318847,17.104,0.03686091795828289,NaN,NaN,NaN,raw
810,0.881396223051391,17.108847703313252,0.018459992389311283,NaN,NaN,NaN,raw
810,0.8817468109943523,17.108838478915665,0.01846231793000644,NaN,NaN,NaN,raw
810,0.8817821192896222,17.10377108433735,0.036972496018626864,NaN,NaN,NaN,raw
810,0.8818042494604015,17.134,0.017,6086.91496,0.8818042494604015,0.5624707098522777,raw
810,0.8819872510430287,17.107,0.012,5389.5346,0.8819872510430287,0.9058232074003172,raw
810,0.8821023806281776,17.108869728915664,0.01844596684301022,NaN,NaN,NaN,raw
810,0.88244434284953,17.109067959337352,0.01843331035447167,NaN,NaN,NaN,raw
810,0.8824450514802736,17.103590361445782,0.03688229801049849,NaN,NaN,NaN,raw
810,0.882541634800873,17.117,0.009,6432.82425,0.882541634800873,0.44263002686238906,raw
810,0.8827749716145007,17.10844295933735,0.01894270923059968,NaN,NaN,NaN,raw
550,0.88281995261492,18.715833333333332,0.03969413243364422,NaN,NaN,NaN,raw
810,0.8830759982665768,17.1,0.016,6936.56533,0.8830759982665768,0.9159483205767174,raw
810,0.8831042006627244,17.10840436746988,0.01895177571118996,NaN,NaN,NaN,raw
810,0.8831056313697171,17.103301204819278,0.03664844779540233,NaN,NaN,NaN,raw
550,0.8833669540945266,18.67,0.014,7546.68639,0.8833669540945266,0.9299509091251821,raw
810,0.8834358687775616,17.107853727409637,0.01882959277841517,NaN,NaN,NaN,raw
810,0.8834734701049456,17.112,0.012,6472.80401,0.8834734701049456,0.9570468216697918,raw
810,0.8837612020272801,17.103734939759036,0.03579896200877101,NaN,NaN,NaN,raw
810,0.8837675154487951,17.10863723644578,0.01922146980199462,NaN,NaN,NaN,raw
810,0.8838125781912822,17.146,0.012,7130.90041,0.8838125781912822,0.58755387729434,raw
810,0.8841143474317656,17.11037763554217,0.015764453263159804,NaN,NaN,NaN,raw
810,0.8844062640067472,17.103451807228918,0.03566418409296854,NaN,NaN,NaN,raw
810,0.8844384136828012,17.121,0.01,7168.79418,0.8844384136828012,0.6401575374093227,raw
810,0.8844612787756062,17.11033264307229,0.015783298057238028,NaN,NaN,NaN,raw
810,0.8847890943637311,17.110862198795182,0.015849989881190543,NaN,NaN,NaN,raw
810,0.8850523207973486,17.10353012048193,0.035741440967169025,NaN,NaN,NaN,raw
810,0.8850984924138074,17.109420180722893,0.018378311092422155,NaN,NaN,NaN,raw
810,0.8854204737642604,17.10798268072289,0.019605104259178704,NaN,NaN,NaN,raw
810,0.8854651440233283,17.155,0.011,5735.79249,0.8854651440233283,0.5316179583060148,raw
810,0.8856997702542323,17.103819277108435,0.03580913869418957,NaN,NaN,NaN,raw
810,0.8857236871844941,17.107940700301207,0.01961485066306269,NaN,NaN,NaN,raw
810,0.8857933214894729,17.089,0.01,5677.73551,0.8857933214894729,0.3510629582833644,raw
810,0.8859344415395753,17.145,0.011,6832.61979,0.8859344415395753,0.5823917529196478,raw
810,0.8860080121569007,17.109128200301207,0.020498933992480442,NaN,NaN,NaN,raw
810,0.8862871333885458,17.107416603915663,0.023084243285296752,NaN,NaN,NaN,raw
810,0.8863396310055369,17.104036144578313,0.03593122919002678,NaN,NaN,NaN,raw
810,0.8865673928816871,17.10643298192771,0.022580072731509093,NaN,NaN,NaN,raw
550,0.8866801583924045,18.739071428571428,0.06915919682511125,NaN,NaN,NaN,raw
810,0.8868615977248309,17.106298192771085,0.022589450584046336,NaN,NaN,NaN,raw
810,0.8869792990674149,17.104186746987953,0.03616822737953865,NaN,NaN,NaN,raw
810,0.8871469935845239,17.106092243975905,0.02264490854238583,NaN,NaN,NaN,raw
810,0.887217667492223,17.1,0.008,6452.64177,0.887217667492223,0.8311702562041319,raw
810,0.8873638789118559,17.111,0.01,7137.85459,0.8873638789118559,0.4621465958607587,raw
810,0.8873966420051147,17.084,0.011,5692.6849,0.8873966420051147,0.32695194030929997,raw
810,0.8874386424661947,17.1039672439759,0.02468680825108861,NaN,NaN,NaN,raw
810,0.8876181537442713,17.103493975903614,0.035845754913357515,NaN,NaN,NaN,raw
810,0.8877184553469611,17.104066641566263,0.024676720768751745,NaN,NaN,NaN,raw
810,0.8879974044068946,17.105807228915662,0.02651676058038086,NaN,NaN,NaN,raw
810,0.8882562847961105,17.103379518072288,0.035778026976229144,NaN,NaN,NaN,raw
810,0.8882653699801382,17.105338478915662,0.026536330518782642,NaN,NaN,NaN,raw
810,0.8883616718740086,17.13,0.013,7087.79373,0.8883616718740086,0.3848342971778038,raw
550,0.8884623657534013,18.71945238095238,0.04313045785240007,NaN,NaN,NaN,raw
810,0.8885433609754864,17.105322477409636,0.02653748300893089,NaN,NaN,NaN,raw
810,0.88883535593342,17.105666227409635,0.02714566583650085,NaN,NaN,NaN,raw
810,0.8888909328826635,17.103692771084336,0.03542806038407368,NaN,NaN,NaN,raw
810,0.8891129874501447,17.105659826807226,0.027146228952606228,NaN,NaN,NaN,raw
810,0.8894091332504175,17.10512612951807,0.02700241070753185,NaN,NaN,NaN,raw
810,0.889521459806841,17.103234939759034,0.03565438791895222,NaN,NaN,NaN,raw
810,0.8895880010786641,17.121,0.014,6851.74166,0.8895880010786641,0.4829764756923396,raw
810,0.8896714764960052,17.058,0.01,6842.70286,0.8896714764960052,0.14950097396831552,raw
810,0.8897030353918306,17.10445331325301,0.027309941774166558,NaN,NaN,NaN,raw
810,0.8899867220642805,17.102859939759036,0.025706033453817823,NaN,NaN,NaN,raw
810,0.89011597876015,17.07,0.01,6724.85059,0.89011597876015,0.07024544581690861,raw
810,0.890145863123562,17.102879518072285,0.03589982614640474,NaN,NaN,NaN,raw
810,0.8902105861488963,17.142,0.014,5818.53419,0.8902105861488963,0.5113752182533062,raw
810,0.8902758129321595,17.1009280873494,0.027863950032412505,NaN,NaN,NaN,raw
810,0.8905686387387218,17.10140229668675,0.027783411323489927,NaN,NaN,NaN,raw
810,0.8907139987022674,17.049,0.01,6804.80967,0.8907139987022674,0.09813790063162742,raw
810,0.8907725532409208,17.102524096385544,0.035861974764742205,NaN,NaN,NaN,raw
810,0.8908688954830891,17.101183546686748,0.027454688295498058,NaN,NaN,NaN,raw
810,0.8911640231062679,17.101191641566267,0.02745559467416272,NaN,NaN,NaN,raw
810,0.8914018060236285,17.102686746987953,0.03584323703957248,NaN,NaN,NaN,raw
810,0.8914585904225696,17.10119672439759,0.027456182091426355,NaN,NaN,NaN,raw
810,0.8915777189904475,17.097,0.012,7186.87432,0.8915777189904475,0.31254145538332523,raw
810,0.8917647801211498,17.101345256024096,0.02746235490579323,NaN,NaN,NaN,raw
810,0.8918743990143412,17.049,0.011,6080.66081,0.8918743990143412,0.18520206698849506,raw
810,0.8920300104511012,17.10318072289157,0.035871874549801196,NaN,NaN,NaN,raw
810,0.8920320012875891,17.159,0.011,7270.65747,0.8920320012875891,0.5199006161656143,raw
810,0.8920483684487408,17.097,0.011,7184.7886,0.8920483684487408,0.851305835227322,raw
810,0.8920854743448399,17.10115530873494,0.02741440124393912,NaN,NaN,NaN,raw
810,0.8924033209940221,17.10606622574157,0.016321846167228708,NaN,NaN,NaN,raw
810,0.8924033209940223,17.106066225741575,0.016373744060252986,NaN,NaN,NaN,raw
810,0.8924033209940225,17.106066225741575,0.016270438650033317,NaN,NaN,NaN,raw
810,0.8924053972151864,17.10053030873494,0.028038995663224514,NaN,NaN,NaN,raw
810,0.8926569138784215,17.10322289156627,0.035826074219936554,NaN,NaN,NaN,raw
810,0.8927271953743384,17.10126487198795,0.028424397847582498,NaN,NaN,NaN,raw
810,0.8930392241732147,17.101333019578313,0.02843224432525115,NaN,NaN,NaN,raw
810,0.8931564168451587,17.157,0.014,5994.79238,0.8931564168451587,0.5175484208502894,raw
810,0.8932904725419335,17.103246987951813,0.035842828072096974,NaN,NaN,NaN,raw
810,0.8933671788092221,17.100579631024097,0.027963680131761703,NaN,NaN,NaN,raw
810,0.8936977773526807,17.100644766566266,0.027973591214089027,NaN,NaN,NaN,raw
810,0.8939150792915365,17.103921686746993,0.035888546491308924,NaN,NaN,NaN,raw
810,0.8940141624140368,17.100981174698795,0.02807030791336829,NaN,NaN,NaN,raw
810,0.8943351307047167,17.100231174698795,0.027837839276106665,NaN,NaN,NaN,raw
810,0.8944571893225657,17.082,0.01,6160.62058,0.8944571893225657,0.21457039228334907,raw
810,0.8945431175417257,17.104012048192775,0.03574776754238393,NaN,NaN,NaN,raw
810,0.8946566275482426,17.102699924698797,0.02747241860838413,NaN,NaN,NaN,raw
810,0.8949506780263619,17.042,0.013,6011.82772,0.8949506780263619,0.9551649798613653,raw
810,0.8949680807806496,17.103820783132534,0.026819163358698245,NaN,NaN,NaN,raw
810,0.8951637472994672,17.104174698795184,0.035959567676551285,NaN,NaN,NaN,raw
810,0.8952837447350581,17.103012048192774,0.02723543231712178,NaN,NaN,NaN,raw
550,0.8953399847732726,18.749285714285712,0.07367540929011458,NaN,NaN,NaN,raw
810,0.8955426573593286,17.138,0.01,7214.68748,0.8955426573593286,0.803297693555578,raw
550,0.8955587252334486,18.746571428571425,0.006577248975187637,NaN,NaN,NaN,raw
810,0.8956111910054112,17.101885353915662,0.02630022464842118,NaN,NaN,NaN,raw
810,0.8957837149472576,17.104295180722897,0.035978995231188964,NaN,NaN,NaN,raw
810,0.8959346492480442,17.103947853915663,0.02454867751277459,NaN,NaN,NaN,raw
810,0.8962581383835944,17.104462725903616,0.024690223761646056,NaN,NaN,NaN,raw
810,0.8964054531890658,17.10434939759036,0.036026230758507,NaN,NaN,NaN,raw
810,0.8965673853101535,17.104568524096386,0.024689621719307994,NaN,NaN,NaN,raw
810,0.8968900972657105,17.104853350903614,0.024652037377106428,NaN,NaN,NaN,raw
810,0.8970157378467907,17.104753012048192,0.035822193348915926,NaN,NaN,NaN,raw
810,0.8972127375096045,17.106259600903613,0.02255768842594639,NaN,NaN,NaN,raw
810,0.897535406707827,17.10681645331325,0.02269873215806876,NaN,NaN,NaN,raw
810,0.897626094069936,17.104921686746984,0.03590340423867227,NaN,NaN,NaN,raw
810,0.8976341738562041,17.064,0.014,6382.76829,0.8976341738562041,0.3757985475294845,raw
810,0.8978626572833551,17.105151355421686,0.020605018650869753,NaN,NaN,NaN,raw
810,0.8979156948371383,17.127,0.014,6458.90314,0.8979156948371383,0.2238820655438758,raw
810,0.8982061618865206,17.107245105421686,0.023013325540327253,NaN,NaN,NaN,raw
810,0.8982412063601534,17.105560240963854,0.035827439762583825,NaN,NaN,NaN,raw
810,0.8985325627257753,17.107313817771082,0.023004209497085135,NaN,NaN,NaN,raw
810,0.8988562202262457,17.105891566265058,0.03540416412700539,NaN,NaN,NaN,raw
810,0.8988622781708068,17.105694277108434,0.021142320526811947,NaN,NaN,NaN,raw
810,0.8991931681473347,17.10643655873494,0.021468087654898476,NaN,NaN,NaN,raw
810,0.8994700862733379,17.105777108433735,0.035320588297036715,NaN,NaN,NaN,raw
810,0.8995170922960982,17.105220256024097,0.02268335021046443,NaN,NaN,NaN,raw
810,0.8996457817702321,17.114,0.012,6181.48122,0.8996457817702321,0.8342845568113262,raw
810,0.8998248806876205,17.10596780873494,0.022284085651732788,NaN,NaN,NaN,raw
810,0.8998589863804227,17.097,0.011,5779.60105,0.8998589863804227,0.23561865816918726,raw
810,0.8999593754888338,17.137,0.011,7910.67885,0.8999593754888338,0.4889751405644347,raw
810,0.9000824821971738,17.105867469879517,0.03543026307323262,NaN,NaN,NaN,raw
810,0.9001464815599427,17.105936182228916,0.022287668769963125,NaN,NaN,NaN,raw
810,0.9002471096646332,17.077,0.016,7566.8558,0.9002471096646332,0.07116369392861088,raw
810,0.9004570343276705,17.10795030120482,0.018991986780802838,NaN,NaN,NaN,raw
810,0.9006888668001964,17.105945783132533,0.03542046250302826,NaN,NaN,NaN,raw
810,0.9007645727925713,17.10875734186747,0.019371291023601408,NaN,NaN,NaN,raw
810,0.9010646624665242,17.115,0.011,7293.60533,0.9010646624665242,0.6040588149353425,raw
810,0.9010748374468145,17.107773343373495,0.01862324127693389,NaN,NaN,NaN,raw
810,0.901124205578526,17.119,0.017,5760.48089,0.901124205578526,0.33869152745501196,raw
810,0.901297707673522,17.10607228915663,0.03556565695622665,NaN,NaN,NaN,raw
810,0.9013957848245086,17.107849021084338,0.018613569316432915,NaN,NaN,NaN,raw
810,0.9017029677150692,17.10727560240964,0.019003415918845672,NaN,NaN,NaN,raw
810,0.9019045015682707,17.10611445783133,0.03559595016981765,NaN,NaN,NaN,raw
810,0.9020035105424262,17.107333019578313,0.018998323280659882,NaN,NaN,NaN,raw
810,0.902198886818951,17.094,0.01,5988.88552,0.902198886818951,0.8831131969127455,raw
810,0.9023031036335947,17.107416603915667,0.018993255326181707,NaN,NaN,NaN,raw
810,0.9023554247942229,17.121,0.015,5972.8938,0.9023554247942229,0.6777400444516388,raw
810,0.902504019704486,17.10571686746988,0.035595002438721976,NaN,NaN,NaN,raw
810,0.9026123664533638,17.10882285391566,0.017262004314942393,NaN,NaN,NaN,raw
810,0.902920915801283,17.108223456325298,0.01694048617727509,NaN,NaN,NaN,raw
810,0.9030405157500354,17.164,0.011,5739.62272,0.9030405157500354,0.7242605514584284,raw
810,0.9031017407345732,17.10542168674699,0.03546184308116809,NaN,NaN,NaN,raw
810,0.9032282070471853,17.107768448795177,0.017207755136570347,NaN,NaN,NaN,raw
810,0.90352529273908,17.107821536144577,0.017204398147907935,NaN,NaN,NaN,raw
810,0.9037073110861653,17.10517469879518,0.03496647171002686,NaN,NaN,NaN,raw
810,0.9038210222297065,17.107886671686746,0.017200353454971968,NaN,NaN,NaN,raw
810,0.9038789517908299,17.127,0.012,6391.80929,0.9038789517908299,0.7139797232503042,raw
810,0.9041169894251337,17.107542921686743,0.017184147285069083,NaN,NaN,NaN,raw
810,0.9042806520519662,17.065,0.013,5767.78258,0.9042806520519662,0.9565882323495316,raw
810,0.9043064178512757,17.10592168674699,0.03480386446043106,NaN,NaN,NaN,raw
810,0.9044154285944754,17.108136671686744,0.017136294421271,NaN,NaN,NaN,raw
550,0.9046560325346685,18.751357142857138,0.07416365182990395,NaN,NaN,NaN,raw
550,0.9047114841970533,18.754119047619046,0.006658711239733974,NaN,NaN,NaN,raw
810,0.9047135281043754,17.10722703313253,0.01630725188279634,NaN,NaN,NaN,raw
810,0.9048343454560381,17.103,0.011,5737.53746,0.9048343454560381,0.26400884495524224,raw
810,0.9048883665936517,17.10645180722892,0.03477033867047564,NaN,NaN,NaN,raw
810,0.9050049781762937,17.13,0.009,6809.6817,0.9050049781762937,0.5191310245718341,raw
810,0.9050254598654107,17.107296875,0.01630602714856293,NaN,NaN,NaN,raw
810,0.9053390122340631,17.107109375,0.016695488730501914,NaN,NaN,NaN,raw
810,0.9054711262951092,17.10651204819277,0.03475729493115059,NaN,NaN,NaN,raw
810,0.9056490691721051,17.10729856927711,0.01671616805345582,NaN,NaN,NaN,raw
810,0.9059477508927599,17.107095256024095,0.01665894384120075,NaN,NaN,NaN,raw
810,0.9060540310334677,17.106716867469878,0.03468242876845982,NaN,NaN,NaN,raw
810,0.9062353056870052,17.086,0.012,7909.63809,0.9062353056870052,0.26284911021139123,raw
810,0.9062618938222797,17.106759789156627,0.0165189793123656,NaN,NaN,NaN,raw
810,0.9064703264893287,17.106523735417863,0.01676976949897734,NaN,NaN,NaN,raw
810,0.906576773188924,17.105976280120483,0.01713572642099058,NaN,NaN,NaN,raw
810,0.9066331083222176,17.106590361445782,0.03456904768792993,NaN,NaN,NaN,raw
810,0.9068730632896498,17.107160203313256,0.018407184193185887,NaN,NaN,NaN,raw
810,0.9071636002324206,17.109035203313255,0.02000954040998841,NaN,NaN,NaN,raw
810,0.9072130729873278,17.107596385542166,0.03449303467951118,NaN,NaN,NaN,raw
810,0.9074550909077155,17.109035203313255,0.02000954040998841,NaN,NaN,NaN,raw
810,0.9075305840888177,17.109,0.011,7252.5852,0.9075305840888177,0.8643501774367905,raw
810,0.9077438395384531,17.109114269578313,0.020001002243837426,NaN,NaN,NaN,raw
810,0.9077892739705492,17.107819277108433,0.034472173961850275,NaN,NaN,NaN,raw
810,0.9080181648264994,17.107583019578314,0.01736552942838584,NaN,NaN,NaN,raw
810,0.9080745262290293,17.091,0.01,6442.56725,0.9080745262290293,0.28234899545532244,raw
810,0.9082966336195435,17.10744484186747,0.017400837754007532,NaN,NaN,NaN,raw
810,0.9083629623668764,17.10759036144578,0.034289334376592484,NaN,NaN,NaN,raw
810,0.9085656277126739,17.107547251506023,0.017396689166805993,NaN,NaN,NaN,raw
810,0.9088472373475207,17.10697722138554,0.017033789675682098,NaN,NaN,NaN,raw
810,0.9089334299733857,17.10786144578313,0.033919674567211254,NaN,NaN,NaN,raw
810,0.9091167320239038,17.103,0.012,5463.5929,0.9091167320239038,0.3122852100441378,raw
810,0.9091178798438528,17.107695971385542,0.015633056661922988,NaN,NaN,NaN,raw
810,0.909389590465828,17.1066671686747,0.016793776403178508,NaN,NaN,NaN,raw
810,0.9094090397993568,17.116,0.009,6017.74275,0.9094090397993568,0.6070753658605099,raw
810,0.9094985598056331,17.10789156626506,0.033943451030131966,NaN,NaN,NaN,raw
810,0.9096560701580143,17.1056671686747,0.01793326112999945,NaN,NaN,NaN,raw
810,0.9099242110112903,17.105743034638554,0.01794182071516387,NaN,NaN,NaN,raw
810,0.9100642985503031,17.108102409638555,0.03400278589621588,NaN,NaN,NaN,raw
810,0.910192325801919,17.106055534638553,0.01845761592532976,NaN,NaN,NaN,raw
810,0.9102807854615094,17.071,0.011,6407.80329,0.9102807854615094,0.9242296651245852,raw
810,0.910460427997096,17.106137801204817,0.018465581209935158,NaN,NaN,NaN,raw
810,0.9106106888175418,17.112,0.009,6773.87598,0.9106106888175418,0.9327467211605835,raw
810,0.9106224775274774,17.108493975903613,0.03394715090253388,NaN,NaN,NaN,raw
810,0.9107173523538121,17.104584149096386,0.0204049755519752,NaN,NaN,NaN,raw
810,0.9109728816507767,17.104052899096388,0.021113429196004074,NaN,NaN,NaN,raw
810,0.9111767793231603,17.108265060240964,0.033868223897871294,NaN,NaN,NaN,raw
810,0.9112193567812445,17.103284450301206,0.021462704993373258,NaN,NaN,NaN,raw
810,0.9113738474061392,17.081,0.012,5364.86186,0.9113738474061392,0.1322454813234799,raw
810,0.9113857847914915,17.144,0.011,6009.74755,0.9113857847914915,0.5058004918282677,raw
810,0.911451218684707,17.103339231927713,0.021476298745403487,NaN,NaN,NaN,raw
810,0.911496068987617,17.154,0.012,7072.85294,0.911496068987617,0.42734022258264304,raw
810,0.9116831264036591,17.121,0.013,7945.7953,0.9116831264036591,0.6010503919933399,raw
810,0.9116912227018108,17.103344879518072,0.021477859074179737,NaN,NaN,NaN,raw
810,0.9117439758880889,17.10824698795181,0.03386272407503071,NaN,NaN,NaN,raw
810,0.9118189249675197,17.115,0.017,6199.56311,0.9118189249675197,0.510411624554763,raw
810,0.9119360404563894,17.103225527108435,0.02146279936334202,NaN,NaN,NaN,raw
810,0.9120127421119832,17.101,0.012,5749.70761,0.9120127421119832,0.2952626482638152,raw
810,0.9121769215504254,17.10378219126506,0.021366274012182395,NaN,NaN,NaN,raw
810,0.9123151220663379,17.10845180722892,0.033927472952705234,NaN,NaN,NaN,raw
810,0.9124267790561211,17.103834713855424,0.02137799979417135,NaN,NaN,NaN,raw
810,0.9126767593915762,17.103887236445786,0.021390273132946648,NaN,NaN,NaN,raw
810,0.9128904601059303,17.10875903614458,0.03412635713325634,NaN,NaN,NaN,raw
810,0.9129269168644388,17.105855986445782,0.024040982672468028,NaN,NaN,NaN,raw
810,0.9129412119345943,17.088,0.012,5292.89942,0.9129412119345943,0.20870797806310293,raw
810,0.9130011577544792,17.073,0.011,6442.91661,0.9130011577544792,0.02961002582378569,raw
810,0.913179979185575,17.105643072289155,0.023978334710651687,NaN,NaN,NaN,raw
810,0.9133616956059996,17.071,0.011,7818.90463,0.9133616956059996,0.18917493920525885,raw
810,0.9134363883807541,17.107427710843375,0.026175615240557868,NaN,NaN,NaN,raw
810,0.9134688738984835,17.108879518072293,0.03412699903004411,NaN,NaN,NaN,raw
810,0.9135846514764125,17.14,0.013,6458.56094,0.9135846514764125,0.4919358650859067,raw
810,0.9136773178475848,17.107518260542168,0.026183035313639053,NaN,NaN,NaN,raw
810,0.9139210873011336,17.108712537650604,0.025321004839019595,NaN,NaN,NaN,raw
550,0.9140284722930335,18.764119047619047,0.014118726407656212,NaN,NaN,NaN,raw
810,0.9140503965407728,17.109144578313256,0.034197158318986405,NaN,NaN,NaN,raw
550,0.9141384352832185,18.761714285714284,0.06982001979973294,NaN,NaN,NaN,raw
810,0.9141667592647593,17.1100250376506,0.026555343126248517,NaN,NaN,NaN,raw
810,0.9142756104483851,17.057,0.011,7875.9191,0.9142756104483851,0.1398607591072505,raw
810,0.9144122431898722,17.069,0.01,6050.77098,0.9144122431898722,0.2525676403201942,raw
810,0.9144178077745493,17.11005515813253,0.02655409709368672,NaN,NaN,NaN,raw
810,0.9145203124971886,17.082,0.009,6088.66457,0.9145203124971886,0.30478629074605124,raw
810,0.9146326538981289,17.109349397590364,0.03438196628605613,NaN,NaN,NaN,raw
810,0.9146560072019978,17.111015625,0.027038683027224543,NaN,NaN,NaN,raw
550,0.914746395767491,18.764133830455258,0.018773299385543826,NaN,NaN,NaN,raw
550,0.914746395767491,18.764133830455258,0.018090403943311222,NaN,NaN,NaN,raw
550,0.9147463957674911,18.764133830455258,0.017476990602218263,NaN,NaN,NaN,raw
810,0.9149014239919026,17.111910579819273,0.026481356888863383,NaN,NaN,NaN,raw
810,0.9151641758661495,17.110844503012046,0.02582642520228274,NaN,NaN,NaN,raw
810,0.9152107126361355,17.109180722891566,0.03413560997792718,NaN,NaN,NaN,raw
810,0.9152200926813864,17.107897216336713,0.015611914504259014,NaN,NaN,NaN,raw
810,0.9152200926813865,17.107897216336717,0.015513415637644145,NaN,NaN,NaN,raw
810,0.9152200926813866,17.107897216336713,0.015562431291020508,NaN,NaN,NaN,raw
810,0.9154411871530119,17.109469314759036,0.024596709266713576,NaN,NaN,NaN,raw
810,0.9156234421170666,17.104,0.011,5723.63532,0.9156234421170666,0.5281276315690775,raw
810,0.9157165830306344,17.108625564759038,0.024651443101300415,NaN,NaN,NaN,raw
810,0.915782721238177,17.10881325301205,0.03408680637354739,NaN,NaN,NaN,raw
810,0.9159932855345683,17.110086596385543,0.025978055472784315,NaN,NaN,NaN,raw
810,0.9162771183811427,17.10994390060241,0.025962732431057567,NaN,NaN,NaN,raw
810,0.9163584025491437,17.109271084337355,0.03380127316992645,NaN,NaN,NaN,raw
810,0.9165569961720874,17.108600150602413,0.02750739603516316,NaN,NaN,NaN,raw
810,0.9168319631337758,17.108961031626507,0.027581041275223008,NaN,NaN,NaN,raw
810,0.9169328007079479,17.1095421686747,0.03377781276619817,NaN,NaN,NaN,raw
810,0.9170992976849215,17.109025602409638,0.02758297175217805,NaN,NaN,NaN,raw
810,0.9171217711555073,17.166,0.01,7111.79139,0.9171217711555073,0.7144545685368939,raw
810,0.9173820539421373,17.10974642319277,0.02731588924065858,NaN,NaN,NaN,raw
810,0.9175070340757139,17.10918674698795,0.03385040269608481,NaN,NaN,NaN,raw
810,0.9176715175987371,17.10924642319277,0.028144086353811406,NaN,NaN,NaN,raw
810,0.9177036540513654,17.165,0.02,5433.69822,0.9177036540513654,0.3692769111621601,raw
810,0.9177740414888831,17.111,0.009,5655.84485,0.9177740414888831,0.5281950082644471,raw
810,0.9179580267997453,17.110500753012047,0.02726525721720429,NaN,NaN,NaN,raw
810,0.9180814079750728,17.10921686746988,0.033867674117479304,NaN,NaN,NaN,raw
810,0.9182501961226257,17.108785768072288,0.029038801031597058,NaN,NaN,NaN,raw
810,0.9184721916535636,17.154,0.01,7507.7621,0.9184721916535636,0.6731239921555243,raw
810,0.9185411897064291,17.10816076807229,0.028556532301014095,NaN,NaN,NaN,raw
810,0.9186560298407547,17.109457831325297,0.03378642409977945,NaN,NaN,NaN,raw
810,0.918799161001516,17.139,0.01,6700.8729,0.918799161001516,0.7833398606744595,raw
810,0.9188178930333941,17.109,0.02897788849653588,NaN,NaN,NaN,raw
810,0.9190927754822105,17.11070218373494,0.027380615485389653,NaN,NaN,NaN,raw
810,0.9192271846830913,17.109638554216865,0.03356209200445078,NaN,NaN,NaN,raw
810,0.9193803199881944,17.112026731927713,0.026302149055045427,NaN,NaN,NaN,raw
810,0.9196707436696573,17.113151731927715,0.02574030960383113,NaN,NaN,NaN,raw
810,0.9197938447673933,17.109885542168673,0.033292534908194615,NaN,NaN,NaN,raw
810,0.9199681588299269,17.11321667921687,0.025733027112158736,NaN,NaN,NaN,raw
810,0.920253633554502,17.112961031626504,0.025814922004181663,NaN,NaN,NaN,raw
810,0.9203604301672123,17.109993975903613,0.03328290069452833,NaN,NaN,NaN,raw
810,0.9204957944875787,17.094,0.012,5404.49682,0.9204957944875787,0.909154824588768,raw
810,0.920536944394841,17.113187876506025,0.025765484643389586,NaN,NaN,NaN,raw
810,0.9205984560139768,17.155,0.017,6013.92252,0.9205984560139768,0.43582219995732885,raw
810,0.9208325006523499,17.113285768072288,0.025754276176805094,NaN,NaN,NaN,raw
810,0.9209015760578982,17.110433734939757,0.03299299935701112,NaN,NaN,NaN,raw
810,0.9209688314222149,17.058,0.011,7825.86022,0.9209688314222149,0.06678356701377197,raw
810,0.9211140648403671,17.12,0.012,7656.55605,0.9211140648403671,0.9348608521504502,raw
810,0.9211141917947114,17.113152296686746,0.025786800313487217,NaN,NaN,NaN,raw
550,0.9211146010966331,18.77733333333333,0.014740152945053759,NaN,NaN,NaN,raw
810,0.921390920242219,17.113231362951808,0.02577925180191502,NaN,NaN,NaN,raw
810,0.9214451657425924,17.11082530120482,0.032558751905843945,NaN,NaN,NaN,raw
810,0.9216723585230273,17.111262612951805,0.023960845082699064,NaN,NaN,NaN,raw
810,0.9219479850495592,17.111356551204818,0.023958336553941435,NaN,NaN,NaN,raw
810,0.9219894121654991,17.111066265060238,0.03277436831874794,NaN,NaN,NaN,raw
810,0.9222213727852765,17.11082530120482,0.022895379231199445,NaN,NaN,NaN,raw
810,0.9222639947656717,17.057,0.01,6004.88427,0.9222639947656717,0.10352311672977521,raw
810,0.9224983705018591,17.11023155120482,0.023135805437248507,NaN,NaN,NaN,raw
810,0.9225299900382602,17.111138554216865,0.03282070791741197,NaN,NaN,NaN,raw
810,0.9227728693750586,17.110319653614457,0.02313718476140961,NaN,NaN,NaN,raw
810,0.9228182922306587,17.054,0.009,5653.76072,0.9228182922306587,0.07036030704148288,raw
810,0.9228964461581199,17.12,0.01,7610.66723,0.9228964461581199,0.7813031594105269,raw
810,0.9229049030036549,17.136,0.014,6942.48918,0.9229049030036549,0.5867241814084991,raw
810,0.9230449510097068,17.108350903614458,0.021950423601330513,NaN,NaN,NaN,raw
810,0.923071848810508,17.111469879518072,0.03295445428094796,NaN,NaN,NaN,raw
550,0.9232909490612136,18.779285714285717,0.0485599210673357,NaN,NaN,NaN,raw
810,0.9233162963697277,17.10636784638554,0.024558700820722652,NaN,NaN,NaN,raw
810,0.9235851234569986,17.10552597891566,0.023855674624704816,NaN,NaN,NaN,raw
810,0.9236136673813585,17.111385542168673,0.033004437286724926,NaN,NaN,NaN,raw
810,0.9238138703040022,17.118,0.011,5273.7826,0.9238138703040022,0.31892491605140094,raw
810,0.9238477269802281,17.103849774096382,0.025392334171291314,NaN,NaN,NaN,raw
810,0.9241021997506638,17.10392752259036,0.025415209787307495,NaN,NaN,NaN,raw
810,0.9241499390267541,17.111427710843373,0.03299941528684188,NaN,NaN,NaN,raw
810,0.924345903822541,17.101,0.012,7064.86152,0.924345903822541,0.33415055205114186,raw
810,0.92435376930819,17.102396460843373,0.026490946160067565,NaN,NaN,NaN,raw
810,0.9246031270094257,17.1029781626506,0.026504994006677347,NaN,NaN,NaN,raw
810,0.9246893890079165,17.111259036144578,0.033021743199198816,NaN,NaN,NaN,raw
810,0.9248660586906825,17.10165323795181,0.02482723327858818,NaN,NaN,NaN,raw
810,0.9251259315735638,17.10182718373494,0.024910097127489362,NaN,NaN,NaN,raw
810,0.9252405214784598,17.111945783132526,0.032883311789287065,NaN,NaN,NaN,raw
810,0.9253725191047124,17.105,0.02,5858.52585,0.9253725191047124,0.05124543148485827,raw
810,0.9253940122818635,17.103543862951806,0.02365350069595697,NaN,NaN,NaN,raw
810,0.9256741708328124,17.10331890060241,0.023525830295867214,NaN,NaN,NaN,raw
810,0.9257881110281934,17.11207228915662,0.0329393503763029,NaN,NaN,NaN,raw
550,0.9259144189454673,18.791,0.013,7159.76977,0.9259144189454673,0.33746142149357183,raw
810,0.9259605623754579,17.10339175451807,0.023553419297817,NaN,NaN,NaN,raw
810,0.9261277961413725,17.103,0.01,7460.83238,0.9261277961413725,0.2931408170788927,raw
810,0.9262354052401609,17.101327183734938,0.0256602936537045,NaN,NaN,NaN,raw
810,0.9263270829247324,17.112192771084334,0.03305641012657553,NaN,NaN,NaN,raw
810,0.9264520615943184,17.148,0.014,7808.82741,0.9264520615943184,0.6345785330995568,raw
810,0.9265064504436371,17.10273343373494,0.024352414595841337,NaN,NaN,NaN,raw
810,0.9266379684195272,17.092,0.009,6776.66273,0.9266379684195272,0.8934453597448737,raw
550,0.9267027446685893,18.779095238095238,0.012001133733292247,NaN,NaN,NaN,raw
810,0.9267697289268646,17.104604103915662,0.027156618627571846,NaN,NaN,NaN,raw
810,0.9268653719174551,17.112036144578312,0.03314264698674588,NaN,NaN,NaN,raw
810,0.9270251854129803,17.106572853915665,0.025609216870551607,NaN,NaN,NaN,raw
810,0.9271788039623061,17.091,0.013,7219.56554,0.9271788039623061,0.23718864212787594,raw
810,0.9272828609086421,17.106362198795182,0.02552278451582997,NaN,NaN,NaN,raw
810,0.9273390813614242,17.046,0.013,6094.57903,0.9273390813614242,0.955477479392357,raw
810,0.927401627794185,17.112060240963853,0.03314773154543528,NaN,NaN,NaN,raw
810,0.9275494646490845,17.10420594879518,0.02585068202533296,NaN,NaN,NaN,raw
810,0.9276304974264349,17.056,0.01,7188.62509,0.9276304974264349,0.05733820983550686,raw
810,0.9278113052774435,17.10406626506024,0.025822226147469894,NaN,NaN,NaN,raw
810,0.9279369734213324,17.112373493975905,0.03327851644543442,NaN,NaN,NaN,raw
810,0.9280629715370468,17.104134600903613,0.025845104049413127,NaN,NaN,NaN,raw
810,0.9283101123027835,17.103853350903613,0.025738099705112583,NaN,NaN,NaN,raw
810,0.9284106560080545,17.061,0.011,7923.55169,0.9284106560080545,0.023242607225256506,raw
810,0.9284752409271223,17.112614457831327,0.03342031003802329,NaN,NaN,NaN,raw
810,0.9285566064564295,17.102527484939756,0.026419124764092805,NaN,NaN,NaN,raw
810,0.9287983736001637,17.10240248493976,0.02643604249812317,NaN,NaN,NaN,raw
810,0.9290122698141905,17.112602409638555,0.03340855987537213,NaN,NaN,NaN,raw
810,0.9290330555196102,17.10248682228916,0.02646949220996413,NaN,NaN,NaN,raw
810,0.9292175083101029,17.116,0.012,6480.8158,0.9292175083101029,0.09380675550892192,raw
810,0.9292522664505721,17.103519766566265,0.02747632982965268,NaN,NaN,NaN,raw
810,0.9294470283127562,17.114949817511672,0.021308981728589593,NaN,NaN,NaN,raw
810,0.9294470283127562,17.114949817511672,0.02129198213934319,NaN,NaN,NaN,raw
810,0.9294825414009034,17.10381174698795,0.027542132546757643,NaN,NaN,NaN,raw
810,0.929547414087802,17.11293373493976,0.03376319235627589,NaN,NaN,NaN,raw
550,0.9296804618187751,18.778119047619047,0.012096620655891144,NaN,NaN,NaN,raw
810,0.9297099891278522,17.104559487951807,0.028092931246935574,NaN,NaN,NaN,raw
810,0.9299336367457796,17.104920180722893,0.028146308474123673,NaN,NaN,NaN,raw
810,0.9300791384707353,17.112801204819274,0.03364002303885592,NaN,NaN,NaN,raw
810,0.9301623751030285,17.105851656626506,0.028878450953623243,NaN,NaN,NaN,raw
810,0.9303915621466295,17.10663290662651,0.03035584586978798,NaN,NaN,NaN,raw
810,0.930609695107245,17.113156626506022,0.033698658161474195,NaN,NaN,NaN,raw
810,0.9306160368659511,17.10734073795181,0.030267584820040314,NaN,NaN,NaN,raw
810,0.9307843838359986,17.045,0.013,7893.65485,0.9307843838359986,0.07561419205376296,raw
810,0.9308497025684702,17.105808358433734,0.031247626816269407,NaN,NaN,NaN,raw
550,0.9309028659990872,18.767,0.015,6886.52075,0.9309028659990872,0.8734580094514968,raw
810,0.9309374412769102,17.102,0.013,6564.59939,0.9309374412769102,0.3021070510894788,raw
810,0.9309549015015364,17.171,0.014,7801.87603,0.9309549015015364,0.7659748541627778,raw
810,0.9309928997863608,17.117,0.009,5777.52599,0.9309928997863608,0.7971841674607276,raw
810,0.9310740312599262,17.10655440512048,0.03116755865760266,NaN,NaN,NaN,raw
810,0.9311420620193004,17.113259036144573,0.03382162312161401,NaN,NaN,NaN,raw
810,0.9312983642454935,17.108710655120483,0.029165616597178295,NaN,NaN,NaN,raw
810,0.9314362226978119,17.067,0.009,7113.88225,0.9314362226978119,0.18668435429572128,raw
810,0.931450748917996,17.107,0.011,5787.60792,0.931450748917996,0.3618549938000797,raw
810,0.9315326048647904,17.108813253012045,0.029183548901750254,NaN,NaN,NaN,raw
810,0.9316669876886616,17.11357228915662,0.03393868200956214,NaN,NaN,NaN,raw
810,0.9317223748075776,17.109,0.013,7974.65699,0.9317223748075776,0.33455224549470586,raw
810,0.931772647919152,17.109875753012048,0.027784097979580712,NaN,NaN,NaN,raw
550,0.9319479990870125,18.779421245421243,0.038381861326378885,NaN,NaN,NaN,raw
550,0.9319479990870125,18.779421245421243,0.0380110133895292,NaN,NaN,NaN,raw
810,0.932007062107302,17.10995952560241,0.0277959107711826,NaN,NaN,NaN,raw
810,0.932037751943426,17.069,0.011,6190.53131,0.932037751943426,0.1919087219030189,raw
810,0.932082452422037,17.097,0.012,5737.89458,0.932082452422037,0.02786807086886256,raw
810,0.932199210430203,17.113957831325298,0.034271173930011015,NaN,NaN,NaN,raw
550,0.9322241005117705,18.77635714285714,0.04851582952280274,NaN,NaN,NaN,raw
810,0.9322325384931238,17.10955327560241,0.02861742010601502,NaN,NaN,NaN,raw
810,0.9322552712692413,17.145,0.012,5979.85714,0.9322552712692413,0.5719254783798533,raw
810,0.9324561035693073,17.10756532379518,0.03054268541987445,NaN,NaN,NaN,raw
810,0.9326737330109233,17.10765982680723,0.030563444985745196,NaN,NaN,NaN,raw
810,0.9327413175153131,17.114343373493973,0.03429209889657348,NaN,NaN,NaN,raw
810,0.932901658963218,17.107657003012047,0.03056265373395463,NaN,NaN,NaN,raw
810,0.9330664382905525,17.136,0.009,7161.85814,0.9330664382905525,0.8043652398700942,raw
810,0.9331264314348535,17.10653407379518,0.03101924833957476,NaN,NaN,NaN,raw
810,0.9332845199150505,17.1145421686747,0.034478557659778086,NaN,NaN,NaN,raw
810,0.9333441146913162,17.106648908132527,0.031049984604120485,NaN,NaN,NaN,raw
810,0.933562002923968,17.1067547063253,0.03107862862985367,NaN,NaN,NaN,raw
810,0.9336467103566974,17.142,0.016,6223.55836,0.9336467103566974,0.8348770439461077,raw
810,0.9337792265124607,17.1088484563253,0.028969340848611046,NaN,NaN,NaN,raw
810,0.9337860469895531,17.173,0.015,6024.70417,0.9337860469895531,0.4971540297574393,raw
810,0.9338211594378159,17.11465060240964,0.03452726063428176,NaN,NaN,NaN,raw
810,0.9339940599267083,17.1102234563253,0.029669545496299625,NaN,NaN,NaN,raw
810,0.9342118075736652,17.1070047063253,0.02842434246504705,NaN,NaN,NaN,raw
810,0.9343426743980672,17.063,0.014,6819.77367,0.9343426743980672,0.10527683586951753,raw
810,0.9343573220888952,17.114873493975903,0.034277861339663075,NaN,NaN,NaN,raw
810,0.9344346419256555,17.106998117469878,0.028421975121779863,NaN,NaN,NaN,raw
810,0.9345177368995792,17.115,0.009,7508.81062,0.9345177368995792,0.9158482180573628,raw
810,0.9346696529127608,17.107108057228913,0.02845376076402962,NaN,NaN,NaN,raw
550,0.9347842323867163,18.776666666666667,0.009825085899123452,NaN,NaN,NaN,raw
810,0.9348973276116876,17.115343373493975,0.03419351592891351,NaN,NaN,NaN,raw
810,0.9349125851657792,17.10866886295181,0.027537821781315763,NaN,NaN,NaN,raw
810,0.9351559999924067,17.109387612951807,0.027791842349441,NaN,NaN,NaN,raw
810,0.9351598708874097,17.111396871736847,0.0203508896636549,NaN,NaN,NaN,raw
810,0.9351598708874099,17.111396871736844,0.020286385889146955,NaN,NaN,NaN,raw
810,0.93515987088741,17.111396871736844,0.02022249160165376,NaN,NaN,NaN,raw
810,0.9353118751660077,17.09,0.01,5386.77196,0.9353118751660077,0.9966944779134792,raw
810,0.9354007339706496,17.110900978915666,0.029304433465710326,NaN,NaN,NaN,raw
810,0.9354382274421325,17.11505421686747,0.03416967573281914,NaN,NaN,NaN,raw
810,0.9356259003543528,17.048,0.015,5744.50111,0.9356259003543528,0.15885735112897237,raw
810,0.9356293233649922,17.049,0.011,7170.89786,0.9356293233649922,0.13980856890339055,raw
810,0.9356518017309736,17.111173945783133,0.029326828735411536,NaN,NaN,NaN,raw
810,0.9359048060189434,17.11076769578313,0.030011928130985282,NaN,NaN,NaN,raw
810,0.9359764119459018,17.115626506024096,0.03385072788022685,NaN,NaN,NaN,raw
810,0.9361616492039625,17.111420557228914,0.02992989201646354,NaN,NaN,NaN,raw
810,0.9364163667404233,17.112984375,0.031340818858948925,NaN,NaN,NaN,raw
810,0.9365111387835359,17.115909638554214,0.03389052290683724,NaN,NaN,NaN,raw
810,0.9366725495374117,17.112203125,0.030824342197535038,NaN,NaN,NaN,raw
810,0.9367401331801375,17.077,0.012,6450.92075,0.9367401331801375,0.15000704781596141,raw
810,0.9369254574535631,17.112335090361444,0.03084283460553255,NaN,NaN,NaN,raw
810,0.937045002677541,17.116475903614454,0.03354936693748179,NaN,NaN,NaN,raw
810,0.9371716561724753,17.112460090361445,0.030949757995166124,NaN,NaN,NaN,raw
810,0.937424310149483,17.112579631024097,0.030965442716954658,NaN,NaN,NaN,raw
810,0.9375821185521014,17.116542168674695,0.033644595659429774,NaN,NaN,NaN,raw
810,0.9376713358560682,17.1118921310241,0.030532371339193887,NaN,NaN,NaN,raw
810,0.9377355386677664,17.112,0.009,7453.88347,0.9377355386677664,0.42982032667168824,raw
810,0.9378121105328319,17.146,0.01,7138.91507,0.9378121105328319,0.7304525767522136,raw
810,0.9379228262041579,17.068,0.012,6830.55198,0.9379228262041579,0.15946459696897364,raw
810,0.9379251283056753,17.110186370481927,0.028462920810303712,NaN,NaN,NaN,raw
810,0.9381235990500522,17.116789156626503,0.033650757160370436,NaN,NaN,NaN,raw
810,0.9381929970902328,17.110853539156626,0.028818925314944108,NaN,NaN,NaN,raw
810,0.9384465069280562,17.112598644578313,0.02748774965538576,NaN,NaN,NaN,raw
810,0.9386624136066706,17.116777108433734,0.03363662803444422,NaN,NaN,NaN,raw
810,0.9387169111672647,17.112725150602408,0.027507864925968326,NaN,NaN,NaN,raw
810,0.9389934180848086,17.113943900602408,0.028459404375331034,NaN,NaN,NaN,raw
550,0.9391104948458849,18.772,0.017239459956500718,NaN,NaN,NaN,raw
810,0.9392100547944013,17.11694578313253,0.03353121675784774,NaN,NaN,NaN,raw
810,0.9392400233700755,17.13,0.017,7144.82557,0.9392400233700755,0.37267355220865284,raw
810,0.9392645612357521,17.114069088855423,0.02847456589236138,NaN,NaN,NaN,raw
810,0.9394984749924333,17.162,0.012,7125.70506,0.9394984749924333,0.4749977915416821,raw
810,0.9395231189254852,17.114006588855425,0.028531238873259583,NaN,NaN,NaN,raw
810,0.9397565431379434,17.117734939759035,0.03329740524510806,NaN,NaN,NaN,raw
810,0.9397795339959725,17.114223644578313,0.028565865495224354,NaN,NaN,NaN,raw
810,0.9400313355562115,17.117598644578315,0.026815655987544804,NaN,NaN,NaN,raw
810,0.9401338891584601,17.056,0.009,7935.72342,0.9401338891584601,0.05787594003777485,raw
810,0.9402946619085082,17.119442394578314,0.023806369625464736,NaN,NaN,NaN,raw
810,0.9403014343426482,17.11789156626506,0.03345408868364453,NaN,NaN,NaN,raw
810,0.9403501715969469,17.164,0.015,7206.70717,0.9403501715969469,0.7338716766971629,raw
810,0.9404531207728724,17.12,0.014,7944.76236,0.9404531207728724,0.3916508937472827,raw
810,0.9405497077220364,17.119569277108432,0.023796193654737775,NaN,NaN,NaN,raw
810,0.9408059579527586,17.11969484186747,0.02378685920648496,NaN,NaN,NaN,raw
810,0.94083437083216,17.11856626506024,0.03349000493899874,NaN,NaN,NaN,raw
810,0.9409447972957423,17.14,0.015,5629.77936,0.9409447972957423,0.7756048020983144,raw
810,0.9410713787412956,17.12219484186747,0.02335496085962168,NaN,NaN,NaN,raw
550,0.9412257306492913,18.786642857142855,0.0525702564967285,NaN,NaN,NaN,raw
810,0.941328672913969,17.12231268825301,0.023334678312832396,NaN,NaN,NaN,raw
810,0.941369447179294,17.11836746987952,0.033537548774502164,NaN,NaN,NaN,raw
810,0.9415515329674236,17.12,0.009,6443.62183,0.9415515329674236,0.5380352142692573,raw
810,0.9415696594608286,17.122889495481928,0.023415424984596672,NaN,NaN,NaN,raw
810,0.9418069581745564,17.12167074548193,0.024964229468140885,NaN,NaN,NaN,raw
550,0.941888997840135,18.781045312711978,0.02282164598519255,NaN,NaN,NaN,raw
810,0.9419074053769811,17.1184156626506,0.033536982686879345,NaN,NaN,NaN,raw
810,0.9420449688167488,17.12013949548193,0.02492653538048174,NaN,NaN,NaN,raw
810,0.9422925839793602,17.12177296686747,0.02304092022850576,NaN,NaN,NaN,raw
810,0.942392960543657,17.136,0.009,6764.8482,0.942392960543657,0.6228423682641733,raw
810,0.9424549892084148,17.118843373493977,0.03371448099186104,NaN,NaN,NaN,raw
810,0.9425517115986073,17.12187951807229,0.02302500779668024,NaN,NaN,NaN,raw
810,0.9428117081018104,17.12198606927711,0.02300851742281902,NaN,NaN,NaN,raw
810,0.9430102577435686,17.11892168674699,0.033771960929392636,NaN,NaN,NaN,raw
810,0.9430722864096721,17.122106927710846,0.02299133896611683,NaN,NaN,NaN,raw
550,0.9431290090035743,18.782547619047616,0.027727752005752296,NaN,NaN,NaN,raw
810,0.9433332423637764,17.122888177710845,0.02368256065571432,NaN,NaN,NaN,raw
810,0.9433659582609835,17.154,0.013,6890.69685,0.9433659582609835,0.8058967228625988,raw
810,0.9435739084418779,17.119349397590362,0.033687308548037115,NaN,NaN,NaN,raw
810,0.9435857212374685,17.088,0.01,6431.80253,0.9435857212374685,0.25722946598943963,raw
810,0.9435988627078997,17.122825677710843,0.02357842217928509,NaN,NaN,NaN,raw
810,0.943643509697722,17.122,0.013,6790.92218,0.943643509697722,0.39359219816287805,raw
810,0.9436835502820031,17.156,0.01,6131.78297,0.9436835502820031,0.5325742795994302,raw
810,0.9438594117582028,17.123771460843372,0.023971359572748516,NaN,NaN,NaN,raw
550,0.943881653376593,18.753,0.014,6103.62361,0.943881653376593,0.30131607006842387,raw
810,0.9440557666384848,17.108,0.01,7445.88978,0.9440557666384848,0.3317752561542875,raw
810,0.9441087758275146,17.125804405120483,0.020553289811894332,NaN,NaN,NaN,raw
810,0.9441378779788082,17.119686746987952,0.033923060078821725,NaN,NaN,NaN,raw
550,0.9442796429848386,18.808,0.015,5662.80701,0.9442796429848386,0.41985648977788514,raw
810,0.9443675837146872,17.1253702936747,0.020870072693224002,NaN,NaN,NaN,raw
810,0.9446278761399863,17.124033509036146,0.019650265460628338,NaN,NaN,NaN,raw
810,0.9447111461666458,17.119927710843374,0.03405994114926848,NaN,NaN,NaN,raw
550,0.9447420848913074,18.758,0.04769696007084673,NaN,NaN,NaN,raw
810,0.94489921528351,17.123752259036145,0.01977387721662146,NaN,NaN,NaN,raw
810,0.9451618456600801,17.123850338855423,0.019755099360252614,NaN,NaN,NaN,raw
810,0.9452335984133242,17.157,0.018,6798.91862,0.9452335984133242,0.4975193611753639,raw
810,0.9452784162030875,17.12024698795181,0.03406383254776642,NaN,NaN,NaN,raw
810,0.9452936880516063,17.135,0.009,6448.83784,0.9452936880516063,0.6947818567168724,raw
810,0.9453290975070558,17.073,0.01,5352.70601,0.9453290975070558,0.13157855898134585,raw
810,0.945424296484062,17.123444088855422,0.019544828565235657,NaN,NaN,NaN,raw
810,0.9454284510829893,17.097,0.011,7437.89437,0.9454284510829893,0.2300512041492766,raw
810,0.945679817837082,17.125620105421685,0.022599016605328183,NaN,NaN,NaN,raw
810,0.9458465114077231,17.120271084337354,0.03406578317108685,NaN,NaN,NaN,raw
810,0.9459372688730967,17.125679028614456,0.022586344984796895,NaN,NaN,NaN,raw
550,0.9460649583124905,18.713,0.016,6789.88008,0.9460649583124905,0.164599984556844,raw
810,0.9461862444661687,17.125822289156627,0.02255330340404208,NaN,NaN,NaN,raw
810,0.9464156828659605,17.120198795180727,0.03398506265093667,NaN,NaN,NaN,raw
810,0.9464346180943197,17.125394013554217,0.022483816103343674,NaN,NaN,NaN,raw
810,0.9466945741037307,17.12530515813253,0.022516134387149486,NaN,NaN,NaN,raw
550,0.9468665274815585,18.770214285714285,0.05039198389442803,NaN,NaN,NaN,raw
810,0.9469447538974379,17.124213855421687,0.02365308599517852,NaN,NaN,NaN,raw
810,0.9469823017091705,17.12018674698795,0.03398299136452004,NaN,NaN,NaN,raw
810,0.9471846558244267,17.123682605421685,0.02314802480551021,NaN,NaN,NaN,raw
810,0.9474222194156997,17.124171686746987,0.02321874585875396,NaN,NaN,NaN,raw
810,0.9475485606459757,17.12081325301205,0.03391801263147539,NaN,NaN,NaN,raw
810,0.9475906139014114,17.155,0.012,5796.65236,0.9475906139014114,0.7073941324943007,raw
810,0.9476621986481465,17.125671686746987,0.02234042553753656,NaN,NaN,NaN,raw
810,0.9479098383031616,17.12501543674699,0.022756326736379194,NaN,NaN,NaN,raw
810,0.9479983260043809,17.16,0.013,5670.80419,0.9479983260043809,0.5253664704032417,raw
810,0.9480941127476399,17.148,0.01,6786.75196,0.9480941127476399,0.4737304679765657,raw
810,0.9481135393764389,17.121054216867467,0.03393277775768847,NaN,NaN,NaN,raw
810,0.9482271273977009,17.12379668674699,0.022077601712597997,NaN,NaN,NaN,raw
810,0.9485709825716245,17.124671686746986,0.0219860079852502,NaN,NaN,NaN,raw
810,0.9485832867321733,17.104,0.009,6446.7531,0.9485832867321733,0.2356424004319706,raw
810,0.9486795292065167,17.121222891566266,0.034046915315447554,NaN,NaN,NaN,raw
810,0.948950129822707,17.125806475903616,0.022647599503977676,NaN,NaN,NaN,raw
810,0.9491359733656282,17.111,0.008,6487.77567,0.9491359733656282,0.980570058181911,raw
810,0.9492385428824031,17.12170481927711,0.03411145156906921,NaN,NaN,NaN,raw
810,0.9493290545853976,17.12577748493976,0.022655959838582335,NaN,NaN,NaN,raw
810,0.9493432236631634,17.127,0.014,6169.67849,0.9493432236631634,0.588921089483847,raw
810,0.9495461304759374,17.188,0.017,6238.51272,0.9495461304759374,0.8213965713166544,raw
810,0.9497333373875487,17.12524623493976,0.0220925262799823,NaN,NaN,NaN,raw
810,0.9497899661198927,17.121885542168677,0.03412320150005502,NaN,NaN,NaN,raw
810,0.9498746243552887,17.123,0.012,7816.83144,0.9498746243552887,0.7547402713935298,raw
810,0.9501442513019003,17.126394766566268,0.02276922680535931,NaN,NaN,NaN,raw
550,0.9502549811473467,18.78964285714286,0.05496517378913936,NaN,NaN,NaN,raw
810,0.9503409166444868,17.122295180722894,0.034158324434154466,NaN,NaN,NaN,raw
810,0.950568513946074,17.126707266566267,0.022958973252729026,NaN,NaN,NaN,raw
550,0.9506373322970137,18.78254761904762,0.06628541923169047,NaN,NaN,NaN,raw
810,0.9507735815095657,17.116,0.009,6399.82148,0.9507735815095657,0.8515952341786033,raw
810,0.95099934574872,17.127019766566267,0.0222618418694847,NaN,NaN,NaN,raw
810,0.951016011142201,17.084,0.014,5786.57178,0.951016011142201,0.14561087883339496,raw
810,0.9510428199246235,17.137,0.011,6858.71597,0.9510428199246235,0.40062611131361336,raw
810,0.9511759433626139,17.135,0.013,7079.81968,0.9511759433626139,0.32879806177516,raw
810,0.9512650566757657,17.136,0.011,7088.85854,0.9512650566757657,0.6624019000664703,raw
810,0.9514964030822386,17.127926016566267,0.021580195517094575,NaN,NaN,NaN,raw
810,0.9515679786582041,17.101,0.01,5679.84426,0.9515679786582041,0.8615584293911525,raw
810,0.951983320151004,17.128198795180722,0.021535435454530277,NaN,NaN,NaN,raw
810,0.9524201208790088,17.123340672727366,0.0219673518073444,NaN,NaN,NaN,raw
810,0.9524596121449893,17.126723832831324,0.023616775701291406,NaN,NaN,NaN,raw
810,0.9529278083349084,17.127061746987952,0.023597575800408797,NaN,NaN,NaN,raw
810,0.9533853455192781,17.126973832831325,0.02362682821059231,NaN,NaN,NaN,raw
810,0.9538368013072613,17.117,0.013,5288.74187,0.9538368013072613,0.31594665220109164,raw
810,0.9538493691904347,17.124723832831325,0.024290758416418486,NaN,NaN,NaN,raw
810,0.9543016766039029,17.122661332831324,0.023999119749666512,NaN,NaN,NaN,raw
810,0.9547627545809957,17.121661332831323,0.02357213740204576,NaN,NaN,NaN,raw
550,0.9550425767000498,18.809380952380952,0.030907228971892516,NaN,NaN,NaN,raw
810,0.9550591322040418,17.136,0.013,5802.56496,0.9550591322040418,0.3541068876729696,raw
810,0.9552236488576593,17.121784638554214,0.0235791782694631,NaN,NaN,NaN,raw
550,0.955592057431204,18.845,0.015,6010.80586,0.955592057431204,0.7694649670065701,raw
810,0.9556952403647667,17.121878388554215,0.023512054562624955,NaN,NaN,NaN,raw
810,0.9561693642128848,17.12309017319277,0.024457439056335916,NaN,NaN,NaN,raw
810,0.956270590013446,17.156,0.011,5834.54893,0.956270590013446,0.7659868322407419,raw
810,0.9566556545266867,17.123933923192773,0.024492596299775037,NaN,NaN,NaN,raw
810,0.956836738572747,17.119,0.013,6124.48695,0.956836738572747,0.9268053799551126,raw
810,0.9571537286943712,17.12488064759036,0.02498422731798495,NaN,NaN,NaN,raw
810,0.9576674192664913,17.123568147590362,0.02595368669974828,NaN,NaN,NaN,raw
810,0.9581706480821595,17.14,0.009,6715.83542,0.9581706480821595,0.7873131606793322,raw
810,0.9581765281472971,17.121161897590362,0.023211942790564242,NaN,NaN,NaN,raw
810,0.9584276614623377,17.157,0.017,5705.92019,0.9584276614623377,0.6364791976047854,raw
810,0.9587203292683715,17.120259224397593,0.023738574529400668,NaN,NaN,NaN,raw
810,0.9588700926651654,17.145,0.011,6191.58358,0.9588700926651654,0.44265398302195536,raw
810,0.9591157151917287,17.083,0.008,6762.76813,0.9591157151917287,0.17369177450382267,raw
550,0.9592806915215988,18.7935,0.05900554080892568,NaN,NaN,NaN,raw
810,0.9593267566178245,17.121477974397592,0.02485854613110016,NaN,NaN,NaN,raw
810,0.9599633667477292,17.1219375,0.025009594932938913,NaN,NaN,NaN,raw
810,0.9606039918344891,17.123125,0.02561344153167981,NaN,NaN,NaN,raw
810,0.9612392172311388,17.12303125,0.02576630003981832,NaN,NaN,NaN,raw
810,0.9613342857555836,17.126,0.009,7157.6962,0.9613342857555836,0.9022139554472233,raw
810,0.9614278576082143,17.129,0.012,6205.49036,0.9614278576082143,0.18845989065266622,raw
810,0.9616570266734925,17.073,0.013,7901.66147,0.9616570266734925,0.20131579200460692,raw
810,0.9617365113889095,17.12980247690151,0.018845385273230427,NaN,NaN,NaN,raw
810,0.9617365113889095,17.129802476901506,0.018786029581627815,NaN,NaN,NaN,raw
810,0.9617365113889096,17.12980247690151,0.018905307158223757,NaN,NaN,NaN,raw
810,0.9618803825565578,17.12253125,0.025641428643958818,NaN,NaN,NaN,raw
810,0.9619645797865815,17.131,0.016,7972.58162,0.9619645797865815,0.8954546825407306,raw
810,0.9621897505458037,17.118,0.016,6594.50792,0.9621897505458037,0.2747397067123529,raw
810,0.962439371378423,17.083,0.01,6415.81731,0.962439371378423,0.06575944124051603,raw
810,0.9624721632353612,17.094,0.013,7173.68837,0.9624721632353612,0.10854963213387236,raw
810,0.9625293647131343,17.1230625,0.02608044317355514,NaN,NaN,NaN,raw
810,0.9628486080146104,17.116,0.011,7284.58798,0.9628486080146104,0.31646363465915783,raw
810,0.9628621562296757,17.125,0.01,7189.68028,0.9628621562296757,0.3143291837113793,raw
550,0.9631809885640905,18.8065,0.03392270625996643,NaN,NaN,NaN,raw
810,0.9632031403190808,17.1235625,0.02648668259406449,NaN,NaN,NaN,raw
810,0.9636742149596103,17.107,0.011,6788.84326,0.9636742149596103,0.9469013885354798,raw
810,0.9638514923462935,17.16,0.016,5721.91385,0.9638514923462935,0.8460018989535456,raw
810,0.963871621406156,17.124906250000002,0.02639569781049994,NaN,NaN,NaN,raw
810,0.9644789827122509,17.12675,0.027846352630797284,NaN,NaN,NaN,raw
810,0.9646972634072881,17.138,0.014,6003.85608,0.9646972634072881,0.9042835964264668,raw
810,0.9650624908180703,17.126656250000003,0.027819243020939046,NaN,NaN,NaN,raw
810,0.9651769162483106,17.152,0.01,6516.63597,0.9651769162483106,0.7110987812957319,raw
810,0.9656123387285902,17.126406250000002,0.027581970940593514,NaN,NaN,NaN,raw
810,0.9657813219710079,17.085,0.017,6879.57993,0.9657813219710079,0.0274415656876954,raw
810,0.9658376146617229,17.111,0.01,6708.88514,0.9658376146617229,0.921062318739132,raw
810,0.9661582953025913,17.127750000000002,0.028248893783651086,NaN,NaN,NaN,raw
810,0.966664066568967,17.128125,0.028495330687109847,NaN,NaN,NaN,raw
810,0.9671916019942728,17.093,0.01,6335.86009,0.9671916019942728,0.041845419893434155,raw
810,0.9672042288360103,17.128687499999998,0.029251344055141505,NaN,NaN,NaN,raw
810,0.9677828640068924,17.128781250000003,0.02931006033935752,NaN,NaN,NaN,raw
810,0.9683896626018509,17.13128125,0.02868430432337743,NaN,NaN,NaN,raw
810,0.9689314087300431,17.131687499999998,0.02869914857678287,NaN,NaN,NaN,raw
810,0.969280299537786,17.162,0.012,6885.49115,0.969280299537786,0.6712025799060939,raw
810,0.9694703655727608,17.130625,0.02942212246461128,NaN,NaN,NaN,raw
810,0.9700359864749544,17.13296875,0.027615428571023393,NaN,NaN,NaN,raw
550,0.9703951877918371,18.791833333333333,0.010103629710818492,NaN,NaN,NaN,raw
810,0.9705995920442092,17.1318125,0.028462128204607005,NaN,NaN,NaN,raw
810,0.9707124408014352,17.137,0.01,6035.84172,0.9707124408014352,0.3197355753454758,raw
810,0.9711578069124016,17.132624999999997,0.028426191920423907,NaN,NaN,NaN,raw
810,0.971273584285882,17.154,0.013,5408.68624,0.971273584285882,0.8700842550933885,raw
810,0.9713432238349924,17.081,0.01,7451.80927,0.9713432238349924,0.9932253267070337,raw
810,0.9715601103380322,17.121,0.009,6401.91459,0.9715601103380322,0.3286376410724188,raw
810,0.9717172757455046,17.134531250000002,0.0270005786975019,NaN,NaN,NaN,raw
810,0.9719433723730617,17.152,0.015,6814.91968,0.9719433723730617,0.722870238685573,raw
810,0.9722805145637494,17.1360625,0.025998681728366547,NaN,NaN,NaN,raw
810,0.9728258760660538,17.152,0.016,5827.60174,0.9728258760660538,0.9063453233193286,raw
810,0.9728537842028118,17.137749999999997,0.02640381204149472,NaN,NaN,NaN,raw
810,0.9729593734446098,17.144,0.011,5833.51179,0.9729593734446098,0.5476037745484064,raw
810,0.9732723631022964,17.176,0.013,6840.64604,0.9732723631022964,0.750080798559793,raw
810,0.9734497834177773,17.138156249999998,0.02630112149577437,NaN,NaN,NaN,raw
810,0.9737313915902632,17.133,0.011,7134.75579,0.9737313915902632,0.8339908799753175,raw
810,0.9738657231500838,17.148,0.013,6018.8081,0.9738657231500838,0.8857979978220101,raw
810,0.9740412027391585,17.139656249999998,0.025831475392778913,NaN,NaN,NaN,raw
810,0.9743073489407834,17.162,0.01,6352.89728,0.9743073489407834,0.4834190229430533,raw
810,0.9743553286061797,17.152,0.013,5697.92984,0.9743553286061797,0.545578195788039,raw
550,0.9746702167394687,18.781,0.014,7136.842,0.9746702167394687,0.296274582065962,raw
810,0.9747135194310204,17.13809375,0.026072305631987047,NaN,NaN,NaN,raw
810,0.9753688469199915,17.1391875,0.02679243694439445,NaN,NaN,NaN,raw
810,0.9757128540077247,17.175,0.012,6524.63552,0.9757128540077247,0.821678056179735,raw
810,0.9760193994541169,17.139562499999997,0.02706019276091846,NaN,NaN,NaN,raw
810,0.9766544091148717,17.142406249999997,0.02589788803819163,NaN,NaN,NaN,raw
550,0.9769081651829765,18.802999999999997,0.02306512518934313,NaN,NaN,NaN,raw
550,0.9772346551144437,18.801,0.015,7214.71588,0.9772346551144437,0.8640436669429619,raw
810,0.9773075576711108,17.141875,0.026724098101803845,NaN,NaN,NaN,raw
810,0.977386418133392,17.148,0.012,7566.53497,0.977386418133392,0.38492669950210257,raw
810,0.9779874089396117,17.14278125,0.025475775178936934,NaN,NaN,NaN,raw
810,0.9785332702304004,17.163,0.011,7632.58835,0.9785332702304004,0.66932330482814,raw
810,0.9786585840290059,17.142968749999998,0.02564331564163986,NaN,NaN,NaN,raw
810,0.9786701618577354,17.139,0.013,6166.55986,0.9786701618577354,0.9183501393636107,raw
810,0.9786744765751791,17.095,0.012,5314.82405,0.9786744765751791,0.1042358124468592,raw
550,0.9788196236950171,18.827,0.015,7227.57938,0.9788196236950171,0.37833340855286224,raw
810,0.9793280062640974,17.143375,0.02564868103255359,NaN,NaN,NaN,raw
810,0.9797568955436873,17.148,0.01,7160.83143,0.9797568955436873,0.6082913547998032,raw
810,0.9799999580027361,17.094,0.012,6343.86043,0.9799999580027361,0.15411445953031944,raw
810,0.9800323669296631,17.1431875,0.025590368021657445,NaN,NaN,NaN,raw
810,0.9800526263279608,17.144,0.011,5664.90533,0.9800526263279608,0.9080427882654476,raw
550,0.9801139528572094,18.795333333333332,0.03484728588187912,NaN,NaN,NaN,raw
810,0.9803423740377184,17.144,0.011,7959.72506,0.9803423740377184,0.3960092034431,raw
810,0.9804958054191957,17.143,0.009,7110.77048,0.9804958054191957,0.5307865512695571,raw
810,0.9807617538597242,17.146,0.023385962152677117,NaN,NaN,NaN,raw
810,0.9811932364646054,17.17,0.012,6033.75948,0.9811932364646054,0.8659434758701536,raw
810,0.9815344605603968,17.1471875,0.023037749526066967,NaN,NaN,NaN,raw
810,0.9819341311085736,17.138,0.011,7809.88964,0.9819341311085736,0.906627663760446,raw
810,0.9822976587008725,17.14703125,0.02302100636095129,NaN,NaN,NaN,raw
810,0.9825996332438081,17.155,0.009,6360.89605,0.9825996332438081,0.5923299225050869,raw
550,0.9829518197172243,18.819,0.0574195088798229,NaN,NaN,NaN,raw
810,0.9830424509726754,17.1461875,0.02332579563349287,NaN,NaN,NaN,raw
810,0.9838100636093259,17.146437499999998,0.023344457793605118,NaN,NaN,NaN,raw
550,0.9842875797621673,18.758,0.012,7576.61914,0.9842875797621673,0.9543887575455301,raw
810,0.984580854754995,17.14484375,0.022999452132324603,NaN,NaN,NaN,raw
810,0.9853479873791002,17.14596875,0.02328017899138583,NaN,NaN,NaN,raw
810,0.9853656264858728,17.11,0.012,6563.57537,0.9853656264858728,0.1117869219469867,raw
810,0.9856677430543641,17.173,0.014,5350.63415,0.9856677430543641,0.6999886849916948,raw
550,0.9857482556944888,18.872,0.016,6832.65449,0.9857482556944888,0.6566130654737208,raw
810,0.9859945973403228,17.164,0.009,6508.64732,0.9859945973403228,0.6238339821102272,raw
810,0.9861016311151616,17.176,0.015,6500.65147,0.9861016311151616,0.5211687953051296,raw
810,0.9861215839904389,17.145812499999998,0.02328288517206315,NaN,NaN,NaN,raw
810,0.9867383684613742,17.094,0.011,6789.89422,0.9867383684613742,0.19484463468688773,raw
810,0.9868919571475772,17.145687499999998,0.023203778196247294,NaN,NaN,NaN,raw
810,0.9876630898750136,17.146124999999998,0.023457236313851368,NaN,NaN,NaN,raw
810,0.9883929019845255,17.145,0.02288399919932776,NaN,NaN,NaN,raw
810,0.9889468425863015,17.122,0.01,6389.75298,0.9889468425863015,0.31565040863461036,raw
810,0.9890849612088459,17.145343750000002,0.023012772575526346,NaN,NaN,NaN,raw
550,0.9898137174107736,18.826333333333334,0.06028543218169206,NaN,NaN,NaN,raw
810,0.9907579023983999,17.168,0.018,5644.74551,0.9907579023983999,0.7873424641929887,raw
810,0.992133952324366,17.15,0.011,6828.83259,0.992133952324366,0.48178786522112205,raw
810,0.9938131255839835,17.148,0.009,5685.76895,0.9938131255839835,0.5341310021121899,raw
810,0.994683605596947,17.171,0.01,7873.86117,0.994683605596947,0.7380663572766935,raw
550,0.9949716849490263,18.865,0.013892443989449265,NaN,NaN,NaN,raw
810,0.9962867247595568,17.159,0.013,6025.76884,0.9962867247595568,0.7744221806642599,raw
810,0.9963657128682826,17.147,0.013,7903.75942,0.9963657128682826,0.6887106816866435,raw
810,0.9966592287637468,17.125,0.01,6077.91606,0.9966592287637468,0.3143390228487988,raw
810,0.9975229778174253,17.152,0.015,7967.72692,0.9975229778174253,0.5115294360221014,raw
810,0.9979376797637087,17.125,0.009,6065.74885,0.9979376797637087,0.28937371115353017,raw
810,0.9982796355616301,17.169,0.01,7197.68848,0.9982796355616301,0.4434103131679876,raw
810,0.9986208147129219,17.143,0.011,7947.56376,0.9986208147129219,0.3836850432489882,raw
810,0.998959289969207,17.158,0.009,6375.85057,0.998959289969207,0.5791916807102098,raw
810,0.9990315758841462,17.166,0.011,5986.8333,0.9990315758841462,0.4935321580414893,raw
810,0.9990668415121036,17.139,0.011,6390.79944,0.9990668415121036,0.553968412521499,raw
550,0.9994053167756647,18.849,0.015,7252.61714,0.9994053167756647,0.9326680080685037,raw
810,0.9995323133116472,17.159,0.012,7549.8556,0.9995323133116472,0.7087095822698757,raw
550,0.9997614823769254,18.874,0.016,5769.55401,0.9997614823769254,0.7455755434984894,raw
810,0.03572433906136273,17.167029751323955,0.023507890059262633,NaN,NaN,NaN,bng
810,0.07120708600050193,17.18211024795194,0.013879735131502167,NaN,NaN,NaN,bng
810,0.09782282246519299,17.199549960919626,0.013239043877465547,NaN,NaN,NaN,bng
810,0.12253373733223451,17.20969012866944,0.013745652171616113,NaN,NaN,NaN,bng
810,0.14591352677217312,17.2250535639393,0.01703285508424535,NaN,NaN,NaN,bng
810,0.17072964555782502,17.230823444003907,0.012123925220890354,NaN,NaN,NaN,bng
810,0.19330252417952506,17.241701229363656,0.01479951052687469,NaN,NaN,NaN,bng
810,0.21547777171561486,17.24662081771556,0.01482773238387507,NaN,NaN,NaN,bng
810,0.24083948385783496,17.254046237561003,0.012956685188587847,NaN,NaN,NaN,bng
810,0.26547676739788884,17.266226474528146,0.015537937696772634,NaN,NaN,NaN,bng
810,0.2886399331051754,17.27367644091751,0.014836777120614845,NaN,NaN,NaN,bng
810,0.31076769712872454,17.27536706920358,0.01632131755904791,NaN,NaN,NaN,bng
810,0.33083092393706065,17.278233109653804,0.013447564291600834,NaN,NaN,NaN,bng
810,0.3518807717550083,17.27476399709749,0.015753520577948894,NaN,NaN,NaN,bng
810,0.3742684620324822,17.28302454490607,0.012883967987740034,NaN,NaN,NaN,bng
810,0.3981398630649105,17.282883404662954,0.01349388310467942,NaN,NaN,NaN,bng
810,0.4195737488651749,17.274239784295407,0.018566863165258737,NaN,NaN,NaN,bng
810,0.4411336465014536,17.271612471945495,0.022169310922009054,NaN,NaN,NaN,bng
810,0.46573654859435065,17.251188418513024,0.025206262088065697,NaN,NaN,NaN,bng
810,0.48938682343125983,17.234695749403976,0.029029878607109975,NaN,NaN,NaN,bng
810,0.5111663090745768,17.217381660343904,0.03147498979344235,NaN,NaN,NaN,bng
810,0.5337959318589454,17.20063002832987,0.03136886745138503,NaN,NaN,NaN,bng
810,0.5594331506167585,17.168768653476103,0.033161925704650735,NaN,NaN,NaN,bng
810,0.5879629701529034,17.15049975157104,0.0331712162996029,NaN,NaN,NaN,bng
810,0.6167707003120796,17.128775132968585,0.03367870539950513,NaN,NaN,NaN,bng
810,0.6420841654700378,17.10765175079067,0.03618026950197405,NaN,NaN,NaN,bng
810,0.6646640413500005,17.09695722242849,0.03679277815054666,NaN,NaN,NaN,bng
810,0.6850337397553385,17.094441189482918,0.037140260265322154,NaN,NaN,NaN,bng
810,0.707141012842244,17.0923291401365,0.02961871824405214,NaN,NaN,NaN,bng
810,0.7302445608654161,17.089819958717072,0.03369658471648681,NaN,NaN,NaN,bng
810,0.7504045430632625,17.088759964890603,0.029830305039978793,NaN,NaN,NaN,bng
810,0.7694757981170884,17.0942661776476,0.02646917242170214,NaN,NaN,NaN,bng
810,0.7899877595101246,17.10000896465609,0.02759870730929925,NaN,NaN,NaN,bng
810,0.8124276338096924,17.095960486861554,0.02524316694198006,NaN,NaN,NaN,bng
810,0.8375146514710117,17.10264401488441,0.020125514842029287,NaN,NaN,NaN,bng
810,0.8656441997903475,17.100844312932548,0.017375057406101162,NaN,NaN,NaN,bng
810,0.8924033209940224,17.106066225741575,0.016219513834509494,NaN,NaN,NaN,bng
810,0.9152200926813863,17.107897216336717,0.015464860227032041,NaN,NaN,NaN,bng
810,0.9351598708874098,17.111396871736844,0.020159197262982435,NaN,NaN,NaN,bng
810,0.9617365113889096,17.12980247690151,0.01872723122274844,NaN,NaN,NaN,bng
550,0.08743168540755265,18.92032754811326,0.03300543305762641,NaN,NaN,NaN,bng
550,0.1384288073470999,18.964945839874414,0.01107878492676242,NaN,NaN,NaN,bng
550,0.16471376301990961,18.983758566389522,0.022524359224615226,NaN,NaN,NaN,bng
550,0.18890729146510812,18.99426026706979,0.018157462185654873,NaN,NaN,NaN,bng
550,0.211720047635314,19.003537414965987,0.025009445089793417,NaN,NaN,NaN,bng
550,0.23432255896696494,19.006388221456675,0.018673720345293444,NaN,NaN,NaN,bng
550,0.25440539350400243,19.042511577708005,0.01838024599707144,NaN,NaN,NaN,bng
550,0.27354560289477703,19.02925968806326,0.024744819945666113,NaN,NaN,NaN,bng
550,0.29294543160854025,19.05953741496599,0.017042719089731272,NaN,NaN,NaN,bng
550,0.3085142957238055,19.068526140085662,0.010899001088810324,NaN,NaN,NaN,bng
550,0.32353922574978994,19.070370748299325,0.010298353484289301,NaN,NaN,NaN,bng
550,0.3369764864809062,19.04421636432351,0.019110557031100137,NaN,NaN,NaN,bng
550,0.3542695381698514,19.047534013605443,0.01854188873650907,NaN,NaN,NaN,bng
550,0.37341556922159835,19.057369236583526,0.008122538632153904,NaN,NaN,NaN,bng
550,0.39241710749199843,19.09558405285191,0.04214397106531042,NaN,NaN,NaN,bng
550,0.41202337951690265,19.054292210545185,0.024203829464867033,NaN,NaN,NaN,bng
550,0.4362867738042926,19.0391768707483,0.012606911601047236,NaN,NaN,NaN,bng
550,0.4544912151677791,19.027919375157474,0.03444072307364178,NaN,NaN,NaN,bng
550,0.470007234259761,19.006758503401358,0.047949611461512734,NaN,NaN,NaN,bng
550,0.49131553867487326,18.994144955133052,0.03832486977896698,NaN,NaN,NaN,bng
550,0.5198804835036154,18.8780306122449,0.05296037178792954,NaN,NaN,NaN,bng
550,0.5638603290562461,18.846675988914086,0.028145746720103882,NaN,NaN,NaN,bng
550,0.5983497913568402,18.777979461015175,0.050007755225694714,NaN,NaN,NaN,bng
550,0.6192493952311058,18.729914328836948,0.03839924404367044,NaN,NaN,NaN,bng
550,0.6331156318386952,18.756408163265306,0.05964531281012017,NaN,NaN,NaN,bng
550,0.6416674468325941,18.790846938775505,0.053857048594112174,NaN,NaN,NaN,bng
550,0.6537464182365826,18.74837427563618,0.026411845308363494,NaN,NaN,NaN,bng
550,0.6756156489873413,18.719597738240594,0.05833363190648544,NaN,NaN,NaN,bng
550,0.6914134238313298,18.759722149543578,0.0491233417457621,NaN,NaN,NaN,bng
550,0.7048536239386137,18.7142193877551,0.07301268273995333,NaN,NaN,NaN,bng
550,0.721260092460796,18.72500327538423,0.05549053755146995,NaN,NaN,NaN,bng
550,0.7376147047018872,18.70720643642072,0.0461193616740135,NaN,NaN,NaN,bng
550,0.7591273352301552,18.69637940190321,0.05078374074906713,NaN,NaN,NaN,bng
550,0.7863393451914223,18.728156462585034,0.0323778028430286,NaN,NaN,NaN,bng
550,0.8052132438762623,18.754139707734947,0.020157009531449895,NaN,NaN,NaN,bng
550,0.8209796600046201,18.7461443288854,0.02465442474384949,NaN,NaN,NaN,bng
550,0.8355429979469351,18.729728550109503,0.013640960817881836,NaN,NaN,NaN,bng
550,0.8533331272082232,18.710539115646256,0.04973037820466633,NaN,NaN,NaN,bng
550,0.8764339050870511,18.749586482741243,0.035802364136104804,NaN,NaN,NaN,bng
550,0.9147463957674911,18.764133830455258,0.016922023386053718,NaN,NaN,NaN,bng
35456,raw
810,0.963871621406156,17.124906250000002,0.02639569781049994,NaN,NaN,NaN,raw
810,0.9644789827122509,17.12675,0.027846352630797284,NaN,NaN,NaN,raw
810,0.9646972634072881,17.138,0.014,6003.85608,0.9646972634072881,0.9042835964264668,raw
810,0.9650624908180703,17.126656250000003,0.027819243020939046,NaN,NaN,NaN,raw
810,0.9651769162483106,17.152,0.01,6516.63597,0.9651769162483106,0.7110987812957319,raw
810,0.9656123387285902,17.126406250000002,0.027581970940593514,NaN,NaN,NaN,raw
810,0.9657813219710079,17.085,0.017,6879.57993,0.9657813219710079,0.0274415656876954,raw
810,0.9658376146617229,17.111,0.01,6708.88514,0.9658376146617229,0.921062318739132,raw
810,0.9661582953025913,17.127750000000002,0.028248893783651086,NaN,NaN,NaN,raw
810,0.966664066568967,17.128125,0.028495330687109847,NaN,NaN,NaN,raw
810,0.9671916019942728,17.093,0.01,6335.86009,0.9671916019942728,0.041845419893434155,raw
810,0.9672042288360103,17.128687499999998,0.029251344055141505,NaN,NaN,NaN,raw
810,0.9677828640068924,17.128781250000003,0.02931006033935752,NaN,NaN,NaN,raw
810,0.9683896626018509,17.13128125,0.02868430432337743,NaN,NaN,NaN,raw
810,0.9689314087300431,17.131687499999998,0.02869914857678287,NaN,NaN,NaN,raw
810,0.969280299537786,17.162,0.012,6885.49115,0.969280299537786,0.6712025799060939,raw
810,0.9694703655727608,17.130625,0.02942212246461128,NaN,NaN,NaN,raw
810,0.9700359864749544,17.13296875,0.027615428571023393,NaN,NaN,NaN,raw
550,0.9703951877918371,18.791833333333333,0.010103629710818492,NaN,NaN,NaN,raw
810,0.9705995920442092,17.1318125,0.028462128204607005,NaN,NaN,NaN,raw
810,0.9707124408014352,17.137,0.01,6035.84172,0.9707124408014352,0.3197355753454758,raw
810,0.9711578069124016,17.132624999999997,0.028426191920423907,NaN,NaN,NaN,raw
810,0.971273584285882,17.154,0.013,5408.68624,0.971273584285882,0.8700842550933885,raw
810,0.9713432238349924,17.081,0.01,7451.80927,0.9713432238349924,0.9932253267070337,raw
810,0.9715601103380322,17.121,0.009,6401.91459,0.9715601103380322,0.3286376410724188,raw
810,0.9717172757455046,17.134531250000002,0.0270005786975019,NaN,NaN,NaN,raw
810,0.9719433723730617,17.152,0.015,6814.91968,0.9719433723730617,0.722870238685573,raw
810,0.9722805145637494,17.1360625,0.025998681728366547,NaN,NaN,NaN,raw
810,0.9728258760660538,17.152,0.016,5827.60174,0.9728258760660538,0.9063453233193286,raw
810,0.9728537842028118,17.137749999999997,0.02640381204149472,NaN,NaN,NaN,raw
810,0.9729593734446098,17.144,0.011,5833.51179,0.9729593734446098,0.5476037745484064,raw
810,0.9732723631022964,17.176,0.013,6840.64604,0.9732723631022964,0.750080798559793,raw
810,0.9734497834177773,17.138156249999998,0.02630112149577437,NaN,NaN,NaN,raw
810,0.9737313915902632,17.133,0.011,7134.75579,0.9737313915902632,0.8339908799753175,raw
810,0.9738657231500838,17.148,0.013,6018.8081,0.9738657231500838,0.8857979978220101,raw
810,0.9740412027391585,17.139656249999998,0.025831475392778913,NaN,NaN,NaN,raw
810,0.9743073489407834,17.162,0.01,6352.89728,0.9743073489407834,0.4834190229430533,raw
810,0.9743553286061797,17.152,0.013,5697.92984,0.9743553286061797,0.545578195788039,raw
550,0.9746702167394687,18.781,0.014,7136.842,0.9746702167394687,0.296274582065962,raw
810,0.9747135194310204,17.13809375,0.026072305631987047,NaN,NaN,NaN,raw
810,0.9753688469199915,17.1391875,0.02679243694439445,NaN,NaN,NaN,raw
810,0.9757128540077247,17.175,0.012,6524.63552,0.9757128540077247,0.821678056179735,raw
810,0.9760193994541169,17.139562499999997,0.02706019276091846,NaN,NaN,NaN,raw
810,0.9766544091148717,17.142406249999997,0.02589788803819163,NaN,NaN,NaN,raw
550,0.9769081651829765,18.802999999999997,0.02306512518934313,NaN,NaN,NaN,raw
550,0.9772346551144437,18.801,0.015,7214.71588,0.9772346551144437,0.8640436669429619,raw
810,0.9773075576711108,17.141875,0.026724098101803845,NaN,NaN,NaN,raw
810,0.977386418133392,17.148,0.012,7566.53497,0.977386418133392,0.38492669950210257,raw
810,0.9779874089396117,17.14278125,0.025475775178936934,NaN,NaN,NaN,raw
810,0.9785332702304004,17.163,0.011,7632.58835,0.9785332702304004,0.66932330482814,raw
810,0.9786585840290059,17.142968749999998,0.02564331564163986,NaN,NaN,NaN,raw
810,0.9786701618577354,17.139,0.013,6166.55986,0.9786701618577354,0.9183501393636107,raw
810,0.9786744765751791,17.095,0.012,5314.82405,0.9786744765751791,0.1042358124468592,raw
550,0.9788196236950171,18.827,0.015,7227.57938,0.9788196236950171,0.37833340855286224,raw
810,0.9793280062640974,17.143375,0.02564868103255359,NaN,NaN,NaN,raw
810,0.9797568955436873,17.148,0.01,7160.83143,0.9797568955436873,0.6082913547998032,raw
810,0.9799999580027361,17.094,0.012,6343.86043,0.9799999580027361,0.15411445953031944,raw
810,0.9800323669296631,17.1431875,0.025590368021657445,NaN,NaN,NaN,raw
810,0.9800526263279608,17.144,0.011,5664.90533,0.9800526263279608,0.9080427882654476,raw
550,0.9801139528572094,18.795333333333332,0.03484728588187912,NaN,NaN,NaN,raw
810,0.9803423740377184,17.144,0.011,7959.72506,0.9803423740377184,0.3960092034431,raw
810,0.9804958054191957,17.143,0.009,7110.77048,0.9804958054191957,0.5307865512695571,raw
810,0.9807617538597242,17.146,0.023385962152677117,NaN,NaN,NaN,raw
810,0.9811932364646054,17.17,0.012,6033.75948,0.9811932364646054,0.8659434758701536,raw
810,0.9815344605603968,17.1471875,0.023037749526066967,NaN,NaN,NaN,raw
810,0.9819341311085736,17.138,0.011,7809.88964,0.9819341311085736,0.906627663760446,raw
810,0.9822976587008725,17.14703125,0.02302100636095129,NaN,NaN,NaN,raw
810,0.9825996332438081,17.155,0.009,6360.89605,0.9825996332438081,0.5923299225050869,raw
550,0.9829518197172243,18.819,0.0574195088798229,NaN,NaN,NaN,raw
810,0.9830424509726754,17.1461875,0.02332579563349287,NaN,NaN,NaN,raw
810,0.9838100636093259,17.146437499999998,0.023344457793605118,NaN,NaN,NaN,raw
550,0.9842875797621673,18.758,0.012,7576.61914,0.9842875797621673,0.9543887575455301,raw
810,0.984580854754995,17.14484375,0.022999452132324603,NaN,NaN,NaN,raw
810,0.9853479873791002,17.14596875,0.02328017899138583,NaN,NaN,NaN,raw
810,0.9853656264858728,17.11,0.012,6563.57537,0.9853656264858728,0.1117869219469867,raw
810,0.9856677430543641,17.173,0.014,5350.63415,0.9856677430543641,0.6999886849916948,raw
550,0.9857482556944888,18.872,0.016,6832.65449,0.9857482556944888,0.6566130654737208,raw
810,0.9859945973403228,17.164,0.009,6508.64732,0.9859945973403228,0.6238339821102272,raw
810,0.9861016311151616,17.176,0.015,6500.65147,0.9861016311151616,0.5211687953051296,raw
810,0.9861215839904389,17.145812499999998,0.02328288517206315,NaN,NaN,NaN,raw
810,0.9867383684613742,17.094,0.011,6789.89422,0.9867383684613742,0.19484463468688773,raw
810,0.9868919571475772,17.145687499999998,0.023203778196247294,NaN,NaN,NaN,raw
810,0.9876630898750136,17.146124999999998,0.023457236313851368,NaN,NaN,NaN,raw
810,0.9883929019845255,17.145,0.02288399919932776,NaN,NaN,NaN,raw
810,0.9889468425863015,17.122,0.01,6389.75298,0.9889468425863015,0.31565040863461036,raw
810,0.9890849612088459,17.145343750000002,0.023012772575526346,NaN,NaN,NaN,raw
550,0.9898137174107736,18.826333333333334,0.06028543218169206,NaN,NaN,NaN,raw
810,0.9907579023983999,17.168,0.018,5644.74551,0.9907579023983999,0.7873424641929887,raw
810,0.992133952324366,17.15,0.011,6828.83259,0.992133952324366,0.48178786522112205,raw
810,0.9938131255839835,17.148,0.009,5685.76895,0.9938131255839835,0.5341310021121899,raw
810,0.994683605596947,17.171,0.01,7873.86117,0.994683605596947,0.7380663572766935,raw
550,0.9949716849490263,18.865,0.013892443989449265,NaN,NaN,NaN,raw
810,0.9962867247595568,17.159,0.013,6025.76884,0.9962867247595568,0.7744221806642599,raw
810,0.9963657128682826,17.147,0.013,7903.75942,0.9963657128682826,0.6887106816866435,raw
810,0.9966592287637468,17.125,0.01,6077.91606,0.9966592287637468,0.3143390228487988,raw
810,0.9975229778174253,17.152,0.015,7967.72692,0.9975229778174253,0.5115294360221014,raw
810,0.9979376797637087,17.125,0.009,6065.74885,0.9979376797637087,0.28937371115353017,raw
810,0.9982796355616301,17.169,0.01,7197.68848,0.9982796355616301,0.4434103131679876,raw
810,0.9986208147129219,17.143,0.011,7947.56376,0.9986208147129219,0.3836850432489882,raw
810,0.998959289969207,17.158,0.009,6375.85057,0.998959289969207,0.5791916807102098,raw
810,0.9990315758841462,17.166,0.011,5986.8333,0.9990315758841462,0.4935321580414893,raw
810,0.9990668415121036,17.139,0.011,6390.79944,0.9990668415121036,0.553968412521499,raw
550,0.9994053167756647,18.849,0.015,7252.61714,0.9994053167756647,0.9326680080685037,raw
810,0.9995323133116472,17.159,0.012,7549.8556,0.9995323133116472,0.7087095822698757,raw
550,0.9997614823769254,18.874,0.016,5769.55401,0.9997614823769254,0.7455755434984894,raw
810,0.03572433906136273,17.167029751323955,0.023507890059262633,NaN,NaN,NaN,bng
810,0.07120708600050193,17.18211024795194,0.013879735131502167,NaN,NaN,NaN,bng
810,0.09782282246519299,17.199549960919626,0.013239043877465547,NaN,NaN,NaN,bng
810,0.12253373733223451,17.20969012866944,0.013745652171616113,NaN,NaN,NaN,bng
810,0.14591352677217312,17.2250535639393,0.01703285508424535,NaN,NaN,NaN,bng
810,0.17072964555782502,17.230823444003907,0.012123925220890354,NaN,NaN,NaN,bng
810,0.19330252417952506,17.241701229363656,0.01479951052687469,NaN,NaN,NaN,bng
810,0.21547777171561486,17.24662081771556,0.01482773238387507,NaN,NaN,NaN,bng
810,0.24083948385783496,17.254046237561003,0.012956685188587847,NaN,NaN,NaN,bng
810,0.26547676739788884,17.266226474528146,0.015537937696772634,NaN,NaN,NaN,bng
810,0.2886399331051754,17.27367644091751,0.014836777120614845,NaN,NaN,NaN,bng
810,0.31076769712872454,17.27536706920358,0.01632131755904791,NaN,NaN,NaN,bng
810,0.33083092393706065,17.278233109653804,0.013447564291600834,NaN,NaN,NaN,bng
810,0.3518807717550083,17.27476399709749,0.015753520577948894,NaN,NaN,NaN,bng
810,0.3742684620324822,17.28302454490607,0.012883967987740034,NaN,NaN,NaN,bng
810,0.3981398630649105,17.282883404662954,0.01349388310467942,NaN,NaN,NaN,bng
810,0.4195737488651749,17.274239784295407,0.018566863165258737,NaN,NaN,NaN,bng
810,0.4411336465014536,17.271612471945495,0.022169310922009054,NaN,NaN,NaN,bng
810,0.46573654859435065,17.251188418513024,0.025206262088065697,NaN,NaN,NaN,bng
810,0.48938682343125983,17.234695749403976,0.029029878607109975,NaN,NaN,NaN,bng
810,0.5111663090745768,17.217381660343904,0.03147498979344235,NaN,NaN,NaN,bng
810,0.5337959318589454,17.20063002832987,0.03136886745138503,NaN,NaN,NaN,bng
810,0.5594331506167585,17.168768653476103,0.033161925704650735,NaN,NaN,NaN,bng
810,0.5879629701529034,17.15049975157104,0.0331712162996029,NaN,NaN,NaN,bng
810,0.6167707003120796,17.128775132968585,0.03367870539950513,NaN,NaN,NaN,bng
810,0.6420841654700378,17.10765175079067,0.03618026950197405,NaN,NaN,NaN,bng
810,0.6646640413500005,17.09695722242849,0.03679277815054666,NaN,NaN,NaN,bng
810,0.6850337397553385,17.094441189482918,0.037140260265322154,NaN,NaN,NaN,bng
810,0.707141012842244,17.0923291401365,0.02961871824405214,NaN,NaN,NaN,bng
810,0.7302445608654161,17.089819958717072,0.03369658471648681,NaN,NaN,NaN,bng
810,0.7504045430632625,17.088759964890603,0.029830305039978793,NaN,NaN,NaN,bng
810,0.7694757981170884,17.0942661776476,0.02646917242170214,NaN,NaN,NaN,bng
810,0.7899877595101246,17.10000896465609,0.02759870730929925,NaN,NaN,NaN,bng
810,0.8124276338096924,17.095960486861554,0.02524316694198006,NaN,NaN,NaN,bng
810,0.8375146514710117,17.10264401488441,0.020125514842029287,NaN,NaN,NaN,bng
810,0.8656441997903475,17.100844312932548,0.017375057406101162,NaN,NaN,NaN,bng
810,0.8924033209940224,17.106066225741575,0.016219513834509494,NaN,NaN,NaN,bng
810,0.9152200926813863,17.107897216336717,0.015464860227032041,NaN,NaN,NaN,bng
810,0.9351598708874098,17.111396871736844,0.020159197262982435,NaN,NaN,NaN,bng
810,0.9617365113889096,17.12980247690151,0.01872723122274844,NaN,NaN,NaN,bng
550,0.08743168540755265,18.92032754811326,0.03300543305762641,NaN,NaN,NaN,bng
550,0.1384288073470999,18.964945839874414,0.01107878492676242,NaN,NaN,NaN,bng
550,0.16471376301990961,18.983758566389522,0.022524359224615226,NaN,NaN,NaN,bng
550,0.18890729146510812,18.99426026706979,0.018157462185654873,NaN,NaN,NaN,bng
550,0.211720047635314,19.003537414965987,0.025009445089793417,NaN,NaN,NaN,bng
550,0.23432255896696494,19.006388221456675,0.018673720345293444,NaN,NaN,NaN,bng
550,0.25440539350400243,19.042511577708005,0.01838024599707144,NaN,NaN,NaN,bng
550,0.27354560289477703,19.02925968806326,0.024744819945666113,NaN,NaN,NaN,bng
550,0.29294543160854025,19.05953741496599,0.017042719089731272,NaN,NaN,NaN,bng
550,0.3085142957238055,19.068526140085662,0.010899001088810324,NaN,NaN,NaN,bng
550,0.32353922574978994,19.070370748299325,0.010298353484289301,NaN,NaN,NaN,bng
550,0.3369764864809062,19.04421636432351,0.019110557031100137,NaN,NaN,NaN,bng
550,0.3542695381698514,19.047534013605443,0.01854188873650907,NaN,NaN,NaN,bng
550,0.37341556922159835,19.057369236583526,0.008122538632153904,NaN,NaN,NaN,bng
550,0.39241710749199843,19.09558405285191,0.04214397106531042,NaN,NaN,NaN,bng
550,0.41202337951690265,19.054292210545185,0.024203829464867033,NaN,NaN,NaN,bng
550,0.4362867738042926,19.0391768707483,0.012606911601047236,NaN,NaN,NaN,bng
550,0.4544912151677791,19.027919375157474,0.03444072307364178,NaN,NaN,NaN,bng
550,0.470007234259761,19.006758503401358,0.047949611461512734,NaN,NaN,NaN,bng
550,0.49131553867487326,18.994144955133052,0.03832486977896698,NaN,NaN,NaN,bng
550,0.5198804835036154,18.8780306122449,0.05296037178792954,NaN,NaN,NaN,bng
550,0.5638603290562461,18.846675988914086,0.028145746720103882,NaN,NaN,NaN,bng
550,0.5983497913568402,18.777979461015175,0.050007755225694714,NaN,NaN,NaN,bng
550,0.6192493952311058,18.729914328836948,0.03839924404367044,NaN,NaN,NaN,bng
550,0.6331156318386952,18.756408163265306,0.05964531281012017,NaN,NaN,NaN,bng
550,0.6416674468325941,18.790846938775505,0.053857048594112174,NaN,NaN,NaN,bng
550,0.6537464182365826,18.74837427563618,0.026411845308363494,NaN,NaN,NaN,bng
550,0.6756156489873413,18.719597738240594,0.05833363190648544,NaN,NaN,NaN,bng
550,0.6914134238313298,18.759722149543578,0.0491233417457621,NaN,NaN,NaN,bng
550,0.7048536239386137,18.7142193877551,0.07301268273995333,NaN,NaN,NaN,bng
550,0.721260092460796,18.72500327538423,0.05549053755146995,NaN,NaN,NaN,bng
550,0.7376147047018872,18.70720643642072,0.0461193616740135,NaN,NaN,NaN,bng
550,0.7591273352301552,18.69637940190321,0.05078374074906713,NaN,NaN,NaN,bng
550,0.7863393451914223,18.728156462585034,0.0323778028430286,NaN,NaN,NaN,bng
550,0.8052132438762623,18.754139707734947,0.020157009531449895,NaN,NaN,NaN,bng
550,0.8209796600046201,18.7461443288854,0.02465442474384949,NaN,NaN,NaN,bng
550,0.8355429979469351,18.729728550109503,0.013640960817881836,NaN,NaN,NaN,bng
550,0.8533331272082232,18.710539115646256,0.04973037820466633,NaN,NaN,NaN,bng
550,0.8764339050870511,18.749586482741243,0.035802364136104804,NaN,NaN,NaN,bng
550,0.9147463957674911,18.764133830455258,0.016922023386053718,NaN,NaN,NaN,bng
